# Menlo Systems GmbH ScanControl
# Program Version 1.14.3
# Start: -733.80000000 ps, Average over 3000 waveforms. Timestamp: 2025-11-05T15:52:25
# Window type: Tukey, parameters: alpha = 0.1
# User time axis shift: 0 ps
# Time axis offset: 0 ps
# Time [ps]	THz Signal [a.u.]
-733.80000000	0.00000000
-733.76700680	0.00000047
-733.73401361	0.00000155
-733.70102041	0.00000293
-733.66802721	0.00000389
-733.63503401	0.00000423
-733.60204082	0.00000420
-733.56904762	-0.00000117
-733.53605442	-0.00000529
-733.50306122	-0.00001078
-733.47006803	-0.00002148
-733.43707483	-0.00003319
-733.40408163	-0.00004544
-733.37108844	-0.00005713
-733.33809524	-0.00007116
-733.30510204	-0.00008549
-733.27210884	-0.00009417
-733.23911565	-0.00010085
-733.20612245	-0.00011458
-733.17312925	-0.00011430
-733.14013605	-0.00009608
-733.10714286	-0.00007254
-733.07414966	-0.00006628
-733.04115646	-0.00001683
-733.00816327	0.00003201
-732.97517007	0.00009151
-732.94217687	0.00015176
-732.90918367	0.00024764
-732.87619048	0.00032086
-732.84319728	0.00045161
-732.81020408	0.00055362
-732.77721088	0.00066521
-732.74421769	0.00075427
-732.71122449	0.00086189
-732.67823129	0.00099006
-732.64523810	0.00109839
-732.61224490	0.00119178
-732.57925170	0.00127699
-732.54625850	0.00133217
-732.51326531	0.00139152
-732.48027211	0.00146387
-732.44727891	0.00149375
-732.41428571	0.00147622
-732.38129252	0.00150774
-732.34829932	0.00154206
-732.31530612	0.00159516
-732.28231293	0.00155168
-732.24931973	0.00149333
-732.21632653	0.00152405
-732.18333333	0.00149623
-732.15034014	0.00148843
-732.11734694	0.00146021
-732.08435374	0.00141099
-732.05136054	0.00138708
-732.01836735	0.00139829
-731.98537415	0.00137833
-731.95238095	0.00134528
-731.91938776	0.00135673
-731.88639456	0.00133533
-731.85340136	0.00135707
-731.82040816	0.00132434
-731.78741497	0.00132580
-731.75442177	0.00129257
-731.72142857	0.00130610
-731.68843537	0.00131032
-731.65544218	0.00131360
-731.62244898	0.00133628
-731.58945578	0.00135952
-731.55646259	0.00135346
-731.52346939	0.00136016
-731.49047619	0.00140001
-731.45748299	0.00141465
-731.42448980	0.00138748
-731.39149660	0.00139565
-731.35850340	0.00142516
-731.32551020	0.00138736
-731.29251701	0.00142413
-731.25952381	0.00144663
-731.22653061	0.00136864
-731.19353741	0.00135219
-731.16054422	0.00136380
-731.12755102	0.00132902
-731.09455782	0.00131163
-731.06156463	0.00128544
-731.02857143	0.00128714
-730.99557823	0.00126904
-730.96258503	0.00129697
-730.92959184	0.00130569
-730.89659864	0.00131739
-730.86360544	0.00127229
-730.83061224	0.00125526
-730.79761905	0.00130654
-730.76462585	0.00134628
-730.73163265	0.00132589
-730.69863946	0.00136458
-730.66564626	0.00132697
-730.63265306	0.00134775
-730.59965986	0.00138187
-730.56666667	0.00137885
-730.53367347	0.00137199
-730.50068027	0.00142522
-730.46768707	0.00141089
-730.43469388	0.00144361
-730.40170068	0.00147612
-730.36870748	0.00148216
-730.33571429	0.00151338
-730.30272109	0.00148555
-730.26972789	0.00150627
-730.23673469	0.00152909
-730.20374150	0.00157170
-730.17074830	0.00159650
-730.13775510	0.00161371
-730.10476190	0.00166785
-730.07176871	0.00170432
-730.03877551	0.00176427
-730.00578231	0.00178148
-729.97278912	0.00182441
-729.93979592	0.00184409
-729.90680272	0.00186548
-729.87380952	0.00190629
-729.84081633	0.00198198
-729.80782313	0.00203314
-729.77482993	0.00211071
-729.74183673	0.00215124
-729.70884354	0.00213307
-729.67585034	0.00216690
-729.64285714	0.00217746
-729.60986395	0.00222591
-729.57687075	0.00223743
-729.54387755	0.00223175
-729.51088435	0.00216029
-729.47789116	0.00207201
-729.44489796	0.00202651
-729.41190476	0.00194693
-729.37891156	0.00178959
-729.34591837	0.00164815
-729.31292517	0.00143506
-729.27993197	0.00122334
-729.24693878	0.00102694
-729.21394558	0.00072428
-729.18095238	0.00047111
-729.14795918	0.00025425
-729.11496599	-0.00006924
-729.08197279	-0.00034882
-729.04897959	-0.00055098
-729.01598639	-0.00072715
-728.98299320	-0.00088604
-728.95000000	-0.00102975
-728.91700680	-0.00113273
-728.88401361	-0.00115984
-728.85102041	-0.00108023
-728.81802721	-0.00103043
-728.78503401	-0.00099543
-728.75204082	-0.00078608
-728.71904762	-0.00063448
-728.68605442	-0.00040523
-728.65306122	-0.00023285
-728.62006803	0.00003074
-728.58707483	0.00033119
-728.55408163	0.00058162
-728.52108844	0.00081887
-728.48809524	0.00107823
-728.45510204	0.00136401
-728.42210884	0.00154346
-728.38911565	0.00171045
-728.35612245	0.00183551
-728.32312925	0.00199827
-728.29013605	0.00217279
-728.25714286	0.00226534
-728.22414966	0.00225311
-728.19115646	0.00233254
-728.15816327	0.00238201
-728.12517007	0.00230312
-728.09217687	0.00231298
-728.05918367	0.00223332
-728.02619048	0.00215257
-727.99319728	0.00213724
-727.96020408	0.00204024
-727.92721088	0.00198936
-727.89421769	0.00184480
-727.86122449	0.00176927
-727.82823129	0.00168833
-727.79523810	0.00166860
-727.76224490	0.00152548
-727.72925170	0.00147534
-727.69625850	0.00138918
-727.66326531	0.00134202
-727.63027211	0.00128733
-727.59727891	0.00129704
-727.56428571	0.00130733
-727.53129252	0.00126700
-727.49829932	0.00130375
-727.46530612	0.00132700
-727.43231293	0.00138591
-727.39931973	0.00143608
-727.36632653	0.00146924
-727.33333333	0.00154755
-727.30034014	0.00172671
-727.26734694	0.00172169
-727.23435374	0.00177893
-727.20136054	0.00186579
-727.16836735	0.00189945
-727.13537415	0.00199814
-727.10238095	0.00208617
-727.06938776	0.00208142
-727.03639456	0.00211440
-727.00340136	0.00220269
-726.97040816	0.00218772
-726.93741497	0.00218141
-726.90442177	0.00226842
-726.87142857	0.00228974
-726.83843537	0.00226310
-726.80544218	0.00227858
-726.77244898	0.00233771
-726.73945578	0.00230242
-726.70646259	0.00227938
-726.67346939	0.00230286
-726.64047619	0.00230666
-726.60748299	0.00230541
-726.57448980	0.00228270
-726.54149660	0.00219096
-726.50850340	0.00218559
-726.47551020	0.00208757
-726.44251701	0.00208170
-726.40952381	0.00193370
-726.37653061	0.00186176
-726.34353741	0.00172157
-726.31054422	0.00156555
-726.27755102	0.00146304
-726.24455782	0.00119695
-726.21156463	0.00094219
-726.17857143	0.00077376
-726.14557823	0.00046668
-726.11258503	0.00023172
-726.07959184	-0.00005889
-726.04659864	-0.00041508
-726.01360544	-0.00071200
-725.98061224	-0.00106931
-725.94761905	-0.00143511
-725.91462585	-0.00175164
-725.88163265	-0.00204224
-725.84863946	-0.00237006
-725.81564626	-0.00254794
-725.78265306	-0.00272422
-725.74965986	-0.00290143
-725.71666667	-0.00297282
-725.68367347	-0.00292021
-725.65068027	-0.00290894
-725.61768707	-0.00284036
-725.58469388	-0.00263020
-725.55170068	-0.00249024
-725.51870748	-0.00222828
-725.48571429	-0.00195536
-725.45272109	-0.00168343
-725.41972789	-0.00134373
-725.38673469	-0.00102553
-725.35374150	-0.00073274
-725.32074830	-0.00048954
-725.28775510	-0.00016753
-725.25476190	0.00001642
-725.22176871	0.00023793
-725.18877551	0.00042863
-725.15578231	0.00054806
-725.12278912	0.00060865
-725.08979592	0.00066603
-725.05680272	0.00066036
-725.02380952	0.00061174
-724.99081633	0.00045795
-724.95782313	0.00026806
-724.92482993	0.00005814
-724.89183673	-0.00022636
-724.85884354	-0.00055540
-724.82585034	-0.00096931
-724.79285714	-0.00140914
-724.75986395	-0.00188771
-724.72687075	-0.00234218
-724.69387755	-0.00295260
-724.66088435	-0.00358843
-724.62789116	-0.00423908
-724.59489796	-0.00493484
-724.56190476	-0.00568894
-724.52891156	-0.00647583
-724.49591837	-0.00721018
-724.46292517	-0.00803540
-724.42993197	-0.00896812
-724.39693878	-0.00976218
-724.36394558	-0.01058387
-724.33095238	-0.01139226
-724.29795918	-0.01221852
-724.26496599	-0.01282943
-724.23197279	-0.01343930
-724.19897959	-0.01396898
-724.16598639	-0.01427806
-724.13299320	-0.01448816
-724.10000000	-0.01459284
-724.06700680	-0.01445102
-724.03401361	-0.01412455
-724.00102041	-0.01375471
-723.96802721	-0.01313489
-723.93503401	-0.01249743
-723.90204082	-0.01158823
-723.86904762	-0.01072997
-723.83605442	-0.00971444
-723.80306122	-0.00868935
-723.77006803	-0.00759145
-723.73707483	-0.00658901
-723.70408163	-0.00552298
-723.67108844	-0.00452781
-723.63809524	-0.00363048
-723.60510204	-0.00272112
-723.57210884	-0.00193040
-723.53911565	-0.00127505
-723.50612245	-0.00065031
-723.47312925	-0.00010105
-723.44013605	0.00032055
-723.40714286	0.00067648
-723.37414966	0.00100637
-723.34115646	0.00125808
-723.30816327	0.00152380
-723.27517007	0.00171949
-723.24217687	0.00197842
-723.20918367	0.00226035
-723.17619048	0.00257888
-723.14319728	0.00304311
-723.11020408	0.00344779
-723.07721088	0.00414738
-723.04421769	0.00476927
-723.01122449	0.00568937
-722.97823129	0.00674469
-722.94523810	0.00794814
-722.91224490	0.00944953
-722.87925170	0.01099904
-722.84625850	0.01303759
-722.81326531	0.01524744
-722.78027211	0.01772014
-722.74727891	0.02060691
-722.71428571	0.02380122
-722.68129252	0.02735821
-722.64829932	0.03129952
-722.61530612	0.03567501
-722.58231293	0.04046055
-722.54931973	0.04565692
-722.51632653	0.05135018
-722.48333333	0.05740224
-722.45034014	0.06394719
-722.41734694	0.07094629
-722.38435374	0.07842761
-722.35136054	0.08638589
-722.31836735	0.09483364
-722.28537415	0.10387615
-722.25238095	0.11336930
-722.21938776	0.12357888
-722.18639456	0.13438213
-722.15340136	0.14597038
-722.12040816	0.15824770
-722.08741497	0.17138442
-722.05442177	0.18524545
-722.02142857	0.19991117
-721.98843537	0.21537067
-721.95544218	0.23142619
-721.92244898	0.24807249
-721.88945578	0.26501944
-721.85646259	0.28180654
-721.82346939	0.29847287
-721.79047619	0.31436912
-721.75748299	0.32904791
-721.72448980	0.34211128
-721.69149660	0.35283809
-721.65850340	0.36075442
-721.62551020	0.36526412
-721.59251701	0.36580070
-721.55952381	0.36187265
-721.52653061	0.35299334
-721.49353741	0.33876393
-721.46054422	0.31889396
-721.42755102	0.29309639
-721.39455782	0.26121337
-721.36156463	0.22311402
-721.32857143	0.17865861
-721.29557823	0.12789239
-721.26258503	0.07050548
-721.22959184	0.00665833
-721.19659864	-0.06372742
-721.16360544	-0.14056369
-721.13061224	-0.22373232
-721.09761905	-0.31279134
-721.06462585	-0.40720433
-721.03163265	-0.50610851
-720.99863946	-0.60825976
-720.96564626	-0.71190932
-720.93265306	-0.81487390
-720.89965986	-0.91476108
-720.86666667	-1.00879103
-720.83367347	-1.09387681
-720.80068027	-1.16708620
-720.76768707	-1.22555949
-720.73469388	-1.26667855
-720.70170068	-1.28833400
-720.66870748	-1.28886354
-720.63571429	-1.26755579
-720.60272109	-1.22405375
-720.56972789	-1.15918323
-720.53673469	-1.07397234
-720.50374150	-0.97034295
-720.47074830	-0.85071449
-720.43775510	-0.71791870
-720.40476190	-0.57528873
-720.37176871	-0.42628743
-720.33877551	-0.27422200
-720.30578231	-0.12276239
-720.27278912	0.02466930
-720.23979592	0.16518070
-720.20680272	0.29592357
-720.17380952	0.41473500
-720.14081633	0.51952847
-720.10782313	0.60912353
-720.07482993	0.68261865
-720.04183673	0.73981842
-720.00884354	0.78091398
-719.97585034	0.80650825
-719.94285714	0.81783472
-719.90986395	0.81609038
-719.87687075	0.80301839
-719.84387755	0.78010832
-719.81088435	0.74906412
-719.77789116	0.71153188
-719.74489796	0.66912712
-719.71190476	0.62321594
-719.67891156	0.57499214
-719.64591837	0.52564590
-719.61292517	0.47621683
-719.57993197	0.42737092
-719.54693878	0.37993517
-719.51394558	0.33453154
-719.48095238	0.29166643
-719.44795918	0.25204928
-719.41496599	0.21587857
-719.38197279	0.18389304
-719.34897959	0.15639042
-719.31598639	0.13378754
-719.28299320	0.11615901
-719.25000000	0.10364993
-719.21700680	0.09602208
-719.18401361	0.09285220
-719.15102041	0.09354764
-719.11802721	0.09744611
-719.08503401	0.10334862
-719.05204082	0.11047232
-719.01904762	0.11753261
-718.98605442	0.12345454
-718.95306122	0.12741641
-718.92006803	0.12839362
-718.88707483	0.12583876
-718.85408163	0.11933471
-718.82108844	0.10881065
-718.78809524	0.09443509
-718.75510204	0.07644973
-718.72210884	0.05573820
-718.68911565	0.03288811
-718.65612245	0.00870441
-718.62312925	-0.01600312
-718.59013605	-0.04031838
-718.55714286	-0.06377790
-718.52414966	-0.08548266
-718.49115646	-0.10492403
-718.45816327	-0.12176671
-718.42517007	-0.13542883
-718.39217687	-0.14593335
-718.35918367	-0.15312613
-718.32619048	-0.15706429
-718.29319728	-0.15803956
-718.26020408	-0.15621229
-718.22721088	-0.15209819
-718.19421769	-0.14608694
-718.16122449	-0.13841163
-718.12823129	-0.12983982
-718.09523810	-0.12051798
-718.06224490	-0.11099792
-718.02925170	-0.10154576
-717.99625850	-0.09256541
-717.96326531	-0.08409977
-717.93027211	-0.07654890
-717.89727891	-0.06985312
-717.86428571	-0.06420511
-717.83129252	-0.05937411
-717.79829932	-0.05534005
-717.76530612	-0.05221413
-717.73231293	-0.04950942
-717.69931973	-0.04720820
-717.66632653	-0.04503399
-717.63333333	-0.04269814
-717.60034014	-0.03975839
-717.56734694	-0.03617094
-717.53435374	-0.03136717
-717.50136054	-0.02535499
-717.46836735	-0.01789690
-717.43537415	-0.00891685
-717.40238095	0.00140336
-717.36938776	0.01298599
-717.33639456	0.02548302
-717.30340136	0.03853769
-717.27040816	0.05161239
-717.23741497	0.06423901
-717.20442177	0.07562498
-717.17142857	0.08525214
-717.13843537	0.09258254
-717.10544218	0.09705174
-717.07244898	0.09838053
-717.03945578	0.09648896
-717.00646259	0.09136264
-716.97346939	0.08338333
-716.94047619	0.07279184
-716.90748299	0.06025371
-716.87448980	0.04653762
-716.84149660	0.03194935
-716.80850340	0.01738976
-716.77551020	0.00341486
-716.74251701	-0.00960804
-716.70952381	-0.02113201
-716.67653061	-0.03111574
-716.64353741	-0.03927471
-716.61054422	-0.04580041
-716.57755102	-0.05075958
-716.54455782	-0.05438690
-716.51156463	-0.05689960
-716.47857143	-0.05859826
-716.44557823	-0.05960902
-716.41258503	-0.06033852
-716.37959184	-0.06070234
-716.34659864	-0.06105356
-716.31360544	-0.06127979
-716.28061224	-0.06153201
-716.24761905	-0.06183606
-716.21462585	-0.06194337
-716.18163265	-0.06192912
-716.14863946	-0.06149393
-716.11564626	-0.06051827
-716.08265306	-0.05885131
-716.04965986	-0.05625141
-716.01666667	-0.05276409
-715.98367347	-0.04814874
-715.95068027	-0.04250754
-715.91768707	-0.03585094
-715.88469388	-0.02847627
-715.85170068	-0.02029077
-715.81870748	-0.01182057
-715.78571429	-0.00314941
-715.75272109	0.00532351
-715.71972789	0.01340166
-715.68673469	0.02090865
-715.65374150	0.02767061
-715.62074830	0.03339512
-715.58775510	0.03821872
-715.55476190	0.04201003
-715.52176871	0.04454307
-715.48877551	0.04602430
-715.45578231	0.04623088
-715.42278912	0.04531072
-715.38979592	0.04321864
-715.35680272	0.04005847
-715.32380952	0.03602368
-715.29081633	0.03119979
-715.25782313	0.02588961
-715.22482993	0.02024942
-715.19183673	0.01420786
-715.15884354	0.00817608
-715.12585034	0.00195276
-715.09285714	-0.00426040
-715.05986395	-0.01054391
-715.02687075	-0.01682920
-714.99387755	-0.02288662
-714.96088435	-0.02894646
-714.92789116	-0.03463729
-714.89489796	-0.04012246
-714.86190476	-0.04510160
-714.82891156	-0.04949628
-714.79591837	-0.05303264
-714.76292517	-0.05573735
-714.72993197	-0.05722983
-714.69693878	-0.05754161
-714.66394558	-0.05650250
-714.63095238	-0.05417763
-714.59795918	-0.05040729
-714.56496599	-0.04544029
-714.53197279	-0.03925679
-714.49897959	-0.03218631
-714.46598639	-0.02420867
-714.43299320	-0.01592349
-714.40000000	-0.00733518
-714.36700680	0.00115517
-714.33401361	0.00926782
-714.30102041	0.01682614
-714.26802721	0.02358187
-714.23503401	0.02932308
-714.20204082	0.03404928
-714.16904762	0.03777225
-714.13605442	0.04032689
-714.10306122	0.04205212
-714.07006803	0.04289562
-714.03707483	0.04295073
-714.00408163	0.04247744
-713.97108844	0.04137515
-713.93809524	0.03996822
-713.90510204	0.03820956
-713.87210884	0.03621278
-713.83911565	0.03414395
-713.80612245	0.03214976
-713.77312925	0.03025051
-713.74013605	0.02867855
-713.70714286	0.02733542
-713.67414966	0.02642002
-713.64115646	0.02557541
-713.60816327	0.02493972
-713.57517007	0.02435042
-713.54217687	0.02356702
-713.50918367	0.02265325
-713.47619048	0.02128849
-713.44319728	0.01952198
-713.41020408	0.01712903
-713.37721088	0.01407173
-713.34421769	0.01038768
-713.31122449	0.00589506
-713.27823129	0.00077044
-713.24523810	-0.00490894
-713.21224490	-0.01093715
-713.17925170	-0.01712249
-713.14625850	-0.02328232
-713.11326531	-0.02924163
-713.08027211	-0.03471838
-713.04727891	-0.03958815
-713.01428571	-0.04387437
-712.98129252	-0.04721681
-712.94829932	-0.04978454
-712.91530612	-0.05136587
-712.88231293	-0.05213370
-712.84931973	-0.05197898
-712.81632653	-0.05115849
-712.78333333	-0.04953310
-712.75034014	-0.04720656
-712.71734694	-0.04430238
-712.68435374	-0.04076726
-712.65136054	-0.03673784
-712.61836735	-0.03224813
-712.58537415	-0.02736240
-712.55238095	-0.02213480
-712.51938776	-0.01665872
-712.48639456	-0.01106110
-712.45340136	-0.00539879
-712.42040816	0.00022300
-712.38741497	0.00556041
-712.35442177	0.01050849
-712.32142857	0.01513528
-712.28843537	0.01913419
-712.25544218	0.02261644
-712.22244898	0.02562223
-712.18945578	0.02805184
-712.15646259	0.02997223
-712.12346939	0.03169838
-712.09047619	0.03292809
-712.05748299	0.03414341
-712.02448980	0.03518386
-711.99149660	0.03625294
-711.95850340	0.03741740
-711.92551020	0.03883102
-711.89251701	0.04040187
-711.85952381	0.04244033
-711.82653061	0.04466280
-711.79353741	0.04732478
-711.76054422	0.05024589
-711.72755102	0.05345625
-711.69455782	0.05671953
-711.66156463	0.05998967
-711.62857143	0.06282619
-711.59557823	0.06511081
-711.56258503	0.06646751
-711.52959184	0.06647812
-711.49659864	0.06500643
-711.46360544	0.06179942
-711.43061224	0.05681349
-711.39761905	0.04994314
-711.36462585	0.04152763
-711.33163265	0.03160767
-711.29863946	0.02053421
-711.26564626	0.00867418
-711.23265306	-0.00360442
-711.19965986	-0.01599189
-711.16666667	-0.02804221
-711.13367347	-0.03961289
-711.10068027	-0.05017468
-711.06768707	-0.05972737
-711.03469388	-0.06791235
-711.00170068	-0.07465498
-710.96870748	-0.07994292
-710.93571429	-0.08358619
-710.90272109	-0.08569757
-710.86972789	-0.08623941
-710.83673469	-0.08518647
-710.80374150	-0.08270287
-710.77074830	-0.07910071
-710.73775510	-0.07430553
-710.70476190	-0.06879487
-710.67176871	-0.06269108
-710.63877551	-0.05614141
-710.60578231	-0.04963532
-710.57278912	-0.04290342
-710.53979592	-0.03648447
-710.50680272	-0.03021817
-710.47380952	-0.02416178
-710.44081633	-0.01850745
-710.40782313	-0.01316144
-710.37482993	-0.00826491
-710.34183673	-0.00363591
-710.30884354	0.00048775
-710.27585034	0.00429313
-710.24285714	0.00760036
-710.20986395	0.01072350
-710.17687075	0.01346426
-710.14387755	0.01606286
-710.11088435	0.01837345
-710.07789116	0.02062503
-710.04489796	0.02256926
-710.01190476	0.02431405
-709.97891156	0.02590921
-709.94591837	0.02704334
-709.91292517	0.02809131
-709.87993197	0.02865278
-709.84693878	0.02902514
-709.81394558	0.02895672
-709.78095238	0.02857781
-709.74795918	0.02783067
-709.71496599	0.02663813
-709.68197279	0.02516300
-709.64897959	0.02313177
-709.61598639	0.02081955
-709.58299320	0.01808428
-709.55000000	0.01493936
-709.51700680	0.01158096
-709.48401361	0.00786381
-709.45102041	0.00386852
-709.41802721	-0.00032269
-709.38503401	-0.00460141
-709.35204082	-0.00905002
-709.31904762	-0.01348104
-709.28605442	-0.01796662
-709.25306122	-0.02217770
-709.22006803	-0.02608286
-709.18707483	-0.02964191
-709.15408163	-0.03245367
-709.12108844	-0.03451692
-709.08809524	-0.03565664
-709.05510204	-0.03573332
-709.02210884	-0.03464895
-708.98911565	-0.03226448
-708.95612245	-0.02867181
-708.92312925	-0.02365471
-708.89013605	-0.01760461
-708.85714286	-0.01026338
-708.82414966	-0.00222771
-708.79115646	0.00646622
-708.75816327	0.01542303
-708.72517007	0.02422529
-708.69217687	0.03242060
-708.65918367	0.03983096
-708.62619048	0.04590905
-708.59319728	0.05057997
-708.56020408	0.05338802
-708.52721088	0.05443673
-708.49421769	0.05371257
-708.46122449	0.05099465
-708.42823129	0.04704540
-708.39523810	0.04172811
-708.36224490	0.03567269
-708.32925170	0.02928814
-708.29625850	0.02290467
-708.26326531	0.01707023
-708.23027211	0.01198076
-708.19727891	0.00802757
-708.16428571	0.00542329
-708.13129252	0.00413111
-708.09829932	0.00415750
-708.06530612	0.00556555
-708.03231293	0.00791662
-707.99931973	0.01108430
-707.96632653	0.01464334
-707.93333333	0.01833752
-707.90034014	0.02173342
-707.86734694	0.02461064
-707.83435374	0.02661704
-707.80136054	0.02763851
-707.76836735	0.02765665
-707.73537415	0.02642202
-707.70238095	0.02417494
-707.66938776	0.02083004
-707.63639456	0.01668914
-707.60340136	0.01181015
-707.57040816	0.00652623
-707.53741497	0.00091175
-707.50442177	-0.00476082
-707.47142857	-0.01027480
-707.43843537	-0.01549015
-707.40544218	-0.02030208
-707.37244898	-0.02471393
-707.33945578	-0.02840924
-707.30646259	-0.03145534
-707.27346939	-0.03387328
-707.24047619	-0.03545866
-707.20748299	-0.03635637
-707.17448980	-0.03649435
-707.14149660	-0.03575516
-707.10850340	-0.03434707
-707.07551020	-0.03219242
-707.04251701	-0.02947172
-707.00952381	-0.02618893
-706.97653061	-0.02269738
-706.94353741	-0.01892483
-706.91054422	-0.01537230
-706.87755102	-0.01190308
-706.84455782	-0.00882178
-706.81156463	-0.00623207
-706.77857143	-0.00399655
-706.74557823	-0.00229147
-706.71258503	-0.00095332
-706.67959184	0.00014075
-706.64659864	0.00103444
-706.61360544	0.00203239
-706.58061224	0.00325181
-706.54761905	0.00491217
-706.51462585	0.00700302
-706.48163265	0.00986576
-706.44863946	0.01344320
-706.41564626	0.01768491
-706.38265306	0.02253279
-706.34965986	0.02771945
-706.31666667	0.03308412
-706.28367347	0.03836585
-706.25068027	0.04328397
-706.21768707	0.04750969
-706.18469388	0.05071805
-706.15170068	0.05292338
-706.11870748	0.05384296
-706.08571429	0.05348569
-706.05272109	0.05173779
-706.01972789	0.04894271
-705.98673469	0.04494027
-705.95374150	0.03997481
-705.92074830	0.03414762
-705.88775510	0.02743386
-705.85476190	0.02005719
-705.82176871	0.01202935
-705.78877551	0.00351848
-705.75578231	-0.00535786
-705.72278912	-0.01432654
-705.68979592	-0.02331594
-705.65680272	-0.03179552
-705.62380952	-0.03967641
-705.59081633	-0.04663612
-705.55782313	-0.05239439
-705.52482993	-0.05673553
-705.49183673	-0.05955524
-705.45884354	-0.06076870
-705.42585034	-0.06028869
-705.39285714	-0.05816595
-705.35986395	-0.05455276
-705.32687075	-0.04964307
-705.29387755	-0.04345482
-705.26088435	-0.03649419
-705.22789116	-0.02894795
-705.19489796	-0.02101721
-705.16190476	-0.01335417
-705.12891156	-0.00599079
-705.09591837	0.00070983
-705.06292517	0.00639356
-705.02993197	0.01099842
-704.99693878	0.01449248
-704.96394558	0.01693652
-704.93095238	0.01832365
-704.89795918	0.01888058
-704.86496599	0.01882650
-704.83197279	0.01842372
-704.79897959	0.01775034
-704.76598639	0.01723913
-704.73299320	0.01706434
-704.70000000	0.01732112
-704.66700680	0.01812325
-704.63401361	0.01960088
-704.60102041	0.02157867
-704.56802721	0.02406341
-704.53503401	0.02672676
-704.50204082	0.02926193
-704.46904762	0.03159228
-704.43605442	0.03344456
-704.40306122	0.03436100
-704.37006803	0.03453909
-704.33707483	0.03362416
-704.30408163	0.03155815
-704.27108844	0.02840447
-704.23809524	0.02403381
-704.20510204	0.01863090
-704.17210884	0.01220927
-704.13911565	0.00500524
-704.10612245	-0.00292272
-704.07312925	-0.01112034
-704.04013605	-0.01940773
-704.00714286	-0.02737665
-703.97414966	-0.03460337
-703.94115646	-0.04083715
-703.90816327	-0.04580413
-703.87517007	-0.04898782
-703.84217687	-0.05051674
-703.80918367	-0.05009525
-703.77619048	-0.04787008
-703.74319728	-0.04400746
-703.71020408	-0.03870447
-703.67721088	-0.03229948
-703.64421769	-0.02517219
-703.61122449	-0.01745639
-703.57823129	-0.00986319
-703.54523810	-0.00247816
-703.51224490	0.00435365
-703.47925170	0.01037002
-703.44625850	0.01539520
-703.41326531	0.01951534
-703.38027211	0.02249211
-703.34727891	0.02446992
-703.31428571	0.02550095
-703.28129252	0.02563505
-703.24829932	0.02504174
-703.21530612	0.02377075
-703.18231293	0.02205805
-703.14931973	0.01978231
-703.11632653	0.01725545
-703.08333333	0.01456926
-703.05034014	0.01175203
-703.01734694	0.00904407
-702.98435374	0.00639938
-702.95136054	0.00415745
-702.91836735	0.00233824
-702.88537415	0.00087407
-702.85238095	-0.00003372
-702.81938776	-0.00031693
-702.78639456	-0.00000816
-702.75340136	0.00088216
-702.72040816	0.00225143
-702.68741497	0.00413737
-702.65442177	0.00617355
-702.62142857	0.00833908
-702.58843537	0.01045419
-702.55544218	0.01237739
-702.52244898	0.01385355
-702.48945578	0.01484730
-702.45646259	0.01524412
-702.42346939	0.01494488
-702.39047619	0.01394938
-702.35748299	0.01234322
-702.32448980	0.01000031
-702.29149660	0.00716633
-702.25850340	0.00388084
-702.22551020	0.00020928
-702.19251701	-0.00357128
-702.15952381	-0.00745067
-702.12653061	-0.01111832
-702.09353741	-0.01467727
-702.06054422	-0.01785538
-702.02755102	-0.02054733
-701.99455782	-0.02274384
-701.96156463	-0.02450668
-701.92857143	-0.02566910
-701.89557823	-0.02613238
-701.86258503	-0.02623326
-701.82959184	-0.02567230
-701.79659864	-0.02460500
-701.76360544	-0.02316880
-701.73061224	-0.02124823
-701.69761905	-0.01906717
-701.66462585	-0.01673715
-701.63163265	-0.01422337
-701.59863946	-0.01172220
-701.56564626	-0.00922530
-701.53265306	-0.00683915
-701.49965986	-0.00463374
-701.46666667	-0.00248238
-701.43367347	-0.00057286
-701.40068027	0.00130291
-701.36768707	0.00313170
-701.33469388	0.00485672
-701.30170068	0.00679635
-701.26870748	0.00879266
-701.23571429	0.01108244
-701.20272109	0.01359604
-701.16972789	0.01617996
-701.13673469	0.01909343
-701.10374150	0.02213766
-701.07074830	0.02528992
-701.03775510	0.02837757
-701.00476190	0.03140809
-700.97176871	0.03420091
-700.93877551	0.03666251
-700.90578231	0.03863986
-700.87278912	0.04003234
-700.83979592	0.04080175
-700.80680272	0.04073865
-700.77380952	0.04002880
-700.74081633	0.03837088
-700.70782313	0.03580851
-700.67482993	0.03260123
-700.64183673	0.02858863
-700.60884354	0.02377289
-700.57585034	0.01838316
-700.54285714	0.01253452
-700.50986395	0.00632375
-700.47687075	-0.00012967
-700.44387755	-0.00657215
-700.41088435	-0.01291809
-700.37789116	-0.01899319
-700.34489796	-0.02459158
-700.31190476	-0.02970582
-700.27891156	-0.03408552
-700.24591837	-0.03766945
-700.21292517	-0.04036178
-700.17993197	-0.04220186
-700.14693878	-0.04318244
-700.11394558	-0.04333734
-700.08095238	-0.04273590
-700.04795918	-0.04154646
-700.01496599	-0.03993406
-699.98197279	-0.03782214
-699.94897959	-0.03540699
-699.91598639	-0.03284927
-699.88299320	-0.03002115
-699.85000000	-0.02698301
-699.81700680	-0.02369089
-699.78401361	-0.02009982
-699.75102041	-0.01621241
-699.71802721	-0.01200886
-699.68503401	-0.00746959
-699.65204082	-0.00258305
-699.61904762	0.00267778
-699.58605442	0.00805414
-699.55306122	0.01364951
-699.52006803	0.01922893
-699.48707483	0.02470812
-699.45408163	0.02976442
-699.42108844	0.03436007
-699.38809524	0.03820239
-699.35510204	0.04117656
-699.32210884	0.04309849
-699.28911565	0.04391716
-699.25612245	0.04362948
-699.22312925	0.04211582
-699.19013605	0.03953646
-699.15714286	0.03611725
-699.12414966	0.03196545
-699.09115646	0.02725408
-699.05816327	0.02219972
-699.02517007	0.01699697
-698.99217687	0.01194595
-698.95918367	0.00712054
-698.92619048	0.00257264
-698.89319728	-0.00163246
-698.86020408	-0.00544594
-698.82721088	-0.00867135
-698.79421769	-0.01144313
-698.76122449	-0.01380856
-698.72823129	-0.01576565
-698.69523810	-0.01748763
-698.66224490	-0.01880030
-698.62925170	-0.01989882
-698.59625850	-0.02075491
-698.56326531	-0.02144250
-698.53027211	-0.02182410
-698.49727891	-0.02197210
-698.46428571	-0.02183236
-698.43129252	-0.02142269
-698.39829932	-0.02064460
-698.36530612	-0.01960577
-698.33231293	-0.01830877
-698.29931973	-0.01678065
-698.26632653	-0.01508110
-698.23333333	-0.01327066
-698.20034014	-0.01143210
-698.16734694	-0.00959863
-698.13435374	-0.00786050
-698.10136054	-0.00625049
-698.06836735	-0.00486016
-698.03537415	-0.00364876
-698.00238095	-0.00264968
-697.96938776	-0.00186485
-697.93639456	-0.00123485
-697.90340136	-0.00073221
-697.87040816	-0.00024106
-697.83741497	0.00025983
-697.80442177	0.00077081
-697.77142857	0.00142123
-697.73843537	0.00236841
-697.70544218	0.00342913
-697.67244898	0.00475464
-697.63945578	0.00635312
-697.60646259	0.00813230
-697.57346939	0.00995886
-697.54047619	0.01192915
-697.50748299	0.01379799
-697.47448980	0.01553523
-697.44149660	0.01707590
-697.40850340	0.01830898
-697.37551020	0.01926137
-697.34251701	0.01985181
-697.30952381	0.02006685
-697.27653061	0.01983766
-697.24353741	0.01932316
-697.21054422	0.01849139
-697.17755102	0.01740377
-697.14455782	0.01625149
-697.11156463	0.01493708
-697.07857143	0.01360258
-697.04557823	0.01225935
-697.01258503	0.01093658
-696.97959184	0.00970858
-696.94659864	0.00853734
-696.91360544	0.00743750
-696.88061224	0.00635060
-696.84761905	0.00523725
-696.81462585	0.00409319
-696.78163265	0.00296619
-696.74863946	0.00186856
-696.71564626	0.00060800
-696.68265306	-0.00071657
-696.64965986	-0.00210935
-696.61666667	-0.00359808
-696.58367347	-0.00522665
-696.55068027	-0.00690257
-696.51768707	-0.00858836
-696.48469388	-0.01023774
-696.45170068	-0.01190024
-696.41870748	-0.01347756
-696.38571429	-0.01494670
-696.35272109	-0.01619986
-696.31972789	-0.01726009
-696.28673469	-0.01807243
-696.25374150	-0.01858127
-696.22074830	-0.01879209
-696.18775510	-0.01861401
-696.15476190	-0.01809668
-696.12176871	-0.01717181
-696.08877551	-0.01588587
-696.05578231	-0.01420310
-696.02278912	-0.01222298
-695.98979592	-0.00996419
-695.95680272	-0.00751826
-695.92380952	-0.00495023
-695.89081633	-0.00240381
-695.85782313	0.00002841
-695.82482993	0.00219984
-695.79183673	0.00406551
-695.75884354	0.00555475
-695.72585034	0.00660902
-695.69285714	0.00721572
-695.65986395	0.00743815
-695.62687075	0.00732323
-695.59387755	0.00693022
-695.56088435	0.00632588
-695.52789116	0.00560559
-695.49489796	0.00483035
-695.46190476	0.00405463
-695.42891156	0.00332432
-695.39591837	0.00266197
-695.36292517	0.00207660
-695.32993197	0.00158320
-695.29693878	0.00117125
-695.26394558	0.00083352
-695.23095238	0.00056309
-695.19795918	0.00035472
-695.16496599	0.00020200
-695.13197279	0.00009774
-695.09897959	0.00003519
-695.06598639	0.00000613
-695.03299320	-0.00000099
-695.00000000	0.00000000
