# Menlo Systems GmbH ScanControl
# Program Version 1.14.3
# Start: -733.80000000 ps, Average over 3000 waveforms. Timestamp: 2025-11-05T15:52:25
# Window type: Tukey, parameters: alpha = 0.1
# User time axis shift: 0 ps
# Time axis offset: 0 ps
# Frequency [THz]	THz Signal [a.u.]
0.00000000	-29.93583991
0.01480668	-33.74102450
0.02961336	-55.55645069
0.04442005	-41.59085727
0.05922673	-43.40466949
0.07403341	-33.26170485
0.08884009	-28.14304080
0.10364678	-24.15581971
0.11845346	-21.39968536
0.13326014	-19.24267530
0.14806682	-16.39033848
0.16287350	-13.42149040
0.17768019	-10.87303238
0.19248687	-9.11280267
0.20729355	-8.25061539
0.22210023	-7.49220136
0.23690691	-6.53355911
0.25171360	-5.56978784
0.26652028	-4.23377938
0.28132696	-3.20528074
0.29613364	-2.87337033
0.31094033	-2.55406198
0.32574701	-2.28352408
0.34055369	-1.98526524
0.35536037	-1.06419282
0.37016705	-0.28872616
0.38497374	0.00000000
0.39978042	-0.02707632
0.41458710	-0.48595768
0.42939378	-0.67254685
0.44420046	-0.65913886
0.45900715	-1.22280371
0.47381383	-0.96397896
0.48862051	-0.39573068
0.50342719	-0.84032406
0.51823388	-0.68737184
0.53304056	-0.89206261
0.54784724	-4.18996668
0.56265392	-6.20899029
0.57746060	-2.76849978
0.59226729	-2.43556855
0.60707397	-3.33965606
0.62188065	-2.92310139
0.63668733	-2.78362910
0.65149401	-3.10302691
0.66630070	-3.11367351
0.68110738	-3.36052886
0.69591406	-3.80025393
0.71072074	-3.60176638
0.72552743	-3.68472396
0.74033411	-5.60483251
0.75514079	-7.57273998
0.76994747	-5.97478062
0.78475415	-5.60054416
0.79956084	-6.96568569
0.81436752	-7.24233096
0.82917420	-7.23669872
0.84398088	-7.94221753
0.85878756	-8.09765624
0.87359425	-8.49733999
0.88840093	-9.29881293
0.90320761	-9.63555990
0.91801429	-10.28562087
0.93282098	-11.04706956
0.94762766	-11.26906689
0.96243434	-12.07335553
0.97724102	-13.95880634
0.99204770	-15.11537190
1.00685439	-14.20236184
1.02166107	-14.03859163
1.03646775	-15.28109742
1.05127443	-15.73760936
1.06608111	-16.07414043
1.08088780	-19.42340631
1.09569448	-31.88585101
1.11050116	-25.82806679
1.12530784	-20.31548399
1.14011453	-20.68533916
1.15492121	-28.67319882
1.16972789	-28.08241674
1.18453457	-21.85507162
1.19934125	-23.46937146
1.21414794	-28.84812066
1.22895462	-25.71177105
1.24376130	-23.45429375
1.25856798	-22.53292130
1.27337466	-22.55018997
1.28818135	-23.35113330
1.30298803	-23.93362212
1.31779471	-24.89782354
1.33260139	-25.59788875
1.34740808	-25.64834737
1.36221476	-26.28868012
1.37702144	-26.27504510
1.39182812	-27.83323527
1.40663480	-38.20347011
1.42144149	-33.06344063
1.43624817	-28.41035406
1.45105485	-29.86100767
1.46586153	-31.04396460
1.48066821	-30.31374786
1.49547490	-31.55534624
1.51028158	-31.89714886
1.52508826	-31.57544973
1.53989494	-33.12068352
1.55470163	-33.71662850
1.56950831	-33.22801687
1.58431499	-35.81892019
1.59912167	-41.57286656
1.61392835	-37.65543209
1.62873504	-36.56064368
1.64354172	-40.56324436
1.65834840	-50.52265135
1.67315508	-57.67299938
1.68796176	-50.88003252
1.70276845	-48.01788348
1.71757513	-51.10549964
1.73238181	-44.87948669
1.74718849	-42.19204546
1.76199518	-43.29546402
1.77680186	-44.81893498
1.79160854	-47.76906429
1.80641522	-48.29855160
1.82122190	-43.39126117
1.83602859	-42.97860163
1.85083527	-47.18975585
1.86564195	-65.75198282
1.88044863	-49.43015456
1.89525531	-46.32628515
1.91006200	-50.74004671
1.92486868	-57.24451477
1.93967536	-47.31942771
1.95448204	-47.12366257
1.96928873	-49.28796245
1.98409541	-48.44595185
1.99890209	-48.65780937
2.01370877	-50.06969559
2.02851545	-52.25029395
2.04332214	-55.23632467
2.05812882	-52.96591195
2.07293550	-52.91344050
2.08774218	-53.92981856
2.10254886	-51.52216124
2.11735555	-51.01328022
2.13216223	-53.10548996
2.14696891	-57.57932195
2.16177559	-70.89133210
2.17658228	-65.05441758
2.19138896	-63.25607204
2.20619564	-76.28240102
2.22100232	-66.87906758
2.23580900	-63.00812786
2.25061569	-64.72540205
2.26542237	-77.75081980
2.28022905	-61.26429710
2.29503573	-56.65109230
2.30984241	-57.16229527
2.32464910	-61.31324964
2.33945578	-64.80553042
2.35426246	-67.05009462
2.36906914	-68.18451962
2.38387583	-71.31148634
2.39868251	-72.45570305
2.41348919	-62.84359363
2.42829587	-61.96335493
2.44310255	-66.38873324
2.45790924	-79.76296731
2.47271592	-71.63805555
2.48752260	-64.82208622
2.50232928	-63.31962490
2.51713596	-64.78364801
2.53194265	-64.63326955
2.54674933	-64.36643962
2.56155601	-66.60026670
2.57636269	-67.31501946
2.59116938	-67.33249739
2.60597606	-70.98831974
2.62078274	-78.53431822
2.63558942	-79.82361688
2.65039610	-88.88180455
2.66520279	-99.90899980
2.68000947	-80.25996311
2.69481615	-73.74271872
2.70962283	-70.96936312
2.72442951	-69.86542069
2.73923620	-71.62269240
2.75404288	-78.96721974
2.76884956	-82.54272217
2.78365624	-81.17495372
2.79846293	-74.55406140
2.81326961	-71.51611018
2.82807629	-71.36816153
2.84288297	-72.12440539
2.85768965	-73.47694274
2.87249634	-78.72700569
2.88730302	-81.67107159
2.90210970	-72.95210384
2.91691638	-71.29898794
2.93172306	-74.74332918
2.94652975	-82.27475065
2.96133643	-87.08128043
2.97614311	-98.44363930
2.99094979	-96.90265253
3.00575648	-94.48466700
3.02056316	-95.57923512
3.03536984	-99.93921529
3.05017652	-84.60026963
3.06498320	-77.38505907
3.07978989	-75.43883166
3.09459657	-76.51768977
3.10940325	-81.21932512
3.12420993	-89.38877764
3.13901661	-98.09814471
3.15382330	-91.38811449
3.16862998	-91.17901898
3.18343666	-86.15309415
3.19824334	-79.18013080
3.21305003	-80.60571644
3.22785671	-84.90410816
3.24266339	-79.59188469
3.25747007	-77.21583806
3.27227675	-75.57538535
3.28708344	-75.31092519
3.30189012	-78.62583516
3.31669680	-89.19740940
3.33150348	-91.19319157
3.34631016	-83.74156661
3.36111685	-79.40789209
3.37592353	-77.10314608
3.39073021	-77.16847642
3.40553689	-77.79506338
3.42034358	-77.98875636
3.43515026	-78.86756798
3.44995694	-79.13051950
3.46476362	-78.90336299
3.47957030	-81.33702027
3.49437699	-83.47292221
3.50918367	-81.97111715
3.52399035	-83.96873291
3.53879703	-95.87961712
3.55360371	-82.22312315
3.56841040	-80.84765779
3.58321708	-84.59178737
3.59802376	-88.92698782
3.61283044	-97.46292641
3.62763713	-90.60706844
3.64244381	-130.08116036
3.65725049	-93.85355094
3.67205717	-106.85136761
3.68686385	-93.85841716
3.70167054	-87.01070058
3.71647722	-85.00369216
3.73128390	-85.12545161
3.74609058	-83.98058377
3.76089726	-84.88616093
3.77570395	-90.15727426
3.79051063	-100.21162278
3.80531731	-94.53939317
3.82012399	-97.41694652
3.83493068	-92.00962933
3.84973736	-85.98755636
3.86454404	-84.06627661
3.87935072	-84.51184920
3.89415740	-86.65572833
3.90896409	-90.62273209
3.92377077	-93.74751129
3.93857745	-94.44444262
3.95338413	-91.68091278
3.96819081	-97.48723173
3.98299750	-95.83120942
3.99780418	-95.09287910
4.01261086	-88.34626720
4.02741754	-87.95489098
4.04222423	-91.33430785
4.05703091	-92.75576240
4.07183759	-93.02194325
4.08664427	-92.85980808
4.10145095	-94.10804092
4.11625764	-105.61367409
4.13106432	-93.57734690
4.14587100	-92.83700970
4.16067768	-90.09444091
4.17548436	-88.48599758
4.19029105	-100.46735249
4.20509773	-95.31349199
4.21990441	-98.41218641
4.23471109	-119.17492013
4.24951778	-96.60975438
4.26432446	-92.38908424
4.27913114	-90.82640232
4.29393782	-93.65805113
4.30874450	-88.18650327
4.32355119	-93.99805244
4.33835787	-89.90587594
4.35316455	-88.58085912
4.36797123	-94.20679800
4.38277791	-89.20991741
4.39758460	-92.48443670
4.41239128	-95.08266344
4.42719796	-91.62918622
4.44200464	-90.08023151
4.45681133	-94.86376201
4.47161801	-93.31707796
4.48642469	-104.31279829
4.50123137	-99.70735684
4.51603805	-98.72857145
4.53084474	-96.10300010
4.54565142	-100.51229550
4.56045810	-88.90502110
4.57526478	-88.38661189
4.59007146	-90.26554982
4.60487815	-92.29156389
4.61968483	-119.83095555
4.63449151	-91.41685545
4.64929819	-89.07617640
4.66410488	-96.17000496
4.67891156	-97.39347821
4.69371824	-97.89579430
4.70852492	-100.30520031
4.72333160	-95.64358747
4.73813829	-94.45035729
4.75294497	-92.32533920
4.76775165	-93.59725485
4.78255833	-96.69064690
4.79736501	-89.21279490
4.81217170	-98.99918120
4.82697838	-86.70843278
4.84178506	-85.82199659
4.85659174	-99.72549506
4.87139843	-93.76695654
4.88620511	-91.91647460
4.90101179	-94.46984184
4.91581847	-99.28154752
4.93062515	-92.87847435
4.94543184	-105.26653208
4.96023852	-89.78594907
4.97504520	-93.48733137
4.98985188	-95.77926441
5.00465856	-95.34470057
5.01946525	-92.77479415
5.03427193	-93.05014910
5.04907861	-101.48142343
5.06388529	-102.93750316
5.07869198	-94.34559636
5.09349866	-100.44788188
5.10830534	-92.22778815
5.12311202	-94.77700638
5.13791870	-95.39843092
5.15272539	-95.91285053
5.16753207	-100.01547416
5.18233875	-97.62324433
5.19714543	-105.18273438
5.21195211	-95.33710933
5.22675880	-89.87658984
5.24156548	-99.58511742
5.25637216	-94.40300486
5.27117884	-97.76580408
5.28598553	-99.18712736
5.30079221	-103.22058741
5.31559889	-89.36522686
5.33040557	-93.89466901
5.34521225	-93.44310400
5.36001894	-92.68824221
5.37482562	-96.14200584
5.38963230	-93.16891538
5.40443898	-96.14298867
5.41924567	-90.97125128
5.43405235	-97.50948646
5.44885903	-99.21344593
5.46366571	-94.44157615
5.47847239	-92.23071768
5.49327908	-101.16520614
5.50808576	-98.55694235
5.52289244	-99.20081405
5.53769912	-95.40542138
5.55250580	-95.99637696
5.56731249	-94.12083323
5.58211917	-94.03696612
5.59692585	-97.76935227
5.61173253	-96.96363182
5.62653922	-89.96285899
5.64134590	-100.49100344
5.65615258	-94.27685555
5.67095926	-98.22569734
5.68576594	-96.41653079
5.70057263	-109.41239715
5.71537931	-93.20561216
5.73018599	-111.73621983
5.74499267	-88.05974600
5.75979935	-89.74755565
5.77460604	-91.05898845
5.78941272	-89.24403675
5.80421940	-97.44272002
5.81902608	-90.71804041
5.83383277	-96.92841290
5.84863945	-99.20870971
5.86344613	-95.48038333
5.87825281	-94.15152721
5.89305949	-91.57234529
5.90786618	-87.95687469
5.92267286	-97.87316972
5.93747954	-98.04302288
5.95228622	-98.38739497
5.96709290	-94.33632713
5.98189959	-93.31497994
5.99670627	-87.12116656
6.01151295	-97.72551175
6.02631963	-91.19469811
6.04112632	-91.76931118
6.05593300	-92.82391704
6.07073968	-94.29808114
6.08554636	-109.88592900
6.10035304	-93.38945624
6.11515973	-97.44797870
6.12996641	-92.41763913
6.14477309	-88.49178836
6.15957977	-115.50843513
6.17438645	-87.42526175
6.18919314	-90.15250794
6.20399982	-101.91879559
6.21880650	-100.18739051
6.23361318	-100.47816802
6.24841987	-96.75946138
6.26322655	-93.58672977
6.27803323	-97.23518740
6.29283991	-96.79453545
6.30764659	-95.73656617
6.32245328	-88.97292179
6.33725996	-92.60322607
6.35206664	-102.72675867
6.36687332	-100.23525336
6.38168000	-100.29233627
6.39648669	-97.80812974
6.41129337	-90.00230455
6.42610005	-98.67272414
6.44090673	-93.49871292
6.45571342	-96.73431934
6.47052010	-95.96071740
6.48532678	-108.65092712
6.50013346	-90.64660689
6.51494014	-92.06801351
6.52974683	-94.72123714
6.54455351	-96.45667732
6.55936019	-91.94592987
6.57416687	-103.81707202
6.58897355	-89.29975055
6.60378024	-93.69155281
6.61858692	-92.75959340
6.63339360	-88.46884337
6.64820028	-100.36167382
6.66300697	-89.41804461
6.67781365	-87.42789840
6.69262033	-93.08273083
6.70742701	-94.63506495
6.72223369	-95.65812689
6.73704038	-98.06155063
6.75184706	-89.97567648
6.76665374	-88.51282200
6.78146042	-92.62660992
6.79626710	-105.38809827
6.81107379	-91.50243381
6.82588047	-88.77825242
6.84068715	-94.16840683
6.85549383	-98.33344104
6.87030052	-95.93582179
6.88510720	-88.97631852
6.89991388	-94.08240041
6.91472056	-85.59598605
6.92952724	-89.51056862
6.94433393	-89.79156673
6.95914061	-94.65726242
6.97394729	-89.69357699
6.98875397	-89.70985997
7.00356065	-93.79425557
7.01836734	-89.69160097
7.03317402	-96.20304653
7.04798070	-90.57398286
7.06278738	-93.18460430
7.07759407	-103.81519508
7.09240075	-93.76064124
7.10720743	-97.92308654
7.12201411	-90.85775182
7.13682079	-88.07420659
7.15162748	-105.84725263
7.16643416	-87.87254688
7.18124084	-93.42154569
7.19604752	-93.78439173
7.21085420	-95.92725635
7.22566089	-94.33823369
7.24046757	-98.11884937
7.25527425	-91.08600416
7.27008093	-92.48248138
7.28488762	-94.16417641
7.29969430	-89.84884419
7.31450098	-93.49809350
7.32930766	-90.50324042
7.34411434	-93.36978493
7.35892103	-97.59629146
7.37372771	-95.39948609
7.38853439	-92.42748141
7.40334107	-91.22694977
7.41814775	-97.08366209
7.43295444	-95.83160571
7.44776112	-89.95809837
7.46256780	-95.49594400
7.47737448	-89.19226692
7.49218117	-89.58247703
7.50698785	-117.31860956
7.52179453	-94.45367876
7.53660121	-97.94598435
7.55140789	-94.06644143
7.56621458	-91.48052872
7.58102126	-92.28713944
7.59582794	-92.20795848
7.61063462	-94.46846799
7.62544130	-100.10414689
7.64024799	-100.28974097
7.65505467	-97.25211854
7.66986135	-93.58766988
7.68466803	-93.71379428
7.69947472	-111.75818495
7.71428140	-93.69547014
7.72908808	-91.07935838
7.74389476	-90.60318949
7.75870144	-92.77404231
7.77350813	-101.25978000
7.78831481	-90.24586530
7.80312149	-94.60260631
7.81792817	-100.62182834
7.83273485	-92.08024809
7.84754154	-91.74025638
7.86234822	-102.88047593
7.87715490	-91.04937986
7.89196158	-89.04633578
7.90676827	-97.91702204
7.92157495	-93.19632023
7.93638163	-97.01843764
7.95118831	-101.83586443
7.96599499	-95.42934775
7.98080168	-93.40956091
7.99560836	-99.93951700
8.01041504	-92.26997904
8.02522172	-87.04195329
8.04002840	-90.67745338
8.05483509	-103.41773000
8.06964177	-96.92225187
8.08444845	-99.03114070
8.09925513	-94.55770713
8.11406182	-92.59391381
8.12886850	-93.61957481
8.14367518	-91.53923915
8.15848186	-92.30344608
8.17328854	-98.77319742
8.18809523	-98.54705210
8.20290191	-96.76661817
8.21770859	-94.15431574
8.23251527	-92.69262797
8.24732195	-99.30410039
8.26212864	-99.41811111
8.27693532	-95.27009366
8.29174200	-96.37278387
8.30654868	-96.78260966
8.32135537	-93.77192534
8.33616205	-94.83475027
8.35096873	-99.75951542
8.36577541	-97.13221250
8.38058209	-88.01907365
8.39538878	-84.14827023
8.41019546	-87.50406327
8.42500214	-93.96786361
8.43980882	-86.23030009
8.45461550	-92.41118307
8.46942219	-94.23857778
8.48422887	-92.83911494
8.49903555	-97.31883874
8.51384223	-93.33860732
8.52864892	-91.55730833
8.54345560	-92.43208283
8.55826228	-94.17054551
8.57306896	-113.42934637
8.58787564	-95.45566989
8.60268233	-103.77819384
8.61748901	-96.52203474
8.63229569	-97.59411263
8.64710237	-92.04837252
8.66190905	-95.80147905
8.67671574	-92.46420536
8.69152242	-87.25954764
8.70632910	-95.05349717
8.72113578	-92.32733368
8.73594247	-91.53621772
8.75074915	-90.46711717
8.76555583	-87.11645990
8.78036251	-92.48559136
8.79516919	-90.30786572
8.80997588	-86.02844857
8.82478256	-89.29389335
8.83958924	-96.82554841
8.85439592	-90.41741543
8.86920260	-91.05135474
8.88400929	-102.49381532
8.89881597	-96.91523310
8.91362265	-100.12527863
8.92842933	-94.09736305
8.94323602	-97.24015845
8.95804270	-96.54317504
8.97284938	-89.12406197
8.98765606	-88.49300593
9.00246274	-95.87075599
9.01726943	-91.50034988
9.03207611	-95.74930225
9.04688279	-96.65320381
9.06168947	-102.64342952
9.07649615	-103.69371274
9.09130284	-94.38506961
9.10610952	-97.10543964
9.12091620	-94.77803799
9.13572288	-89.90511647
9.15052957	-93.65205781
9.16533625	-90.41032966
9.18014293	-93.71184771
9.19494961	-91.39101277
9.20975629	-90.44351804
9.22456298	-91.12910139
9.23936966	-89.95249641
9.25417634	-88.50659566
9.26898302	-87.64953709
9.28378970	-92.49766722
9.29859639	-95.08309874
9.31340307	-90.26071088
9.32820975	-98.69824769
9.34301643	-95.49094670
9.35782312	-93.70114967
9.37262980	-92.73080229
9.38743648	-97.94314951
9.40224316	-85.47393570
9.41704984	-85.76353991
9.43185653	-93.98842264
9.44666321	-94.10474753
9.46146989	-95.71814530
9.47627657	-93.68224637
9.49108325	-94.93755853
9.50588994	-102.87521343
9.52069662	-93.38358372
9.53550330	-91.97178862
9.55030998	-89.62862043
9.56511667	-90.24065394
9.57992335	-93.89022502
9.59473003	-102.71981539
9.60953671	-95.94249078
9.62434339	-96.15580839
9.63915008	-99.02626784
9.65395676	-98.31756590
9.66876344	-97.54971073
9.68357012	-93.77398348
9.69837680	-91.27954985
9.71318349	-96.18655466
9.72799017	-103.34732633
9.74279685	-94.19649427
9.75760353	-88.66274536
9.77241022	-88.93415160
9.78721690	-98.28719353
9.80202358	-91.14528656
9.81683026	-93.14290867
9.83163694	-91.13565317
9.84644363	-91.89874842
9.86125031	-97.49158244
9.87605699	-88.10175138
9.89086367	-92.86049214
9.90567035	-94.50345902
9.92047704	-89.10753940
9.93528372	-93.46346853
9.95009040	-108.36622469
9.96489708	-104.43364800
9.97970377	-91.94301886
9.99451045	-94.12078053
10.00931713	-93.50370708
10.02412381	-87.77679579
10.03893049	-90.31789357
10.05373718	-88.09857108
10.06854386	-91.37656731
10.08335054	-90.29700447
10.09815722	-88.19521091
10.11296390	-96.34896460
10.12777059	-101.07049580
10.14257727	-112.02120375
10.15738395	-93.90714457
10.17219063	-91.33320721
10.18699732	-92.67266192
10.20180400	-107.30816960
10.21661068	-90.62295600
10.23141736	-93.24568972
10.24622404	-89.03224295
10.26103073	-88.61141839
10.27583741	-90.16244311
10.29064409	-88.79543170
10.30545077	-99.56856271
10.32025745	-92.93537487
10.33506414	-97.15339919
10.34987082	-96.68495381
10.36467750	-101.59384581
10.37948418	-92.33024572
10.39429087	-93.07172485
10.40909755	-88.67605751
10.42390423	-91.67721873
10.43871091	-91.21965069
10.45351759	-87.92809272
10.46832428	-91.84070457
10.48313096	-97.58181947
10.49793764	-89.10085067
10.51274432	-89.95269857
10.52755101	-97.19200032
10.54235769	-88.70169273
10.55716437	-86.27901051
10.57197105	-94.18173333
10.58677773	-97.08191631
10.60158442	-99.69528075
10.61639110	-93.23065966
10.63119778	-91.05962076
10.64600446	-91.50229291
10.66081114	-88.20477234
10.67561783	-90.41284227
10.69042451	-90.15545785
10.70523119	-86.21282446
10.72003787	-89.51175258
10.73484456	-98.85305132
10.74965124	-90.72690155
10.76445792	-84.63584937
10.77926460	-84.39091303
10.79407128	-87.94613637
10.80887797	-85.95650687
10.82368465	-86.08216629
10.83849133	-93.83928543
10.85329801	-98.25436571
10.86810469	-93.57911015
10.88291138	-92.23157080
10.89771806	-90.05512172
10.91252474	-90.11843313
10.92733142	-95.45719158
10.94213811	-96.18158998
10.95694479	-88.19262097
10.97175147	-87.73149218
10.98655815	-92.41450791
11.00136483	-102.82551331
11.01617152	-106.93521840
11.03097820	-111.79327968
11.04578488	-104.06684140
11.06059156	-99.22897008
11.07539824	-92.04671404
11.09020493	-88.45442657
11.10501161	-90.01667723
11.11981829	-94.28525882
11.13462497	-95.85666206
11.14943166	-97.78088121
11.16423834	-90.14617249
11.17904502	-89.80059135
11.19385170	-89.74097728
11.20865838	-89.22521449
11.22346507	-90.60201433
11.23827175	-91.85492872
11.25307843	-87.73384925
11.26788511	-86.42281779
11.28269179	-91.82540918
11.29749848	-104.95877473
11.31230516	-99.34746898
11.32711184	-90.01000891
11.34191852	-85.95410419
11.35672521	-87.72660029
11.37153189	-95.75767908
11.38633857	-96.50818197
11.40114525	-105.15722109
11.41595193	-100.91329854
11.43075862	-97.99038779
11.44556530	-89.24026238
11.46037198	-90.97493676
11.47517866	-110.38478900
11.48998534	-96.02953692
11.50479203	-95.86436307
11.51959871	-115.76242115
11.53440539	-91.95001678
11.54921207	-88.53567382
11.56401876	-87.94849129
11.57882544	-86.84515691
11.59363212	-84.60919540
11.60843880	-83.56841880
11.62324548	-87.12404267
11.63805217	-95.08098661
11.65285885	-90.97607172
11.66766553	-93.39992281
11.68247221	-96.45404242
11.69727889	-91.54109765
11.71208558	-94.37348896
11.72689226	-97.42263553
11.74169894	-90.41787042
11.75650562	-95.23685508
11.77131231	-96.53873929
11.78611899	-109.15375127
11.80092567	-90.04298751
11.81573235	-87.48632373
11.83053903	-92.91622555
11.84534572	-104.75184817
11.86015240	-94.22482420
11.87495908	-95.15201901
11.88976576	-96.53362416
11.90457244	-100.19561274
11.91937913	-91.23268528
11.93418581	-87.31588795
11.94899249	-89.91868337
11.96379917	-100.17503637
11.97860586	-96.03528368
11.99341254	-90.40932095
12.00821922	-91.06389234
12.02302590	-94.24217038
12.03783258	-91.87343777
12.05263927	-87.07843357
12.06744595	-86.32429529
12.08225263	-86.58421811
12.09705931	-88.94749756
12.11186599	-102.45048501
12.12667268	-91.49924580
12.14147936	-88.48184717
12.15628604	-87.29207323
12.17109272	-87.07763234
12.18589941	-89.64869135
12.20070609	-91.09179526
12.21551277	-89.13246051
12.23031945	-89.26919114
12.24512613	-93.14163713
12.25993282	-99.96079540
12.27473950	-101.50346456
12.28954618	-100.51067521
12.30435286	-98.24688824
12.31915954	-100.65036691
12.33396623	-91.09988926
12.34877291	-86.72319796
12.36357959	-87.08714278
12.37838627	-94.53221077
12.39319296	-91.14374383
12.40799964	-86.88448435
12.42280632	-87.91354820
12.43761300	-96.55550520
12.45241968	-91.88569151
12.46722637	-87.06660648
12.48203305	-92.57353674
12.49683973	-95.86452629
12.51164641	-92.52412574
12.52645309	-104.03009816
12.54125978	-94.82802464
12.55606646	-94.19950254
12.57087314	-100.08172447
12.58567982	-98.35891405
12.60048651	-92.94262817
12.61529319	-93.09293586
12.63009987	-94.52966729
12.64490655	-92.29075748
12.65971323	-92.17193368
12.67451992	-111.83807505
12.68932660	-92.10185278
12.70413328	-89.14311725
12.71893996	-89.09074169
12.73374664	-90.59154583
12.74855333	-92.36004094
12.76336001	-85.82630866
12.77816669	-84.39150549
12.79297337	-90.59270841
12.80778006	-98.16275839
12.82258674	-96.15078255
12.83739342	-96.58974410
12.85220010	-91.98170189
12.86700678	-90.27438322
12.88181347	-89.55618033
12.89662015	-90.31712518
12.91142683	-92.27336902
12.92623351	-95.91591540
12.94104019	-112.17923196
12.95584688	-96.09995783
12.97065356	-93.98786255
12.98546024	-112.98001576
13.00026692	-92.49133557
13.01507361	-92.27652479
13.02988029	-96.19997010
13.04468697	-96.68376987
13.05949365	-110.67510884
13.07430033	-94.07574656
13.08910702	-90.05311904
13.10391370	-95.52127539
13.11872038	-98.15587920
13.13352706	-88.81708441
13.14833374	-86.30523962
13.16314043	-86.82884361
13.17794711	-92.39587905
13.19275379	-103.83221338
13.20756047	-99.02909368
13.22236716	-107.05369951
13.23717384	-95.79833900
13.25198052	-88.06438981
13.26678720	-89.09663172
13.28159388	-94.35315291
13.29640057	-96.28823133
13.31120725	-91.37233614
13.32601393	-86.49512011
13.34082061	-90.78738230
13.35562729	-86.32650923
13.37043398	-84.41838779
13.38524066	-87.21054491
13.40004734	-92.83368918
13.41485402	-100.04149982
13.42966071	-98.13525382
13.44446739	-96.01054213
13.45927407	-94.47457802
13.47408075	-95.72042164
13.48888743	-101.76619521
13.50369412	-93.38018562
13.51850080	-88.28583761
13.53330748	-88.33314463
13.54811416	-93.81656043
13.56292084	-98.64610562
13.57772753	-89.18040451
13.59253421	-88.01884795
13.60734089	-89.70008039
13.62214757	-88.52775664
13.63695426	-85.07757663
13.65176094	-84.96087170
13.66656762	-89.04299158
13.68137430	-93.21554557
13.69618098	-100.04584450
13.71098767	-100.58453544
13.72579435	-101.89786941
13.74060103	-92.30185332
13.75540771	-95.63783888
13.77021439	-93.89461115
13.78502108	-98.34998839
13.79982776	-93.95306818
13.81463444	-89.97941175
13.82944112	-95.57493359
13.84424781	-105.63037302
13.85905449	-97.29867371
13.87386117	-92.00463823
13.88866785	-93.59496006
13.90347453	-91.06774303
13.91828122	-92.51390568
13.93308790	-97.27868184
13.94789458	-91.17502701
13.96270126	-86.22479852
13.97750794	-84.15480955
13.99231463	-85.25309259
14.00712131	-89.41663028
14.02192799	-98.32067761
14.03673467	-98.42127689
14.05154136	-89.32270901
14.06634804	-87.95713556
14.08115472	-90.16716630
14.09596140	-92.14359288
14.11076808	-94.45043735
14.12557477	-93.87762453
14.14038145	-88.20928521
14.15518813	-88.40252136
14.16999481	-95.31812187
14.18480149	-88.88407488
14.19960818	-89.70097100
14.21441486	-99.61026665
14.22922154	-98.58008918
14.24402822	-96.57446054
14.25883491	-88.68559830
14.27364159	-88.01714315
14.28844827	-87.41555578
14.30325495	-86.75148720
14.31806163	-90.50775817
14.33286832	-102.22219954
14.34767500	-98.94692531
14.36248168	-92.38598765
14.37728836	-90.18018120
14.39209504	-91.37524775
14.40690173	-100.95682889
14.42170841	-96.94401478
14.43651509	-91.65322274
14.45132177	-92.64461759
14.46612846	-95.26956825
14.48093514	-97.13700783
14.49574182	-110.76232817
14.51054850	-105.05716128
14.52535518	-97.97156120
14.54016187	-92.20143982
14.55496855	-90.86221060
14.56977523	-92.55826270
14.58458191	-91.65960404
14.59938859	-95.63092696
14.61419528	-89.61704167
14.62900196	-86.23521682
14.64380864	-88.48325306
14.65861532	-96.75742653
14.67342201	-100.80428932
14.68822869	-93.96615107
14.70303537	-94.61096005
14.71784205	-90.35139010
14.73264873	-86.09101928
14.74745542	-87.77032234
14.76226210	-98.63135818
14.77706878	-98.88039917
14.79187546	-96.97694928
14.80668214	-94.34886245
14.82148883	-94.84231450
14.83629551	-94.45631760
14.85110219	-93.35089817
14.86590887	-92.78133485
14.88071556	-91.29338398
14.89552224	-98.69794332
14.91032892	-123.95646489
14.92513560	-99.87837358
14.93994228	-93.17768906
14.95474897	-89.67900014
14.96955565	-92.51971863
14.98436233	-121.04768919
14.99916901	-104.45744236
15.01397569	-89.82934461
15.02878238	-86.16405116
15.04358906	-87.26506233
15.05839574	-89.51607092
15.07320242	-92.62970255
15.08800911	-101.62020432
15.10281579	-102.65178770
15.11762247	-96.30060732
15.13242915	-94.99044843
15.14723583	-98.74572774
