# Menlo Systems GmbH ScanControl
# Program Version 1.14.3
# Start: -730.00000000 ps, Average over 3000 waveforms. Timestamp: 2025-11-12T15:50:41
# User time axis shift: 0 ps
# Time axis offset: 0 ps
# Time [ps]	THz Signal [a.u.]
-730.00000000	0.00016652
-729.96699670	0.00014353
-729.93399340	0.00009883
-729.90099010	0.00004466
-729.86798680	0.00006611
-729.83498350	0.00008485
-729.80198020	0.00007570
-729.76897690	0.00008266
-729.73597360	0.00001636
-729.70297030	0.00007886
-729.66996700	-0.00000445
-729.63696370	0.00007006
-729.60396040	0.00000295
-729.57095710	-0.00003541
-729.53795380	-0.00000578
-729.50495050	0.00000719
-729.47194719	-0.00006920
-729.43894389	0.00000200
-729.40594059	-0.00007073
-729.37293729	-0.00001827
-729.33993399	-0.00003017
-729.30693069	-0.00009841
-729.27392739	-0.00010167
-729.24092409	-0.00006002
-729.20792079	-0.00013776
-729.17491749	-0.00004929
-729.14191419	-0.00003008
-729.10891089	-0.00009718
-729.07590759	-0.00008242
-729.04290429	-0.00004944
-729.00990099	-0.00005437
-728.97689769	-0.00002320
-728.94389439	-0.00004600
-728.91089109	0.00000546
-728.87788779	-0.00001503
-728.84488449	-0.00002898
-728.81188119	-0.00000683
-728.77887789	-0.00004387
-728.74587459	0.00002696
-728.71287129	0.00002994
-728.67986799	0.00005573
-728.64686469	0.00004995
-728.61386139	0.00010384
-728.58085809	0.00008121
-728.54785479	0.00006560
-728.51485149	0.00009765
-728.48184818	0.00011230
-728.44884488	0.00011710
-728.41584158	0.00014337
-728.38283828	0.00015010
-728.34983498	0.00014876
-728.31683168	0.00016076
-728.28382838	0.00014301
-728.25082508	0.00017479
-728.21782178	0.00014501
-728.18481848	0.00016025
-728.15181518	0.00016348
-728.11881188	0.00018158
-728.08580858	0.00018901
-728.05280528	0.00018149
-728.01980198	0.00021882
-727.98679868	0.00019947
-727.95379538	0.00021553
-727.92079208	0.00022761
-727.88778878	0.00020834
-727.85478548	0.00018955
-727.82178218	0.00017601
-727.78877888	0.00014015
-727.75577558	0.00015298
-727.72277228	0.00019111
-727.68976898	0.00014952
-727.65676568	0.00015308
-727.62376238	0.00018620
-727.59075908	0.00020006
-727.55775578	0.00020003
-727.52475248	0.00017524
-727.49174917	0.00020501
-727.45874587	0.00018408
-727.42574257	0.00016742
-727.39273927	0.00013831
-727.35973597	0.00014116
-727.32673267	0.00016606
-727.29372937	0.00020012
-727.26072607	0.00013748
-727.22772277	0.00011844
-727.19471947	0.00019781
-727.16171617	0.00019668
-727.12871287	0.00017917
-727.09570957	0.00016313
-727.06270627	0.00015700
-727.02970297	0.00014840
-726.99669967	0.00015281
-726.96369637	0.00008795
-726.93069307	0.00008867
-726.89768977	0.00008280
-726.86468647	0.00009613
-726.83168317	0.00010534
-726.79867987	0.00012283
-726.76567657	0.00007123
-726.73267327	0.00007074
-726.69966997	0.00011875
-726.66666667	0.00010983
-726.63366337	0.00009810
-726.60066007	0.00009232
-726.56765677	0.00010485
-726.53465347	0.00010494
-726.50165017	0.00009472
-726.46864686	0.00006532
-726.43564356	0.00005197
-726.40264026	0.00003987
-726.36963696	0.00007847
-726.33663366	0.00006928
-726.30363036	0.00012160
-726.27062706	0.00012728
-726.23762376	0.00008780
-726.20462046	0.00013105
-726.17161716	0.00014273
-726.13861386	0.00015648
-726.10561056	0.00011968
-726.07260726	0.00010202
-726.03960396	0.00013514
-726.00660066	0.00017330
-725.97359736	0.00014557
-725.94059406	0.00021605
-725.90759076	0.00023307
-725.87458746	0.00023944
-725.84158416	0.00017825
-725.80858086	0.00025782
-725.77557756	0.00017702
-725.74257426	0.00025290
-725.70957096	0.00029554
-725.67656766	0.00023126
-725.64356436	0.00026223
-725.61056106	0.00024296
-725.57755776	0.00025010
-725.54455446	0.00023711
-725.51155116	0.00024784
-725.47854785	0.00021449
-725.44554455	0.00017529
-725.41254125	0.00017275
-725.37953795	0.00016378
-725.34653465	0.00013270
-725.31353135	0.00014027
-725.28052805	0.00011676
-725.24752475	0.00004972
-725.21452145	0.00003369
-725.18151815	-0.00000232
-725.14851485	0.00001768
-725.11551155	-0.00008256
-725.08250825	-0.00011877
-725.04950495	-0.00016503
-725.01650165	-0.00015335
-724.98349835	-0.00020111
-724.95049505	-0.00022791
-724.91749175	-0.00024804
-724.88448845	-0.00031683
-724.85148515	-0.00038447
-724.81848185	-0.00041895
-724.78547855	-0.00046074
-724.75247525	-0.00049694
-724.71947195	-0.00055771
-724.68646865	-0.00053543
-724.65346535	-0.00058463
-724.62046205	-0.00057918
-724.58745875	-0.00058856
-724.55445545	-0.00066567
-724.52145215	-0.00063652
-724.48844884	-0.00062170
-724.45544554	-0.00062178
-724.42244224	-0.00062485
-724.38943894	-0.00067954
-724.35643564	-0.00064200
-724.32343234	-0.00065440
-724.29042904	-0.00062951
-724.25742574	-0.00061442
-724.22442244	-0.00064369
-724.19141914	-0.00055971
-724.15841584	-0.00058884
-724.12541254	-0.00059188
-724.09240924	-0.00049983
-724.05940594	-0.00053036
-724.02640264	-0.00049101
-723.99339934	-0.00046265
-723.96039604	-0.00049902
-723.92739274	-0.00045383
-723.89438944	-0.00041234
-723.86138614	-0.00041327
-723.82838284	-0.00040985
-723.79537954	-0.00044247
-723.76237624	-0.00036830
-723.72937294	-0.00034457
-723.69636964	-0.00035567
-723.66336634	-0.00037554
-723.63036304	-0.00031059
-723.59735974	-0.00031515
-723.56435644	-0.00030765
-723.53135314	-0.00033870
-723.49834983	-0.00032740
-723.46534653	-0.00026912
-723.43234323	-0.00034784
-723.39933993	-0.00033475
-723.36633663	-0.00028961
-723.33333333	-0.00036910
-723.30033003	-0.00037289
-723.26732673	-0.00032184
-723.23432343	-0.00034022
-723.20132013	-0.00036082
-723.16831683	-0.00034251
-723.13531353	-0.00037043
-723.10231023	-0.00031089
-723.06930693	-0.00040978
-723.03630363	-0.00041040
-723.00330033	-0.00037977
-722.97029703	-0.00037322
-722.93729373	-0.00037813
-722.90429043	-0.00040884
-722.87128713	-0.00036057
-722.83828383	-0.00034830
-722.80528053	-0.00038684
-722.77227723	-0.00039571
-722.73927393	-0.00035891
-722.70627063	-0.00036761
-722.67326733	-0.00036389
-722.64026403	-0.00030814
-722.60726073	-0.00035678
-722.57425743	-0.00033302
-722.54125413	-0.00031103
-722.50825083	-0.00034136
-722.47524752	-0.00028681
-722.44224422	-0.00024867
-722.40924092	-0.00024333
-722.37623762	-0.00031417
-722.34323432	-0.00024034
-722.31023102	-0.00021331
-722.27722772	-0.00027690
-722.24422442	-0.00022558
-722.21122112	-0.00019389
-722.17821782	-0.00016809
-722.14521452	-0.00014111
-722.11221122	-0.00017915
-722.07920792	-0.00010194
-722.04620462	-0.00015605
-722.01320132	-0.00010622
-721.98019802	-0.00003706
-721.94719472	-0.00008827
-721.91419142	-0.00005455
-721.88118812	-0.00000929
-721.84818482	0.00002020
-721.81518152	-0.00004528
-721.78217822	0.00000601
-721.74917492	0.00005010
-721.71617162	0.00008675
-721.68316832	0.00008004
-721.65016502	0.00008703
-721.61716172	0.00012775
-721.58415842	0.00011546
-721.55115512	0.00016229
-721.51815182	0.00018775
-721.48514851	0.00017335
-721.45214521	0.00020033
-721.41914191	0.00023442
-721.38613861	0.00030172
-721.35313531	0.00027530
-721.32013201	0.00031293
-721.28712871	0.00028324
-721.25412541	0.00036051
-721.22112211	0.00037311
-721.18811881	0.00033521
-721.15511551	0.00038191
-721.12211221	0.00034504
-721.08910891	0.00042315
-721.05610561	0.00040536
-721.02310231	0.00038146
-720.99009901	0.00033731
-720.95709571	0.00041415
-720.92409241	0.00033654
-720.89108911	0.00031684
-720.85808581	0.00032076
-720.82508251	0.00028853
-720.79207921	0.00024954
-720.75907591	0.00024107
-720.72607261	0.00018582
-720.69306931	0.00016989
-720.66006601	0.00013611
-720.62706271	0.00005985
-720.59405941	0.00001548
-720.56105611	0.00005834
-720.52805281	-0.00008134
-720.49504950	-0.00006512
-720.46204620	-0.00014839
-720.42904290	-0.00016902
-720.39603960	-0.00021755
-720.36303630	-0.00027216
-720.33003300	-0.00025483
-720.29702970	-0.00033976
-720.26402640	-0.00031645
-720.23102310	-0.00041720
-720.19801980	-0.00036589
-720.16501650	-0.00043877
-720.13201320	-0.00039667
-720.09900990	-0.00045707
-720.06600660	-0.00044871
-720.03300330	-0.00049317
-720.00000000	-0.00046986
-719.96699670	-0.00047387
-719.93399340	-0.00048426
-719.90099010	-0.00044843
-719.86798680	-0.00046866
-719.83498350	-0.00047117
-719.80198020	-0.00048929
-719.76897690	-0.00042110
-719.73597360	-0.00044046
-719.70297030	-0.00043798
-719.66996700	-0.00042720
-719.63696370	-0.00046862
-719.60396040	-0.00039163
-719.57095710	-0.00041944
-719.53795380	-0.00042261
-719.50495050	-0.00041799
-719.47194719	-0.00041484
-719.43894389	-0.00043368
-719.40594059	-0.00043732
-719.37293729	-0.00037725
-719.33993399	-0.00043780
-719.30693069	-0.00041817
-719.27392739	-0.00036269
-719.24092409	-0.00039671
-719.20792079	-0.00043090
-719.17491749	-0.00041506
-719.14191419	-0.00035108
-719.10891089	-0.00032336
-719.07590759	-0.00031609
-719.04290429	-0.00034221
-719.00990099	-0.00029722
-718.97689769	-0.00021493
-718.94389439	-0.00025089
-718.91089109	-0.00021472
-718.87788779	-0.00013922
-718.84488449	-0.00015202
-718.81188119	-0.00009056
-718.77887789	-0.00009252
-718.74587459	-0.00000307
-718.71287129	-0.00002035
-718.67986799	0.00006347
-718.64686469	0.00011663
-718.61386139	0.00011812
-718.58085809	0.00021278
-718.54785479	0.00025714
-718.51485149	0.00025131
-718.48184818	0.00032208
-718.44884488	0.00041188
-718.41584158	0.00040933
-718.38283828	0.00042384
-718.34983498	0.00049825
-718.31683168	0.00053428
-718.28382838	0.00056974
-718.25082508	0.00060158
-718.21782178	0.00057707
-718.18481848	0.00065825
-718.15181518	0.00063223
-718.11881188	0.00064359
-718.08580858	0.00061885
-718.05280528	0.00067164
-718.01980198	0.00067679
-717.98679868	0.00058607
-717.95379538	0.00058222
-717.92079208	0.00057968
-717.88778878	0.00054318
-717.85478548	0.00050128
-717.82178218	0.00037282
-717.78877888	0.00033392
-717.75577558	0.00028683
-717.72277228	0.00024479
-717.68976898	0.00015047
-717.65676568	0.00003317
-717.62376238	0.00004056
-717.59075908	-0.00017082
-717.55775578	-0.00021485
-717.52475248	-0.00032956
-717.49174917	-0.00043683
-717.45874587	-0.00051846
-717.42574257	-0.00065628
-717.39273927	-0.00072262
-717.35973597	-0.00086363
-717.32673267	-0.00097138
-717.29372937	-0.00105645
-717.26072607	-0.00115050
-717.22772277	-0.00132637
-717.19471947	-0.00129300
-717.16171617	-0.00148606
-717.12871287	-0.00147809
-717.09570957	-0.00165872
-717.06270627	-0.00163661
-717.02970297	-0.00174654
-716.99669967	-0.00179972
-716.96369637	-0.00182736
-716.93069307	-0.00194917
-716.89768977	-0.00194879
-716.86468647	-0.00201049
-716.83168317	-0.00201913
-716.79867987	-0.00212855
-716.76567657	-0.00216069
-716.73267327	-0.00212502
-716.69966997	-0.00227590
-716.66666667	-0.00225607
-716.63366337	-0.00229293
-716.60066007	-0.00239634
-716.56765677	-0.00240558
-716.53465347	-0.00247206
-716.50165017	-0.00249581
-716.46864686	-0.00262297
-716.43564356	-0.00270562
-716.40264026	-0.00279017
-716.36963696	-0.00289076
-716.33663366	-0.00301023
-716.30363036	-0.00313683
-716.27062706	-0.00327975
-716.23762376	-0.00348882
-716.20462046	-0.00357447
-716.17161716	-0.00385242
-716.13861386	-0.00395027
-716.10561056	-0.00422089
-716.07260726	-0.00440757
-716.03960396	-0.00463996
-716.00660066	-0.00486915
-715.97359736	-0.00510259
-715.94059406	-0.00538673
-715.90759076	-0.00560327
-715.87458746	-0.00586415
-715.84158416	-0.00611853
-715.80858086	-0.00638362
-715.77557756	-0.00657881
-715.74257426	-0.00683158
-715.70957096	-0.00703669
-715.67656766	-0.00722902
-715.64356436	-0.00745107
-715.61056106	-0.00759163
-715.57755776	-0.00776900
-715.54455446	-0.00788837
-715.51155116	-0.00800102
-715.47854785	-0.00809179
-715.44554455	-0.00816694
-715.41254125	-0.00818425
-715.37953795	-0.00823978
-715.34653465	-0.00821108
-715.31353135	-0.00816857
-715.28052805	-0.00812296
-715.24752475	-0.00800818
-715.21452145	-0.00794960
-715.18151815	-0.00775538
-715.14851485	-0.00768751
-715.11551155	-0.00746849
-715.08250825	-0.00727185
-715.04950495	-0.00707681
-715.01650165	-0.00679049
-714.98349835	-0.00654678
-714.95049505	-0.00622873
-714.91749175	-0.00597892
-714.88448845	-0.00557107
-714.85148515	-0.00528261
-714.81848185	-0.00486367
-714.78547855	-0.00447282
-714.75247525	-0.00392948
-714.71947195	-0.00353544
-714.68646865	-0.00301628
-714.65346535	-0.00242684
-714.62046205	-0.00176945
-714.58745875	-0.00117016
-714.55445545	-0.00037119
-714.52145215	0.00040273
-714.48844884	0.00131169
-714.45544554	0.00228269
-714.42244224	0.00332633
-714.38943894	0.00454915
-714.35643564	0.00580076
-714.32343234	0.00722196
-714.29042904	0.00875796
-714.25742574	0.01047905
-714.22442244	0.01236123
-714.19141914	0.01437374
-714.15841584	0.01656687
-714.12541254	0.01910074
-714.09240924	0.02164665
-714.05940594	0.02456500
-714.02640264	0.02757916
-713.99339934	0.03103446
-713.96039604	0.03458091
-713.92739274	0.03852063
-713.89438944	0.04265455
-713.86138614	0.04717466
-713.82838284	0.05189959
-713.79537954	0.05690585
-713.76237624	0.06223348
-713.72937294	0.06787917
-713.69636964	0.07368729
-713.66336634	0.07984083
-713.63036304	0.08616823
-713.59735974	0.09271196
-713.56435644	0.09934060
-713.53135314	0.10615893
-713.49834983	0.11292471
-713.46534653	0.11972547
-713.43234323	0.12650679
-713.39933993	0.13304020
-713.36633663	0.13936796
-713.33333333	0.14521846
-713.30033003	0.15084786
-713.26732673	0.15570790
-713.23432343	0.16001872
-713.20132013	0.16344738
-713.16831683	0.16600196
-713.13531353	0.16751730
-713.10231023	0.16786515
-713.06930693	0.16684220
-713.03630363	0.16447462
-713.00330033	0.16055292
-712.97029703	0.15500995
-712.93729373	0.14780612
-712.90429043	0.13874684
-712.87128713	0.12797743
-712.83828383	0.11522370
-712.80528053	0.10071512
-712.77227723	0.08430916
-712.73927393	0.06615307
-712.70627063	0.04620165
-712.67326733	0.02478310
-712.64026403	0.00178357
-712.60726073	-0.02239662
-712.57425743	-0.04779736
-712.54125413	-0.07393778
-712.50825083	-0.10084057
-712.47524752	-0.12805686
-712.44224422	-0.15532108
-712.40924092	-0.18241541
-712.37623762	-0.20897295
-712.34323432	-0.23468312
-712.31023102	-0.25934939
-712.27722772	-0.28253770
-712.24422442	-0.30401989
-712.21122112	-0.32356818
-712.17821782	-0.34096426
-712.14521452	-0.35589164
-712.11221122	-0.36824044
-712.07920792	-0.37788048
-712.04620462	-0.38461452
-712.01320132	-0.38853459
-711.98019802	-0.38939528
-711.94719472	-0.38745242
-711.91419142	-0.38257035
-711.88118812	-0.37482702
-711.84818482	-0.36452820
-711.81518152	-0.35159885
-711.78217822	-0.33643488
-711.74917492	-0.31902240
-711.71617162	-0.29982822
-711.68316832	-0.27882417
-711.65016502	-0.25658408
-711.61716172	-0.23302254
-711.58415842	-0.20871851
-711.55115512	-0.18374828
-711.51815182	-0.15841408
-711.48514851	-0.13306865
-711.45214521	-0.10776885
-711.41914191	-0.08281696
-711.38613861	-0.05849667
-711.35313531	-0.03483622
-711.32013201	-0.01225841
-711.28712871	0.00945046
-711.25412541	0.02986432
-711.22112211	0.04910354
-711.18811881	0.06702172
-711.15511551	0.08353680
-711.12211221	0.09864816
-711.08910891	0.11238998
-711.05610561	0.12472793
-711.02310231	0.13565082
-710.99009901	0.14525284
-710.95709571	0.15357547
-710.92409241	0.16066727
-710.89108911	0.16660954
-710.85808581	0.17143000
-710.82508251	0.17520323
-710.79207921	0.17811309
-710.75907591	0.18006388
-710.72607261	0.18122898
-710.69306931	0.18170187
-710.66006601	0.18141820
-710.62706271	0.18066178
-710.59405941	0.17921573
-710.56105611	0.17738407
-710.52805281	0.17503219
-710.49504950	0.17230631
-710.46204620	0.16926624
-710.42904290	0.16583412
-710.39603960	0.16217301
-710.36303630	0.15824190
-710.33003300	0.15403473
-710.29702970	0.14974450
-710.26402640	0.14512600
-710.23102310	0.14047915
-710.19801980	0.13562810
-710.16501650	0.13069003
-710.13201320	0.12570662
-710.09900990	0.12061762
-710.06600660	0.11542352
-710.03300330	0.11025587
-710.00000000	0.10504722
-709.96699670	0.09984105
-709.93399340	0.09465085
-709.90099010	0.08944981
-709.86798680	0.08431806
-709.83498350	0.07920883
-709.80198020	0.07413981
-709.76897690	0.06913319
-709.73597360	0.06425565
-709.70297030	0.05939215
-709.66996700	0.05469008
-709.63696370	0.05004477
-709.60396040	0.04549419
-709.57095710	0.04109584
-709.53795380	0.03674472
-709.50495050	0.03258695
-709.47194719	0.02850155
-709.43894389	0.02463977
-709.40594059	0.02090647
-709.37293729	0.01731242
-709.33993399	0.01393469
-709.30693069	0.01071017
-709.27392739	0.00762075
-709.24092409	0.00490305
-709.20792079	0.00223672
-709.17491749	-0.00014482
-709.14191419	-0.00230508
-709.10891089	-0.00421935
-709.07590759	-0.00595888
-709.04290429	-0.00742573
-709.00990099	-0.00876807
-708.97689769	-0.00972260
-708.94389439	-0.01057541
-708.91089109	-0.01128131
-708.87788779	-0.01165687
-708.84488449	-0.01197271
-708.81188119	-0.01211292
-708.77887789	-0.01212566
-708.74587459	-0.01200063
-708.71287129	-0.01182564
-708.67986799	-0.01157711
-708.64686469	-0.01125810
-708.61386139	-0.01095894
-708.58085809	-0.01059694
-708.54785479	-0.01030267
-708.51485149	-0.01000912
-708.48184818	-0.00984826
-708.44884488	-0.00962630
-708.41584158	-0.00960314
-708.38283828	-0.00957014
-708.34983498	-0.00966658
-708.31683168	-0.00996179
-708.28382838	-0.01026497
-708.25082508	-0.01069142
-708.21782178	-0.01122437
-708.18481848	-0.01192687
-708.15181518	-0.01271044
-708.11881188	-0.01354269
-708.08580858	-0.01450079
-708.05280528	-0.01551183
-708.01980198	-0.01673233
-707.98679868	-0.01778898
-707.95379538	-0.01911688
-707.92079208	-0.02033448
-707.88778878	-0.02160870
-707.85478548	-0.02285714
-707.82178218	-0.02413044
-707.78877888	-0.02525779
-707.75577558	-0.02641888
-707.72277228	-0.02754569
-707.68976898	-0.02842744
-707.65676568	-0.02932161
-707.62376238	-0.03003746
-707.59075908	-0.03058791
-707.55775578	-0.03102987
-707.52475248	-0.03129808
-707.49174917	-0.03135356
-707.45874587	-0.03124199
-707.42574257	-0.03099678
-707.39273927	-0.03052096
-707.35973597	-0.02985505
-707.32673267	-0.02908135
-707.29372937	-0.02801740
-707.26072607	-0.02685604
-707.22772277	-0.02565661
-707.19471947	-0.02417873
-707.16171617	-0.02259140
-707.12871287	-0.02109433
-707.09570957	-0.01936253
-707.06270627	-0.01765324
-707.02970297	-0.01595462
-706.99669967	-0.01416181
-706.96369637	-0.01254573
-706.93069307	-0.01089856
-706.89768977	-0.00934805
-706.86468647	-0.00796255
-706.83168317	-0.00654822
-706.79867987	-0.00546647
-706.76567657	-0.00439376
-706.73267327	-0.00354859
-706.69966997	-0.00287268
-706.66666667	-0.00243118
-706.63366337	-0.00208358
-706.60066007	-0.00203944
-706.56765677	-0.00213112
-706.53465347	-0.00232575
-706.50165017	-0.00281338
-706.46864686	-0.00332623
-706.43564356	-0.00406239
-706.40264026	-0.00487862
-706.36963696	-0.00586473
-706.33663366	-0.00686420
-706.30363036	-0.00785020
-706.27062706	-0.00894942
-706.23762376	-0.01005596
-706.20462046	-0.01114193
-706.17161716	-0.01215151
-706.13861386	-0.01308073
-706.10561056	-0.01396688
-706.07260726	-0.01471055
-706.03960396	-0.01539379
-706.00660066	-0.01595329
-705.97359736	-0.01624718
-705.94059406	-0.01649266
-705.90759076	-0.01652865
-705.87458746	-0.01644840
-705.84158416	-0.01615531
-705.80858086	-0.01568211
-705.77557756	-0.01508805
-705.74257426	-0.01423135
-705.70957096	-0.01336928
-705.67656766	-0.01225663
-705.64356436	-0.01107443
-705.61056106	-0.00976460
-705.57755776	-0.00825857
-705.54455446	-0.00675426
-705.51155116	-0.00515595
-705.47854785	-0.00349345
-705.44554455	-0.00178508
-705.41254125	-0.00016215
-705.37953795	0.00162004
-705.34653465	0.00321069
-705.31353135	0.00487465
-705.28052805	0.00641433
-705.24752475	0.00786377
-705.21452145	0.00927562
-705.18151815	0.01050767
-705.14851485	0.01162894
-705.11551155	0.01266643
-705.08250825	0.01339882
-705.04950495	0.01409825
-705.01650165	0.01453596
-704.98349835	0.01480873
-704.95049505	0.01489728
-704.91749175	0.01486086
-704.88448845	0.01449064
-704.85148515	0.01401834
-704.81848185	0.01342312
-704.78547855	0.01251083
-704.75247525	0.01149621
-704.71947195	0.01039567
-704.68646865	0.00909016
-704.65346535	0.00763684
-704.62046205	0.00613120
-704.58745875	0.00448955
-704.55445545	0.00283559
-704.52145215	0.00108756
-704.48844884	-0.00070080
-704.45544554	-0.00241336
-704.42244224	-0.00421780
-704.38943894	-0.00591220
-704.35643564	-0.00770335
-704.32343234	-0.00924724
-704.29042904	-0.01075819
-704.25742574	-0.01224954
-704.22442244	-0.01349743
-704.19141914	-0.01468828
-704.15841584	-0.01569876
-704.12541254	-0.01656558
-704.09240924	-0.01739110
-704.05940594	-0.01787227
-704.02640264	-0.01825907
-703.99339934	-0.01847451
-703.96039604	-0.01848889
-703.92739274	-0.01832518
-703.89438944	-0.01804122
-703.86138614	-0.01752027
-703.82838284	-0.01685295
-703.79537954	-0.01600212
-703.76237624	-0.01495658
-703.72937294	-0.01390721
-703.69636964	-0.01262178
-703.66336634	-0.01119453
-703.63036304	-0.00973179
-703.59735974	-0.00806182
-703.56435644	-0.00635049
-703.53135314	-0.00455393
-703.49834983	-0.00266372
-703.46534653	-0.00083168
-703.43234323	0.00109754
-703.39933993	0.00299343
-703.36633663	0.00493572
-703.33333333	0.00676231
-703.30033003	0.00863658
-703.26732673	0.01033606
-703.23432343	0.01197594
-703.20132013	0.01354561
-703.16831683	0.01490744
-703.13531353	0.01623544
-703.10231023	0.01728472
-703.06930693	0.01820329
-703.03630363	0.01895233
-703.00330033	0.01949863
-702.97029703	0.01976677
-702.93729373	0.01995597
-702.90429043	0.01985443
-702.87128713	0.01953170
-702.83828383	0.01898507
-702.80528053	0.01831606
-702.77227723	0.01742780
-702.73927393	0.01638037
-702.70627063	0.01506383
-702.67326733	0.01375877
-702.64026403	0.01228560
-702.60726073	0.01056968
-702.57425743	0.00894420
-702.54125413	0.00718407
-702.50825083	0.00535948
-702.47524752	0.00356546
-702.44224422	0.00175081
-702.40924092	-0.00007094
-702.37623762	-0.00176859
-702.34323432	-0.00351667
-702.31023102	-0.00503968
-702.27722772	-0.00658348
-702.24422442	-0.00797214
-702.21122112	-0.00926158
-702.17821782	-0.01035301
-702.14521452	-0.01137256
-702.11221122	-0.01217206
-702.07920792	-0.01277440
-702.04620462	-0.01336231
-702.01320132	-0.01365317
-701.98019802	-0.01394093
-701.94719472	-0.01390256
-701.91419142	-0.01380997
-701.88118812	-0.01359466
-701.84818482	-0.01317470
-701.81518152	-0.01264761
-701.78217822	-0.01202383
-701.74917492	-0.01135945
-701.71617162	-0.01048952
-701.68316832	-0.00953184
-701.65016502	-0.00864350
-701.61716172	-0.00764740
-701.58415842	-0.00660297
-701.55115512	-0.00544564
-701.51815182	-0.00447333
-701.48514851	-0.00336480
-701.45214521	-0.00231772
-701.41914191	-0.00137296
-701.38613861	-0.00048573
-701.35313531	0.00052721
-701.32013201	0.00123368
-701.28712871	0.00195862
-701.25412541	0.00261012
-701.22112211	0.00312322
-701.18811881	0.00353495
-701.15511551	0.00386863
-701.12211221	0.00409207
-701.08910891	0.00412963
-701.05610561	0.00416966
-701.02310231	0.00404713
-700.99009901	0.00380087
-700.95709571	0.00359315
-700.92409241	0.00316012
-700.89108911	0.00273356
-700.85808581	0.00225776
-700.82508251	0.00172520
-700.79207921	0.00116942
-700.75907591	0.00057078
-700.72607261	0.00006534
-700.69306931	-0.00048839
-700.66006601	-0.00111938
-700.62706271	-0.00156349
-700.59405941	-0.00197582
-700.56105611	-0.00240385
-700.52805281	-0.00271233
-700.49504950	-0.00301319
-700.46204620	-0.00320399
-700.42904290	-0.00332191
-700.39603960	-0.00335424
-700.36303630	-0.00339994
-700.33003300	-0.00326780
-700.29702970	-0.00311871
-700.26402640	-0.00292822
-700.23102310	-0.00270808
-700.19801980	-0.00237320
-700.16501650	-0.00212067
-700.13201320	-0.00177339
-700.09900990	-0.00129403
-700.06600660	-0.00097955
-700.03300330	-0.00058476
-700.00000000	-0.00018874
-699.96699670	0.00019736
-699.93399340	0.00059257
-699.90099010	0.00102126
-699.86798680	0.00137666
-699.83498350	0.00168583
-699.80198020	0.00211431
-699.76897690	0.00235143
-699.73597360	0.00262640
-699.70297030	0.00305214
-699.66996700	0.00318489
-699.63696370	0.00349115
-699.60396040	0.00369043
-699.57095710	0.00381904
-699.53795380	0.00397620
-699.50495050	0.00417279
-699.47194719	0.00421576
-699.43894389	0.00427601
-699.40594059	0.00426674
-699.37293729	0.00426247
-699.33993399	0.00422038
-699.30693069	0.00412906
-699.27392739	0.00396092
-699.24092409	0.00382999
-699.20792079	0.00361456
-699.17491749	0.00337300
-699.14191419	0.00311401
-699.10891089	0.00275806
-699.07590759	0.00243059
-699.04290429	0.00206394
-699.00990099	0.00170536
-698.97689769	0.00131843
-698.94389439	0.00088760
-698.91089109	0.00049839
-698.87788779	0.00006974
-698.84488449	-0.00031364
-698.81188119	-0.00064293
-698.77887789	-0.00107137
-698.74587459	-0.00134658
-698.71287129	-0.00165338
-698.67986799	-0.00191783
-698.64686469	-0.00217542
-698.61386139	-0.00231655
-698.58085809	-0.00247709
-698.54785479	-0.00255026
-698.51485149	-0.00255823
-698.48184818	-0.00261779
-698.44884488	-0.00242000
-698.41584158	-0.00235960
-698.38283828	-0.00219784
-698.34983498	-0.00190049
-698.31683168	-0.00163489
-698.28382838	-0.00126050
-698.25082508	-0.00085448
-698.21782178	-0.00038921
-698.18481848	0.00009751
-698.15181518	0.00062891
-698.11881188	0.00124443
-698.08580858	0.00186571
-698.05280528	0.00242123
-698.01980198	0.00314914
-697.98679868	0.00380704
-697.95379538	0.00442219
-697.92079208	0.00507951
-697.88778878	0.00566134
-697.85478548	0.00630802
-697.82178218	0.00683468
-697.78877888	0.00729430
-697.75577558	0.00773676
-697.72277228	0.00805296
-697.68976898	0.00837949
-697.65676568	0.00850301
-697.62376238	0.00853568
-697.59075908	0.00854630
-697.55775578	0.00845545
-697.52475248	0.00813010
-697.49174917	0.00778333
-697.45874587	0.00739718
-697.42574257	0.00677473
-697.39273927	0.00607874
-697.35973597	0.00538464
-697.32673267	0.00459117
-697.29372937	0.00360222
-697.26072607	0.00274099
-697.22772277	0.00174112
-697.19471947	0.00068092
-697.16171617	-0.00032830
-697.12871287	-0.00127785
-697.09570957	-0.00224460
-697.06270627	-0.00326247
-697.02970297	-0.00413996
-696.99669967	-0.00488428
-696.96369637	-0.00568734
-696.93069307	-0.00644800
-696.89768977	-0.00692381
-696.86468647	-0.00745782
-696.83168317	-0.00774266
-696.79867987	-0.00805212
-696.76567657	-0.00817169
-696.73267327	-0.00823996
-696.69966997	-0.00815122
-696.66666667	-0.00791174
-696.63366337	-0.00761297
-696.60066007	-0.00724090
-696.56765677	-0.00670167
-696.53465347	-0.00615661
-696.50165017	-0.00549731
-696.46864686	-0.00474122
-696.43564356	-0.00394219
-696.40264026	-0.00312954
-696.36963696	-0.00229010
-696.33663366	-0.00139061
-696.30363036	-0.00043780
-696.27062706	0.00041803
-696.23762376	0.00132244
-696.20462046	0.00219366
-696.17161716	0.00303503
-696.13861386	0.00381850
-696.10561056	0.00455157
-696.07260726	0.00521791
-696.03960396	0.00574511
-696.00660066	0.00621172
-695.97359736	0.00667421
-695.94059406	0.00687092
-695.90759076	0.00706703
-695.87458746	0.00712801
-695.84158416	0.00710024
-695.80858086	0.00691578
-695.77557756	0.00661688
-695.74257426	0.00629206
-695.70957096	0.00578238
-695.67656766	0.00521261
-695.64356436	0.00460871
-695.61056106	0.00383353
-695.57755776	0.00308388
-695.54455446	0.00228574
-695.51155116	0.00143365
-695.47854785	0.00052568
-695.44554455	-0.00026390
-695.41254125	-0.00115378
-695.37953795	-0.00198480
-695.34653465	-0.00275635
-695.31353135	-0.00354584
-695.28052805	-0.00420334
-695.24752475	-0.00483006
-695.21452145	-0.00545366
-695.18151815	-0.00589146
-695.14851485	-0.00629582
-695.11551155	-0.00674341
-695.08250825	-0.00690635
-695.04950495	-0.00706035
-695.01650165	-0.00721161
-694.98349835	-0.00720372
-694.95049505	-0.00711680
-694.91749175	-0.00709820
-694.88448845	-0.00683650
-694.85148515	-0.00663625
-694.81848185	-0.00634589
-694.78547855	-0.00604365
-694.75247525	-0.00559167
-694.71947195	-0.00523500
-694.68646865	-0.00475630
-694.65346535	-0.00431045
-694.62046205	-0.00380262
-694.58745875	-0.00328459
-694.55445545	-0.00275810
-694.52145215	-0.00218101
-694.48844884	-0.00168788
-694.45544554	-0.00114346
-694.42244224	-0.00056958
-694.38943894	-0.00003042
-694.35643564	0.00053946
-694.32343234	0.00103860
-694.29042904	0.00158120
-694.25742574	0.00203663
-694.22442244	0.00249592
-694.19141914	0.00296822
-694.15841584	0.00329001
-694.12541254	0.00365148
-694.09240924	0.00400372
-694.05940594	0.00429823
-694.02640264	0.00438998
-693.99339934	0.00457409
-693.96039604	0.00471635
-693.92739274	0.00468067
-693.89438944	0.00466666
-693.86138614	0.00457416
-693.82838284	0.00439167
-693.79537954	0.00420617
-693.76237624	0.00394809
-693.72937294	0.00360613
-693.69636964	0.00321311
-693.66336634	0.00271875
-693.63036304	0.00233080
-693.59735974	0.00181324
-693.56435644	0.00129737
-693.53135314	0.00071799
-693.49834983	0.00013500
-693.46534653	-0.00038055
-693.43234323	-0.00097682
-693.39933993	-0.00154347
-693.36633663	-0.00209404
-693.33333333	-0.00264903
-693.30033003	-0.00313155
-693.26732673	-0.00353755
-693.23432343	-0.00403214
-693.20132013	-0.00445015
-693.16831683	-0.00470853
-693.13531353	-0.00493553
-693.10231023	-0.00525426
-693.06930693	-0.00538199
-693.03630363	-0.00541028
-693.00330033	-0.00546773
-692.97029703	-0.00535314
-692.93729373	-0.00523967
-692.90429043	-0.00504985
-692.87128713	-0.00473837
-692.83828383	-0.00442845
-692.80528053	-0.00400610
-692.77227723	-0.00353554
-692.73927393	-0.00301674
-692.70627063	-0.00243553
-692.67326733	-0.00180796
-692.64026403	-0.00114782
-692.60726073	-0.00049151
-692.57425743	0.00022850
-692.54125413	0.00095477
-692.50825083	0.00167510
-692.47524752	0.00233867
-692.44224422	0.00304444
-692.40924092	0.00372607
-692.37623762	0.00431480
-692.34323432	0.00486649
-692.31023102	0.00540369
-692.27722772	0.00582187
-692.24422442	0.00616363
-692.21122112	0.00650979
-692.17821782	0.00670451
-692.14521452	0.00680427
-692.11221122	0.00686574
-692.07920792	0.00685191
-692.04620462	0.00667528
-692.01320132	0.00645418
-691.98019802	0.00623444
-691.94719472	0.00585258
-691.91419142	0.00537479
-691.88118812	0.00490881
-691.84818482	0.00435186
-691.81518152	0.00380718
-691.78217822	0.00313439
-691.74917492	0.00245929
-691.71617162	0.00188782
-691.68316832	0.00120680
-691.65016502	0.00050857
-691.61716172	-0.00007885
-691.58415842	-0.00069736
-691.55115512	-0.00122085
-691.51815182	-0.00177204
-691.48514851	-0.00224708
-691.45214521	-0.00264460
-691.41914191	-0.00293823
-691.38613861	-0.00323211
-691.35313531	-0.00340657
-691.32013201	-0.00356781
-691.28712871	-0.00360754
-691.25412541	-0.00354558
-691.22112211	-0.00345554
-691.18811881	-0.00331321
-691.15511551	-0.00311022
-691.12211221	-0.00275517
-691.08910891	-0.00250926
-691.05610561	-0.00213495
-691.02310231	-0.00171319
-690.99009901	-0.00129301
-690.95709571	-0.00090572
-690.92409241	-0.00046437
-690.89108911	0.00001392
-690.85808581	0.00036240
-690.82508251	0.00075995
-690.79207921	0.00118256
-690.75907591	0.00150534
-690.72607261	0.00174789
-690.69306931	0.00204485
-690.66006601	0.00225178
-690.62706271	0.00235273
-690.59405941	0.00246469
-690.56105611	0.00246628
-690.52805281	0.00248214
-690.49504950	0.00248113
-690.46204620	0.00227656
-690.42904290	0.00213808
-690.39603960	0.00197501
-690.36303630	0.00170777
-690.33003300	0.00140692
-690.29702970	0.00111510
-690.26402640	0.00077318
-690.23102310	0.00047145
-690.19801980	0.00008679
-690.16501650	-0.00031836
-690.13201320	-0.00068079
-690.09900990	-0.00097322
-690.06600660	-0.00139405
-690.03300330	-0.00174687
-690.00000000	-0.00205067
-689.96699670	-0.00235664
-689.93399340	-0.00262345
-689.90099010	-0.00285421
-689.86798680	-0.00317162
-689.83498350	-0.00327451
-689.80198020	-0.00345886
-689.76897690	-0.00349517
-689.73597360	-0.00364402
-689.70297030	-0.00368145
-689.66996700	-0.00367110
-689.63696370	-0.00365496
-689.60396040	-0.00355404
-689.57095710	-0.00348617
-689.53795380	-0.00330296
-689.50495050	-0.00313859
-689.47194719	-0.00295030
-689.43894389	-0.00271602
-689.40594059	-0.00241162
-689.37293729	-0.00214220
-689.33993399	-0.00191069
-689.30693069	-0.00153880
-689.27392739	-0.00119243
-689.24092409	-0.00086760
-689.20792079	-0.00050177
-689.17491749	-0.00023439
-689.14191419	0.00023618
-689.10891089	0.00055777
-689.07590759	0.00090959
-689.04290429	0.00123999
-689.00990099	0.00157848
-688.97689769	0.00182999
-688.94389439	0.00217385
-688.91089109	0.00239380
-688.87788779	0.00267441
-688.84488449	0.00293836
-688.81188119	0.00305105
-688.77887789	0.00323640
-688.74587459	0.00336413
-688.71287129	0.00343327
-688.67986799	0.00348687
-688.64686469	0.00349418
-688.61386139	0.00344439
-688.58085809	0.00343643
-688.54785479	0.00331521
-688.51485149	0.00315052
-688.48184818	0.00302243
-688.44884488	0.00277618
-688.41584158	0.00252357
-688.38283828	0.00225043
-688.34983498	0.00192245
-688.31683168	0.00155119
-688.28382838	0.00121704
-688.25082508	0.00076578
-688.21782178	0.00037766
-688.18481848	-0.00009328
-688.15181518	-0.00052303
-688.11881188	-0.00097928
-688.08580858	-0.00148068
-688.05280528	-0.00194678
-688.01980198	-0.00238200
-687.98679868	-0.00285540
-687.95379538	-0.00324430
-687.92079208	-0.00371848
-687.88778878	-0.00402285
-687.85478548	-0.00439683
-687.82178218	-0.00467293
-687.78877888	-0.00489420
-687.75577558	-0.00512822
-687.72277228	-0.00524101
-687.68976898	-0.00524144
-687.65676568	-0.00533346
-687.62376238	-0.00525619
-687.59075908	-0.00515987
-687.55775578	-0.00496435
-687.52475248	-0.00464259
-687.49174917	-0.00443186
-687.45874587	-0.00402833
-687.42574257	-0.00359869
-687.39273927	-0.00314098
-687.35973597	-0.00266129
-687.32673267	-0.00212217
-687.29372937	-0.00157508
-687.26072607	-0.00102571
-687.22772277	-0.00040959
-687.19471947	0.00018901
-687.16171617	0.00071459
-687.12871287	0.00128694
-687.09570957	0.00178834
-687.06270627	0.00232859
-687.02970297	0.00278038
-686.99669967	0.00313961
-686.96369637	0.00350606
-686.93069307	0.00374859
-686.89768977	0.00403683
-686.86468647	0.00415188
-686.83168317	0.00420234
-686.79867987	0.00418971
-686.76567657	0.00412184
-686.73267327	0.00401478
-686.69966997	0.00372178
-686.66666667	0.00345154
-686.63366337	0.00314018
-686.60066007	0.00264540
-686.56765677	0.00221626
-686.53465347	0.00164623
-686.50165017	0.00110192
-686.46864686	0.00055596
-686.43564356	-0.00001524
-686.40264026	-0.00067158
-686.36963696	-0.00120224
-686.33663366	-0.00183316
-686.30363036	-0.00242635
-686.27062706	-0.00289035
-686.23762376	-0.00337595
-686.20462046	-0.00386051
-686.17161716	-0.00415208
-686.13861386	-0.00453503
-686.10561056	-0.00476996
-686.07260726	-0.00488706
-686.03960396	-0.00500240
-686.00660066	-0.00505572
-685.97359736	-0.00489250
-685.94059406	-0.00476142
-685.90759076	-0.00459045
-685.87458746	-0.00421005
-685.84158416	-0.00388449
-685.80858086	-0.00347396
-685.77557756	-0.00297170
-685.74257426	-0.00238075
-685.70957096	-0.00185137
-685.67656766	-0.00127046
-685.64356436	-0.00066589
-685.61056106	-0.00004691
-685.57755776	0.00062846
-685.54455446	0.00130136
-685.51155116	0.00190888
-685.47854785	0.00249148
-685.44554455	0.00304681
-685.41254125	0.00359565
-685.37953795	0.00408965
-685.34653465	0.00457505
-685.31353135	0.00498316
-685.28052805	0.00534868
-685.24752475	0.00560670
-685.21452145	0.00587138
-685.18151815	0.00610685
-685.14851485	0.00617850
-685.11551155	0.00628828
-685.08250825	0.00635407
-685.04950495	0.00628393
-685.01650165	0.00623124
-684.98349835	0.00611151
-684.95049505	0.00590791
-684.91749175	0.00573330
-684.88448845	0.00542644
-684.85148515	0.00522010
-684.81848185	0.00486103
-684.78547855	0.00450390
-684.75247525	0.00416978
-684.71947195	0.00375316
-684.68646865	0.00336258
-684.65346535	0.00299005
-684.62046205	0.00255182
-684.58745875	0.00213139
-684.55445545	0.00178814
-684.52145215	0.00135764
-684.48844884	0.00096677
-684.45544554	0.00069125
-684.42244224	0.00033044
-684.38943894	-0.00001154
-684.35643564	-0.00024523
-684.32343234	-0.00049776
-684.29042904	-0.00070591
-684.25742574	-0.00083662
-684.22442244	-0.00094449
-684.19141914	-0.00105893
-684.15841584	-0.00113125
-684.12541254	-0.00106016
-684.09240924	-0.00099916
-684.05940594	-0.00101803
-684.02640264	-0.00087561
-683.99339934	-0.00067834
-683.96039604	-0.00059697
-683.92739274	-0.00033247
-683.89438944	-0.00011014
-683.86138614	0.00013436
-683.82838284	0.00042390
-683.79537954	0.00069195
-683.76237624	0.00096561
-683.72937294	0.00135600
-683.69636964	0.00161645
-683.66336634	0.00195697
-683.63036304	0.00227996
-683.59735974	0.00256696
-683.56435644	0.00292808
-683.53135314	0.00322608
-683.49834983	0.00351135
-683.46534653	0.00375619
-683.43234323	0.00406742
-683.39933993	0.00426964
-683.36633663	0.00451071
-683.33333333	0.00477564
-683.30033003	0.00481882
-683.26732673	0.00502992
-683.23432343	0.00514718
-683.20132013	0.00514874
-683.16831683	0.00529222
-683.13531353	0.00521733
-683.10231023	0.00512209
-683.06930693	0.00505790
-683.03630363	0.00491441
-683.00330033	0.00473420
-682.97029703	0.00448558
-682.93729373	0.00418013
-682.90429043	0.00389328
-682.87128713	0.00346863
-682.83828383	0.00306551
-682.80528053	0.00268118
-682.77227723	0.00210625
-682.73927393	0.00158905
-682.70627063	0.00110710
-682.67326733	0.00052495
-682.64026403	0.00000445
-682.60726073	-0.00053985
-682.57425743	-0.00115286
-682.54125413	-0.00168453
-682.50825083	-0.00223166
-682.47524752	-0.00266522
-682.44224422	-0.00315986
-682.40924092	-0.00363139
-682.37623762	-0.00403530
-682.34323432	-0.00432996
-682.31023102	-0.00462914
-682.27722772	-0.00489546
-682.24422442	-0.00505869
-682.21122112	-0.00514942
-682.17821782	-0.00525837
-682.14521452	-0.00528460
-682.11221122	-0.00517912
-682.07920792	-0.00505156
-682.04620462	-0.00494487
-682.01320132	-0.00471440
-681.98019802	-0.00448249
-681.94719472	-0.00420841
-681.91419142	-0.00392092
-681.88118812	-0.00360097
-681.84818482	-0.00331569
-681.81518152	-0.00293830
-681.78217822	-0.00264124
-681.74917492	-0.00229184
-681.71617162	-0.00200856
-681.68316832	-0.00174816
-681.65016502	-0.00146257
-681.61716172	-0.00135702
-681.58415842	-0.00110290
-681.55115512	-0.00100542
-681.51815182	-0.00099542
-681.48514851	-0.00092429
-681.45214521	-0.00098576
-681.41914191	-0.00109818
-681.38613861	-0.00120711
-681.35313531	-0.00138681
-681.32013201	-0.00165437
-681.28712871	-0.00186674
-681.25412541	-0.00222544
-681.22112211	-0.00251935
-681.18811881	-0.00287707
-681.15511551	-0.00330076
-681.12211221	-0.00364885
-681.08910891	-0.00410626
-681.05610561	-0.00441353
-681.02310231	-0.00488414
-680.99009901	-0.00525494
-680.95709571	-0.00554661
-680.92409241	-0.00588581
-680.89108911	-0.00622771
-680.85808581	-0.00640630
-680.82508251	-0.00662837
-680.79207921	-0.00684074
-680.75907591	-0.00686240
-680.72607261	-0.00689431
-680.69306931	-0.00691150
-680.66006601	-0.00685032
-680.62706271	-0.00671029
-680.59405941	-0.00646924
-680.56105611	-0.00621935
-680.52805281	-0.00601048
-680.49504950	-0.00552717
-680.46204620	-0.00518416
-680.42904290	-0.00467503
-680.39603960	-0.00427009
-680.36303630	-0.00369468
-680.33003300	-0.00313480
-680.29702970	-0.00258729
-680.26402640	-0.00196185
-680.23102310	-0.00136571
-680.19801980	-0.00077390
-680.16501650	-0.00018312
-680.13201320	0.00046325
-680.09900990	0.00099322
-680.06600660	0.00157496
-680.03300330	0.00209613
-680.00000000	0.00259501
-679.96699670	0.00309907
-679.93399340	0.00346049
-679.90099010	0.00383306
-679.86798680	0.00419170
-679.83498350	0.00447190
-679.80198020	0.00467751
-679.76897690	0.00487210
-679.73597360	0.00500116
-679.70297030	0.00504048
-679.66996700	0.00509293
-679.63696370	0.00513791
-679.60396040	0.00497397
-679.57095710	0.00489699
-679.53795380	0.00482781
-679.50495050	0.00453590
-679.47194719	0.00441206
-679.43894389	0.00417429
-679.40594059	0.00392980
-679.37293729	0.00360135
-679.33993399	0.00336043
-679.30693069	0.00302934
-679.27392739	0.00274379
-679.24092409	0.00246472
-679.20792079	0.00210873
-679.17491749	0.00178733
-679.14191419	0.00148533
-679.10891089	0.00115338
-679.07590759	0.00088299
-679.04290429	0.00060013
-679.00990099	0.00027281
-678.97689769	0.00001314
-678.94389439	-0.00023647
-678.91089109	-0.00049543
-678.87788779	-0.00077311
-678.84488449	-0.00092334
-678.81188119	-0.00122756
-678.77887789	-0.00133220
-678.74587459	-0.00147950
-678.71287129	-0.00171748
-678.67986799	-0.00178890
-678.64686469	-0.00191509
-678.61386139	-0.00195352
-678.58085809	-0.00203472
-678.54785479	-0.00209509
-678.51485149	-0.00201693
-678.48184818	-0.00206322
-678.44884488	-0.00196908
-678.41584158	-0.00193225
-678.38283828	-0.00186412
-678.34983498	-0.00170915
-678.31683168	-0.00158708
-678.28382838	-0.00145183
-678.25082508	-0.00128314
-678.21782178	-0.00108746
-678.18481848	-0.00094180
-678.15181518	-0.00079825
-678.11881188	-0.00054902
-678.08580858	-0.00036287
-678.05280528	-0.00022930
-678.01980198	0.00001344
-677.98679868	0.00009524
-677.95379538	0.00023993
-677.92079208	0.00036457
-677.88778878	0.00050370
-677.85478548	0.00054287
-677.82178218	0.00061160
-677.78877888	0.00063483
-677.75577558	0.00064402
-677.72277228	0.00052561
-677.68976898	0.00048334
-677.65676568	0.00042654
-677.62376238	0.00019315
-677.59075908	0.00012495
-677.55775578	-0.00015819
-677.52475248	-0.00034230
-677.49174917	-0.00064401
-677.45874587	-0.00091943
-677.42574257	-0.00118537
-677.39273927	-0.00150617
-677.35973597	-0.00187970
-677.32673267	-0.00221486
-677.29372937	-0.00255261
-677.26072607	-0.00288943
-677.22772277	-0.00316796
-677.19471947	-0.00352305
-677.16171617	-0.00374765
-677.12871287	-0.00406853
-677.09570957	-0.00426133
-677.06270627	-0.00445846
-677.02970297	-0.00453465
-676.99669967	-0.00466860
-676.96369637	-0.00467207
-676.93069307	-0.00464212
-676.89768977	-0.00459957
-676.86468647	-0.00442512
-676.83168317	-0.00429215
-676.79867987	-0.00397284
-676.76567657	-0.00377769
-676.73267327	-0.00338381
-676.69966997	-0.00299998
-676.66666667	-0.00266021
-676.63366337	-0.00210033
-676.60066007	-0.00168211
-676.56765677	-0.00116231
-676.53465347	-0.00071371
-676.50165017	-0.00013360
-676.46864686	0.00031039
-676.43564356	0.00082844
-676.40264026	0.00130104
-676.36963696	0.00173216
-676.33663366	0.00223225
-676.30363036	0.00249313
-676.27062706	0.00289489
-676.23762376	0.00320111
-676.20462046	0.00340647
-676.17161716	0.00358251
-676.13861386	0.00376858
-676.10561056	0.00373489
-676.07260726	0.00383014
-676.03960396	0.00374512
-676.00660066	0.00359406
-675.97359736	0.00346233
-675.94059406	0.00322661
-675.90759076	0.00290544
-675.87458746	0.00261182
-675.84158416	0.00223521
-675.80858086	0.00178164
-675.77557756	0.00133969
-675.74257426	0.00086280
-675.70957096	0.00032130
-675.67656766	-0.00019487
-675.64356436	-0.00077452
-675.61056106	-0.00128567
-675.57755776	-0.00192565
-675.54455446	-0.00242454
-675.51155116	-0.00299680
-675.47854785	-0.00349633
-675.44554455	-0.00400871
-675.41254125	-0.00454420
-675.37953795	-0.00499842
-675.34653465	-0.00531095
-675.31353135	-0.00576947
-675.28052805	-0.00608159
-675.24752475	-0.00632114
-675.21452145	-0.00653866
-675.18151815	-0.00673736
-675.14851485	-0.00682917
-675.11551155	-0.00689031
-675.08250825	-0.00688038
-675.04950495	-0.00681665
-675.01650165	-0.00667522
-674.98349835	-0.00656494
-674.95049505	-0.00635371
-674.91749175	-0.00605789
-674.88448845	-0.00580740
-674.85148515	-0.00538759
-674.81848185	-0.00506532
-674.78547855	-0.00463055
-674.75247525	-0.00424561
-674.71947195	-0.00373352
-674.68646865	-0.00327494
-674.65346535	-0.00280587
-674.62046205	-0.00222138
-674.58745875	-0.00173233
-674.55445545	-0.00120372
-674.52145215	-0.00064817
-674.48844884	-0.00010660
-674.45544554	0.00044539
-674.42244224	0.00102571
-674.38943894	0.00159452
-674.35643564	0.00217040
-674.32343234	0.00273435
-674.29042904	0.00333729
-674.25742574	0.00383185
-674.22442244	0.00445792
-674.19141914	0.00502968
-674.15841584	0.00560060
-674.12541254	0.00614770
-674.09240924	0.00668912
-674.05940594	0.00724727
-674.02640264	0.00778678
-673.99339934	0.00830489
-673.96039604	0.00879635
-673.92739274	0.00929373
-673.89438944	0.00973375
-673.86138614	0.01023827
-673.82838284	0.01064729
-673.79537954	0.01101802
-673.76237624	0.01144591
-673.72937294	0.01165396
-673.69636964	0.01203868
-673.66336634	0.01232748
-673.63036304	0.01259255
-673.59735974	0.01267069
-673.56435644	0.01286423
-673.53135314	0.01300645
-673.49834983	0.01301136
-673.46534653	0.01313751
-673.43234323	0.01307421
-673.39933993	0.01302818
-673.36633663	0.01297095
-673.33333333	0.01288004
-673.30033003	0.01272918
-673.26732673	0.01262030
-673.23432343	0.01237361
-673.20132013	0.01218882
-673.16831683	0.01197106
-673.13531353	0.01165619
-673.10231023	0.01141138
-673.06930693	0.01108440
-673.03630363	0.01081732
-673.00330033	0.01047202
-672.97029703	0.01007837
-672.93729373	0.00977857
-672.90429043	0.00935990
-672.87128713	0.00896639
-672.83828383	0.00852063
-672.80528053	0.00810576
-672.77227723	0.00762588
-672.73927393	0.00721234
-672.70627063	0.00666853
-672.67326733	0.00618780
-672.64026403	0.00562560
-672.60726073	0.00502161
-672.57425743	0.00442233
-672.54125413	0.00382848
-672.50825083	0.00313757
-672.47524752	0.00250030
-672.44224422	0.00172779
-672.40924092	0.00099081
-672.37623762	0.00026031
-672.34323432	-0.00055037
-672.31023102	-0.00139232
-672.27722772	-0.00216265
-672.24422442	-0.00302933
-672.21122112	-0.00391755
-672.17821782	-0.00478798
-672.14521452	-0.00566644
-672.11221122	-0.00649732
-672.07920792	-0.00741603
-672.04620462	-0.00835254
-672.01320132	-0.00913000
-671.98019802	-0.00999790
-671.94719472	-0.01080636
-671.91419142	-0.01161745
-671.88118812	-0.01238361
-671.84818482	-0.01305599
-671.81518152	-0.01377435
-671.78217822	-0.01439392
-671.74917492	-0.01495648
-671.71617162	-0.01550550
-671.68316832	-0.01596663
-671.65016502	-0.01639597
-671.61716172	-0.01676923
-671.58415842	-0.01699300
-671.55115512	-0.01723422
-671.51815182	-0.01737057
-671.48514851	-0.01742483
-671.45214521	-0.01742292
-671.41914191	-0.01733667
-671.38613861	-0.01720645
-671.35313531	-0.01699390
-671.32013201	-0.01671015
-671.28712871	-0.01631713
-671.25412541	-0.01595521
-671.22112211	-0.01549094
-671.18811881	-0.01497396
-671.15511551	-0.01447218
-671.12211221	-0.01381363
-671.08910891	-0.01326843
-671.05610561	-0.01260797
-671.02310231	-0.01199230
-670.99009901	-0.01136433
-670.95709571	-0.01061753
-670.92409241	-0.01003315
-670.89108911	-0.00934789
-670.85808581	-0.00871882
-670.82508251	-0.00812288
-670.79207921	-0.00754443
-670.75907591	-0.00693733
-670.72607261	-0.00641854
-670.69306931	-0.00595959
-670.66006601	-0.00540331
-670.62706271	-0.00503823
-670.59405941	-0.00458220
-670.56105611	-0.00423771
-670.52805281	-0.00388267
-670.49504950	-0.00355788
-670.46204620	-0.00326876
-670.42904290	-0.00300486
-670.39603960	-0.00281201
-670.36303630	-0.00250200
-670.33003300	-0.00226117
-670.29702970	-0.00211427
-670.26402640	-0.00188550
-670.23102310	-0.00165302
-670.19801980	-0.00141282
-670.16501650	-0.00122314
-670.13201320	-0.00091668
-670.09900990	-0.00076079
-670.06600660	-0.00040499
-670.03300330	-0.00017351
-670.00000000	0.00013128
-669.96699670	0.00041935
-669.93399340	0.00081208
-669.90099010	0.00110439
-669.86798680	0.00147920
-669.83498350	0.00182812
-669.80198020	0.00219972
-669.76897690	0.00266289
-669.73597360	0.00306978
-669.70297030	0.00339305
-669.66996700	0.00387102
-669.63696370	0.00426957
-669.60396040	0.00469865
-669.57095710	0.00507093
-669.53795380	0.00547116
-669.50495050	0.00582487
-669.47194719	0.00621057
-669.43894389	0.00655471
-669.40594059	0.00685432
-669.37293729	0.00712869
-669.33993399	0.00743750
-669.30693069	0.00768968
-669.27392739	0.00781692
-669.24092409	0.00808107
-669.20792079	0.00816715
-669.17491749	0.00833217
-669.14191419	0.00834202
-669.10891089	0.00845026
-669.07590759	0.00842571
-669.04290429	0.00843334
-669.00990099	0.00835930
-668.97689769	0.00830202
-668.94389439	0.00820733
-668.91089109	0.00802732
-668.87788779	0.00797170
-668.84488449	0.00771117
-668.81188119	0.00758534
-668.77887789	0.00732122
-668.74587459	0.00710272
-668.71287129	0.00687617
-668.67986799	0.00664218
-668.64686469	0.00641165
-668.61386139	0.00610839
-668.58085809	0.00585030
-668.54785479	0.00557155
-668.51485149	0.00527084
-668.48184818	0.00503425
-668.44884488	0.00474817
-668.41584158	0.00449333
-668.38283828	0.00415606
-668.34983498	0.00396512
-668.31683168	0.00365189
-668.28382838	0.00340197
-668.25082508	0.00319730
-668.21782178	0.00293786
-668.18481848	0.00270439
-668.15181518	0.00251408
-668.11881188	0.00230287
-668.08580858	0.00221267
-668.05280528	0.00203369
-668.01980198	0.00189501
-667.98679868	0.00183295
-667.95379538	0.00172810
-667.92079208	0.00167603
-667.88778878	0.00169665
-667.85478548	0.00168473
-667.82178218	0.00170662
-667.78877888	0.00172376
-667.75577558	0.00183155
-667.72277228	0.00190084
-667.68976898	0.00203376
-667.65676568	0.00212821
-667.62376238	0.00231825
-667.59075908	0.00240823
-667.55775578	0.00260164
-667.52475248	0.00277310
-667.49174917	0.00291268
-667.45874587	0.00305848
-667.42574257	0.00320056
-667.39273927	0.00333319
-667.35973597	0.00348208
-667.32673267	0.00353906
-667.29372937	0.00364106
-667.26072607	0.00365132
-667.22772277	0.00373787
-667.19471947	0.00363832
-667.16171617	0.00371961
-667.12871287	0.00357963
-667.09570957	0.00350902
-667.06270627	0.00339612
-667.02970297	0.00322199
-666.99669967	0.00304835
-666.96369637	0.00280319
-666.93069307	0.00254734
-666.89768977	0.00226827
-666.86468647	0.00197087
-666.83168317	0.00165749
-666.79867987	0.00129083
-666.76567657	0.00100344
-666.73267327	0.00051093
-666.69966997	0.00027989
-666.66666667	-0.00027706
-666.63366337	-0.00048257
-666.60066007	-0.00096866
-666.56765677	-0.00126713
-666.53465347	-0.00163547
-666.50165017	-0.00200206
-666.46864686	-0.00227454
-666.43564356	-0.00257877
-666.40264026	-0.00282053
-666.36963696	-0.00298478
-666.33663366	-0.00317173
-666.30363036	-0.00326930
-666.27062706	-0.00329985
-666.23762376	-0.00338463
-666.20462046	-0.00334190
-666.17161716	-0.00320510
-666.13861386	-0.00311511
-666.10561056	-0.00293577
-666.07260726	-0.00266438
-666.03960396	-0.00245147
-666.00660066	-0.00207186
-665.97359736	-0.00177547
-665.94059406	-0.00139839
-665.90759076	-0.00093049
-665.87458746	-0.00052188
-665.84158416	-0.00009208
-665.80858086	0.00042703
-665.77557756	0.00077459
-665.74257426	0.00136336
-665.70957096	0.00169753
-665.67656766	0.00218850
-665.64356436	0.00256784
-665.61056106	0.00293660
-665.57755776	0.00331597
-665.54455446	0.00362076
-665.51155116	0.00383957
-665.47854785	0.00413165
-665.44554455	0.00429738
-665.41254125	0.00441389
-665.37953795	0.00450302
-665.34653465	0.00454041
-665.31353135	0.00458853
-665.28052805	0.00443958
-665.24752475	0.00440425
-665.21452145	0.00426118
-665.18151815	0.00409045
-665.14851485	0.00395245
-665.11551155	0.00362981
-665.08250825	0.00345604
-665.04950495	0.00315984
-665.01650165	0.00285169
-664.98349835	0.00263475
-664.95049505	0.00227882
-664.91749175	0.00200660
-664.88448845	0.00173422
-664.85148515	0.00141941
-664.81848185	0.00125905
-664.78547855	0.00089476
-664.75247525	0.00072636
-664.71947195	0.00046024
-664.68646865	0.00038443
-664.65346535	0.00012069
-664.62046205	0.00004115
-664.58745875	-0.00006717
-664.55445545	-0.00012475
-664.52145215	-0.00026989
-664.48844884	-0.00023894
-664.45544554	-0.00026907
-664.42244224	-0.00026667
-664.38943894	-0.00023444
-664.35643564	-0.00024974
-664.32343234	-0.00014863
-664.29042904	-0.00009860
-664.25742574	0.00000096
-664.22442244	0.00007675
-664.19141914	0.00012261
-664.15841584	0.00021393
-664.12541254	0.00030542
-664.09240924	0.00038346
-664.05940594	0.00044578
-664.02640264	0.00053446
-663.99339934	0.00059351
-663.96039604	0.00063332
-663.92739274	0.00070031
-663.89438944	0.00068052
-663.86138614	0.00072852
-663.82838284	0.00071064
-663.79537954	0.00068627
-663.76237624	0.00064402
-663.72937294	0.00059717
-663.69636964	0.00055418
-663.66336634	0.00044079
-663.63036304	0.00035136
-663.59735974	0.00026471
-663.56435644	0.00004927
-663.53135314	-0.00005798
-663.49834983	-0.00025307
-663.46534653	-0.00042573
-663.43234323	-0.00063316
-663.39933993	-0.00079953
-663.36633663	-0.00107327
-663.33333333	-0.00123742
-663.30033003	-0.00151808
-663.26732673	-0.00169567
-663.23432343	-0.00194865
-663.20132013	-0.00214803
-663.16831683	-0.00238319
-663.13531353	-0.00263135
-663.10231023	-0.00278943
-663.06930693	-0.00296819
-663.03630363	-0.00317987
-663.00330033	-0.00333165
-662.97029703	-0.00343404
-662.93729373	-0.00361631
-662.90429043	-0.00370890
-662.87128713	-0.00375377
-662.83828383	-0.00389515
-662.80528053	-0.00392888
-662.77227723	-0.00394351
-662.73927393	-0.00390847
-662.70627063	-0.00393575
-662.67326733	-0.00391705
-662.64026403	-0.00391184
-662.60726073	-0.00378392
-662.57425743	-0.00381045
-662.54125413	-0.00364315
-662.50825083	-0.00361987
-662.47524752	-0.00345426
-662.44224422	-0.00339323
-662.40924092	-0.00320427
-662.37623762	-0.00312141
-662.34323432	-0.00295591
-662.31023102	-0.00284527
-662.27722772	-0.00266768
-662.24422442	-0.00253937
-662.21122112	-0.00241556
-662.17821782	-0.00225583
-662.14521452	-0.00212310
-662.11221122	-0.00205569
-662.07920792	-0.00184656
-662.04620462	-0.00180048
-662.01320132	-0.00169856
-661.98019802	-0.00165081
-661.94719472	-0.00156192
-661.91419142	-0.00150676
-661.88118812	-0.00151371
-661.84818482	-0.00151249
-661.81518152	-0.00157518
-661.78217822	-0.00162332
-661.74917492	-0.00163089
-661.71617162	-0.00174027
-661.68316832	-0.00189614
-661.65016502	-0.00200768
-661.61716172	-0.00215832
-661.58415842	-0.00236285
-661.55115512	-0.00253961
-661.51815182	-0.00274246
-661.48514851	-0.00296816
-661.45214521	-0.00315316
-661.41914191	-0.00341837
-661.38613861	-0.00360933
-661.35313531	-0.00385635
-661.32013201	-0.00403844
-661.28712871	-0.00424225
-661.25412541	-0.00445823
-661.22112211	-0.00466217
-661.18811881	-0.00475320
-661.15511551	-0.00491477
-661.12211221	-0.00507405
-661.08910891	-0.00512257
-661.05610561	-0.00519846
-661.02310231	-0.00524215
-660.99009901	-0.00525474
-660.95709571	-0.00528015
-660.92409241	-0.00520802
-660.89108911	-0.00515553
-660.85808581	-0.00505521
-660.82508251	-0.00499264
-660.79207921	-0.00481630
-660.75907591	-0.00472967
-660.72607261	-0.00452446
-660.69306931	-0.00436587
-660.66006601	-0.00419591
-660.62706271	-0.00401351
-660.59405941	-0.00378443
-660.56105611	-0.00357277
-660.52805281	-0.00345196
-660.49504950	-0.00322169
-660.46204620	-0.00303801
-660.42904290	-0.00285244
-660.39603960	-0.00272124
-660.36303630	-0.00254324
-660.33003300	-0.00246207
-660.29702970	-0.00231596
-660.26402640	-0.00224944
-660.23102310	-0.00218850
-660.19801980	-0.00215160
-660.16501650	-0.00209587
-660.13201320	-0.00215864
-660.09900990	-0.00220037
-660.06600660	-0.00220082
-660.03300330	-0.00237455
-660.00000000	-0.00239407
-659.96699670	-0.00260129
-659.93399340	-0.00262212
-659.90099010	-0.00280104
-659.86798680	-0.00300493
-659.83498350	-0.00309533
-659.80198020	-0.00326676
-659.76897690	-0.00347230
-659.73597360	-0.00361063
-659.70297030	-0.00375521
-659.66996700	-0.00383138
-659.63696370	-0.00394112
-659.60396040	-0.00410731
-659.57095710	-0.00413397
-659.53795380	-0.00418999
-659.50495050	-0.00417079
-659.47194719	-0.00414692
-659.43894389	-0.00415035
-659.40594059	-0.00404066
-659.37293729	-0.00394050
-659.33993399	-0.00387953
-659.30693069	-0.00371264
-659.27392739	-0.00348253
-659.24092409	-0.00330243
-659.20792079	-0.00312414
-659.17491749	-0.00287869
-659.14191419	-0.00261169
-659.10891089	-0.00233984
-659.07590759	-0.00200204
-659.04290429	-0.00185781
-659.00990099	-0.00142607
-658.97689769	-0.00125259
-658.94389439	-0.00088803
-658.91089109	-0.00061574
-658.87788779	-0.00034610
-658.84488449	-0.00003441
-658.81188119	0.00022092
-658.77887789	0.00045889
-658.74587459	0.00074261
-658.71287129	0.00092957
-658.67986799	0.00125123
-658.64686469	0.00137356
-658.61386139	0.00164132
-658.58085809	0.00176565
-658.54785479	0.00196568
-658.51485149	0.00208744
-658.48184818	0.00229512
-658.44884488	0.00238146
-658.41584158	0.00252507
-658.38283828	0.00263262
-658.34983498	0.00274829
-658.31683168	0.00280502
-658.28382838	0.00291579
-658.25082508	0.00297118
-658.21782178	0.00302867
-658.18481848	0.00314519
-658.15181518	0.00318132
-658.11881188	0.00321633
-658.08580858	0.00327550
-658.05280528	0.00329367
-658.01980198	0.00336538
-657.98679868	0.00337252
-657.95379538	0.00336770
-657.92079208	0.00342228
-657.88778878	0.00339149
-657.85478548	0.00336531
-657.82178218	0.00330534
-657.78877888	0.00333194
-657.75577558	0.00331378
-657.72277228	0.00319183
-657.68976898	0.00311921
-657.65676568	0.00297235
-657.62376238	0.00292094
-657.59075908	0.00277589
-657.55775578	0.00259347
-657.52475248	0.00244255
-657.49174917	0.00232449
-657.45874587	0.00209806
-657.42574257	0.00192031
-657.39273927	0.00175441
-657.35973597	0.00154837
-657.32673267	0.00133601
-657.29372937	0.00119070
-657.26072607	0.00097102
-657.22772277	0.00084452
-657.19471947	0.00071569
-657.16171617	0.00057672
-657.12871287	0.00051309
-657.09570957	0.00050317
-657.06270627	0.00040148
-657.02970297	0.00044572
-656.99669967	0.00044215
-656.96369637	0.00053792
-656.93069307	0.00066878
-656.89768977	0.00075461
-656.86468647	0.00094401
-656.83168317	0.00116865
-656.79867987	0.00140158
-656.76567657	0.00167104
-656.73267327	0.00194903
-656.69966997	0.00230279
-656.66666667	0.00259078
-656.63366337	0.00288984
-656.60066007	0.00322597
-656.56765677	0.00357452
-656.53465347	0.00389477
-656.50165017	0.00420046
-656.46864686	0.00452255
-656.43564356	0.00475134
-656.40264026	0.00511579
-656.36963696	0.00524374
-656.33663366	0.00549849
-656.30363036	0.00561693
-656.27062706	0.00573310
-656.23762376	0.00580348
-656.20462046	0.00584850
-656.17161716	0.00583788
-656.13861386	0.00578704
-656.10561056	0.00573249
-656.07260726	0.00558321
-656.03960396	0.00542812
-656.00660066	0.00523683
-655.97359736	0.00504202
-655.94059406	0.00473215
-655.90759076	0.00439085
-655.87458746	0.00416631
-655.84158416	0.00380491
-655.80858086	0.00343617
-655.77557756	0.00306299
-655.74257426	0.00270910
-655.70957096	0.00238319
-655.67656766	0.00201959
-655.64356436	0.00158828
-655.61056106	0.00128037
-655.57755776	0.00097179
-655.54455446	0.00064085
-655.51155116	0.00034957
-655.47854785	0.00007493
-655.44554455	-0.00018746
-655.41254125	-0.00036334
-655.37953795	-0.00060014
-655.34653465	-0.00069934
-655.31353135	-0.00087162
-655.28052805	-0.00096407
-655.24752475	-0.00107251
-655.21452145	-0.00106884
-655.18151815	-0.00122779
-655.14851485	-0.00112277
-655.11551155	-0.00115703
-655.08250825	-0.00116950
-655.04950495	-0.00116097
-655.01650165	-0.00112147
-654.98349835	-0.00112757
-654.95049505	-0.00112936
-654.91749175	-0.00102896
-654.88448845	-0.00103907
-654.85148515	-0.00102951
-654.81848185	-0.00105752
-654.78547855	-0.00106287
-654.75247525	-0.00105922
-654.71947195	-0.00116798
-654.68646865	-0.00126274
-654.65346535	-0.00136927
-654.62046205	-0.00146385
-654.58745875	-0.00162144
-654.55445545	-0.00172317
-654.52145215	-0.00200048
-654.48844884	-0.00212825
-654.45544554	-0.00233497
-654.42244224	-0.00250094
-654.38943894	-0.00273777
-654.35643564	-0.00298293
-654.32343234	-0.00319503
-654.29042904	-0.00344709
-654.25742574	-0.00362623
-654.22442244	-0.00380264
-654.19141914	-0.00401717
-654.15841584	-0.00421434
-654.12541254	-0.00439838
-654.09240924	-0.00457161
-654.05940594	-0.00469360
-654.02640264	-0.00480924
-653.99339934	-0.00480939
-653.96039604	-0.00491056
-653.92739274	-0.00490943
-653.89438944	-0.00494761
-653.86138614	-0.00491021
-653.82838284	-0.00486170
-653.79537954	-0.00477942
-653.76237624	-0.00463105
-653.72937294	-0.00450904
-653.69636964	-0.00433909
-653.66336634	-0.00410973
-653.63036304	-0.00401973
-653.59735974	-0.00373977
-653.56435644	-0.00353625
-653.53135314	-0.00327790
-653.49834983	-0.00298265
-653.46534653	-0.00274154
-653.43234323	-0.00244099
-653.39933993	-0.00215203
-653.36633663	-0.00187014
-653.33333333	-0.00161309
-653.30033003	-0.00127828
-653.26732673	-0.00102349
-653.23432343	-0.00070262
-653.20132013	-0.00043654
-653.16831683	-0.00015617
-653.13531353	0.00013013
-653.10231023	0.00038212
-653.06930693	0.00059443
-653.03630363	0.00086689
-653.00330033	0.00106412
-652.97029703	0.00131355
-652.93729373	0.00151270
-652.90429043	0.00171978
-652.87128713	0.00185891
-652.83828383	0.00199724
-652.80528053	0.00216411
-652.77227723	0.00225676
-652.73927393	0.00238738
-652.70627063	0.00241154
-652.67326733	0.00246226
-652.64026403	0.00250890
-652.60726073	0.00255937
-652.57425743	0.00252578
-652.54125413	0.00251691
-652.50825083	0.00246218
-652.47524752	0.00241052
-652.44224422	0.00223874
-652.40924092	0.00214294
-652.37623762	0.00205998
-652.34323432	0.00187643
-652.31023102	0.00173703
-652.27722772	0.00153036
-652.24422442	0.00137624
-652.21122112	0.00115413
-652.17821782	0.00094101
-652.14521452	0.00075701
-652.11221122	0.00051369
-652.07920792	0.00028563
-652.04620462	0.00005852
-652.01320132	-0.00016566
-651.98019802	-0.00042347
-651.94719472	-0.00064608
-651.91419142	-0.00082534
-651.88118812	-0.00106980
-651.84818482	-0.00119783
-651.81518152	-0.00135071
-651.78217822	-0.00142440
-651.74917492	-0.00155428
-651.71617162	-0.00160979
-651.68316832	-0.00165342
-651.65016502	-0.00173786
-651.61716172	-0.00179373
-651.58415842	-0.00171041
-651.55115512	-0.00167554
-651.51815182	-0.00160335
-651.48514851	-0.00157630
-651.45214521	-0.00145469
-651.41914191	-0.00137674
-651.38613861	-0.00120358
-651.35313531	-0.00111176
-651.32013201	-0.00093571
-651.28712871	-0.00075208
-651.25412541	-0.00060076
-651.22112211	-0.00048910
-651.18811881	-0.00035267
-651.15511551	-0.00016636
-651.12211221	-0.00007005
-651.08910891	0.00004004
-651.05610561	0.00010861
-651.02310231	0.00019652
-650.99009901	0.00024498
-650.95709571	0.00029579
-650.92409241	0.00027897
-650.89108911	0.00026824
-650.85808581	0.00022326
-650.82508251	0.00019803
-650.79207921	0.00012423
-650.75907591	-0.00003559
-650.72607261	-0.00021034
-650.69306931	-0.00031240
-650.66006601	-0.00051787
-650.62706271	-0.00066038
-650.59405941	-0.00081759
-650.56105611	-0.00097359
-650.52805281	-0.00116773
-650.49504950	-0.00138213
-650.46204620	-0.00153315
-650.42904290	-0.00169616
-650.39603960	-0.00181896
-650.36303630	-0.00197207
-650.33003300	-0.00213443
-650.29702970	-0.00222656
-650.26402640	-0.00235262
-650.23102310	-0.00233775
-650.19801980	-0.00240741
-650.16501650	-0.00241050
-650.13201320	-0.00237324
-650.09900990	-0.00233945
-650.06600660	-0.00226793
-650.03300330	-0.00212322
-650.00000000	-0.00199158
