# Menlo Systems GmbH ScanControl
# Program Version 1.14.3
# Start: -733.80000000 ps, Average over 3000 waveforms. Timestamp: 2025-11-05T16:03:36
# Window type: Tukey, parameters: alpha = 0.1, thickness 0.2 mm
# User time axis shift: 0 ps
# Time axis offset: 0 ps
# Frequency [THz]	THz Signal [a.u.]
0.00000000	-45.91200399
0.01480668	-48.42068864
0.02961336	-54.56156725
0.04442005	-57.89366801
0.05922673	-58.26381382
0.07403341	-38.24729561
0.08884009	-29.04648821
0.10364678	-23.91734208
0.11845346	-20.33794474
0.13326014	-17.81793060
0.14806682	-16.46486732
0.16287350	-14.90488664
0.17768019	-12.73303118
0.19248687	-11.15161362
0.20729355	-9.15892019
0.22210023	-6.64705417
0.23690691	-5.16484415
0.25171360	-4.83468190
0.26652028	-4.95061439
0.28132696	-5.18440326
0.29613364	-5.09432205
0.31094033	-4.27944026
0.32574701	-3.20254416
0.34055369	-1.97579895
0.35536037	-1.07899692
0.37016705	-1.10051318
0.38497374	-1.63806537
0.39978042	-2.01925356
0.41458710	-2.29109209
0.42939378	-2.00727527
0.44420046	-1.13879277
0.45900715	-0.39490545
0.47381383	0.00000000
0.48862051	-0.41676495
0.50342719	-1.50466382
0.51823388	-1.68388400
0.53304056	-2.11149115
0.54784724	-5.25093775
0.56265392	-6.20412403
0.57746060	-2.57665873
0.59226729	-1.99756701
0.60707397	-3.28104586
0.62188065	-3.63284736
0.63668733	-3.84331147
0.65149401	-4.70046598
0.66630070	-4.82912021
0.68110738	-5.25226304
0.69591406	-6.42700590
0.71072074	-6.65773193
0.72552743	-7.20882601
0.74033411	-9.86926414
0.75514079	-11.83465657
0.76994747	-10.49463460
0.78475415	-10.43218671
0.79956084	-11.70568338
0.81436752	-12.60475912
0.82917420	-13.21364167
0.84398088	-14.19283672
0.85878756	-15.01689927
0.87359425	-15.68345751
0.88840093	-16.67722520
0.90320761	-17.66910460
0.91801429	-18.55388433
0.93282098	-19.65679686
0.94762766	-20.48635005
0.96243434	-21.45305480
0.97724102	-23.74601721
0.99204770	-25.35585775
1.00685439	-24.52362852
1.02166107	-24.91202379
1.03646775	-26.56515082
1.05127443	-27.30830423
1.06608111	-28.25257896
1.08088780	-31.97414852
1.09569448	-44.42488121
1.11050116	-38.67169179
1.12530784	-33.56062397
1.14011453	-34.67291168
1.15492121	-43.70208799
1.16972789	-42.88036553
1.18453457	-37.05850023
1.19934125	-38.69828444
1.21414794	-44.88374528
1.22895462	-42.25595847
1.24376130	-40.09792438
1.25856798	-40.28628926
1.27337466	-40.50700866
1.28818135	-41.26362526
1.30298803	-42.84285585
1.31779471	-43.68010590
1.33260139	-44.35203972
1.34740808	-45.54902103
1.36221476	-45.78197584
1.37702144	-46.10990947
1.39182812	-48.99054596
1.40663480	-59.14576130
1.42144149	-54.73621564
1.43624817	-49.69782930
1.45105485	-50.54423600
1.46586153	-53.16923640
1.48066821	-52.32775018
1.49547490	-53.13150648
1.51028158	-55.21069012
1.52508826	-54.47692749
1.53989494	-55.96376389
1.55470163	-58.54237004
1.56950831	-57.43522507
1.58431499	-60.07646016
1.59912167	-68.94995254
1.61392835	-62.78952856
1.62873504	-63.10242498
1.64354172	-70.35291481
1.65834840	-88.51144044
1.67315508	-83.89597331
1.68796176	-75.03526286
1.70276845	-75.89916697
1.71757513	-84.28743130
1.73238181	-76.37726756
1.74718849	-72.70185547
1.76199518	-71.89134605
1.77680186	-75.18010014
1.79160854	-79.16193753
1.80641522	-76.99139729
1.82122190	-77.76710770
1.83602859	-75.65173286
1.85083527	-76.31778357
1.86564195	-90.28619969
1.88044863	-78.85620794
1.89525531	-78.77809741
1.91006200	-99.25558277
1.92486868	-86.41022319
1.93967536	-89.24345684
1.95448204	-84.98161439
1.96928873	-81.50822629
1.98409541	-87.83755013
1.99890209	-86.66137790
2.01370877	-87.27922418
2.02851545	-99.04291259
2.04332214	-87.07867645
2.05812882	-86.43299309
2.07293550	-101.16660871
2.08774218	-96.29785316
2.10254886	-91.38630764
2.11735555	-90.24581752
2.13216223	-86.55714865
2.14696891	-85.59051292
2.16177559	-95.14715717
2.17658228	-90.19802064
2.19138896	-90.83431147
2.20619564	-109.34491926
2.22100232	-89.83683329
2.23580900	-87.69042751
2.25061569	-88.45103462
2.26542237	-87.38095022
2.28022905	-87.93530753
2.29503573	-85.96214272
2.30984241	-92.31894128
2.32464910	-93.11385144
2.33945578	-99.17742901
2.35426246	-90.05357389
2.36906914	-92.15581645
2.38387583	-83.09203335
2.39868251	-88.83364323
2.41348919	-86.38401276
2.42829587	-89.54665950
2.44310255	-99.11238976
2.45790924	-99.83272489
2.47271592	-86.98687039
2.48752260	-87.44280358
2.50232928	-84.49901817
2.51713596	-89.86797749
2.53194265	-114.21433184
2.54674933	-95.87727897
2.56155601	-88.35943375
2.57636269	-89.47179703
2.59116938	-88.83776412
2.60597606	-90.71684253
2.62078274	-92.05067733
2.63558942	-91.94311114
2.65039610	-95.34746173
2.66520279	-88.81469285
2.68000947	-94.75914538
2.69481615	-96.75610151
2.70962283	-95.81658287
2.72442951	-91.44132027
2.73923620	-94.32010964
2.75404288	-89.32518863
2.76884956	-93.45198726
2.78365624	-99.07755082
2.79846293	-99.13699673
2.81326961	-98.48075501
2.82807629	-113.32808306
2.84288297	-91.48640885
2.85768965	-90.13831431
2.87249634	-89.22979388
2.88730302	-87.23022682
2.90210970	-92.45853862
2.91691638	-97.82062819
2.93172306	-94.20973548
2.94652975	-100.62872906
2.96133643	-92.89175777
2.97614311	-88.97012434
2.99094979	-88.34428680
3.00575648	-96.07967941
3.02056316	-103.33721957
3.03536984	-98.49961138
3.05017652	-104.47767594
3.06498320	-93.33030256
3.07978989	-93.23352468
3.09459657	-104.54849073
3.10940325	-88.46088069
3.12420993	-87.16450936
3.13901661	-95.73956611
3.15382330	-90.70530430
3.16862998	-100.61096765
3.18343666	-102.70415139
3.19824334	-98.68904099
3.21305003	-92.82992132
3.22785671	-104.10982046
3.24266339	-93.66194551
3.25747007	-90.99093759
3.27227675	-90.70226010
3.28708344	-88.91820517
3.30189012	-87.95083574
3.31669680	-92.58552957
3.33150348	-115.98460088
3.34631016	-105.35588676
3.36111685	-98.14386443
3.37592353	-98.99045296
3.39073021	-91.17314446
3.40553689	-88.39944177
3.42034358	-92.96589613
3.43515026	-100.34277305
3.44995694	-94.48946187
3.46476362	-95.96532160
3.47957030	-90.74259297
3.49437699	-99.11028040
3.50918367	-101.05749503
3.52399035	-98.94377912
3.53879703	-97.45476489
3.55360371	-99.06776563
3.56841040	-106.24883251
3.58321708	-98.94805617
3.59802376	-97.46401513
3.61283044	-104.96303661
3.62763713	-98.02110845
3.64244381	-89.71158709
3.65725049	-87.95289896
3.67205717	-100.56239797
3.68686385	-102.34719792
3.70167054	-92.63682775
3.71647722	-86.93867153
3.73128390	-92.10256684
3.74609058	-85.31066278
3.76089726	-88.15105023
3.77570395	-104.87904907
3.79051063	-100.91776963
3.80531731	-93.73511991
3.82012399	-93.73668145
3.83493068	-98.20763141
3.84973736	-95.92595386
3.86454404	-96.01504654
3.87935072	-96.03901699
3.89415740	-104.31411388
3.90896409	-98.65883720
3.92377077	-98.66887373
3.93857745	-93.57334327
3.95338413	-89.63265956
3.96819081	-91.23349997
3.98299750	-96.93507405
3.99780418	-92.63809050
4.01261086	-98.34271426
4.02741754	-109.13698362
4.04222423	-91.82208135
4.05703091	-91.82237087
4.07183759	-97.27193776
4.08664427	-93.06268465
4.10145095	-113.72135536
4.11625764	-99.85111026
4.13106432	-95.74326265
4.14587100	-89.68380513
4.16067768	-97.89483311
4.17548436	-94.32641951
4.19029105	-98.53439582
4.20509773	-89.36596447
4.21990441	-90.16803039
4.23471109	-92.30337765
4.24951778	-88.83349166
4.26432446	-92.80877595
4.27913114	-86.97863251
4.29393782	-104.64156273
4.30874450	-90.61803556
4.32355119	-102.74679015
4.33835787	-92.57099266
4.35316455	-94.84950862
4.36797123	-94.26604475
4.38277791	-100.77839821
4.39758460	-91.13041412
4.41239128	-88.72267556
4.42719796	-95.79926200
4.44200464	-91.19717033
4.45681133	-88.87736564
4.47161801	-99.27328921
4.48642469	-86.77042859
4.50123137	-90.91319291
4.51603805	-91.60683638
4.53084474	-93.47585046
4.54565142	-90.04534766
4.56045810	-91.87967053
4.57526478	-94.79794249
4.59007146	-91.51662107
4.60487815	-92.62896207
4.61968483	-87.98592279
4.63449151	-92.98224196
4.64929819	-99.91709907
4.66410488	-94.28432461
4.67891156	-95.83074974
4.69371824	-100.73420426
4.70852492	-92.30687133
4.72333160	-96.51342551
4.73813829	-98.76007673
4.75294497	-93.29559403
4.76775165	-96.69015920
4.78255833	-117.63645726
4.79736501	-101.44844895
4.81217170	-99.13112301
4.82697838	-105.31455378
4.84178506	-115.25080323
4.85659174	-98.37329316
4.87139843	-93.65150240
4.88620511	-95.52684740
4.90101179	-98.02847758
4.91581847	-104.35128884
4.93062515	-105.27144144
4.94543184	-100.83238434
4.96023852	-94.81658815
4.97504520	-94.10487161
4.98985188	-94.05823767
5.00465856	-102.63279190
5.01946525	-94.47489779
5.03427193	-91.12404015
5.04907861	-93.53899162
5.06388529	-99.16280979
5.07869198	-90.93378994
5.09349866	-93.02397953
5.10830534	-100.13552178
5.12311202	-93.34905901
5.13791870	-101.44574943
5.15272539	-92.59776892
5.16753207	-95.29940384
5.18233875	-103.84340649
5.19714543	-115.70359443
5.21195211	-99.53406677
5.22675880	-96.33819930
5.24156548	-96.23793378
5.25637216	-97.68201281
5.27117884	-91.56534305
5.28598553	-94.89138487
5.30079221	-112.52791528
5.31559889	-103.27858235
5.33040557	-95.53625980
5.34521225	-98.10341367
5.36001894	-88.07206729
5.37482562	-90.21709565
5.38963230	-94.32114992
5.40443898	-88.44857377
5.41924567	-91.13110297
5.43405235	-92.42834777
5.44885903	-106.32857786
5.46366571	-95.52140429
5.47847239	-99.51022756
5.49327908	-92.07681218
5.50808576	-112.08616580
5.52289244	-94.93002181
5.53769912	-95.69038890
5.55250580	-93.24623207
5.56731249	-96.00568767
5.58211917	-95.69668556
5.59692585	-115.47077824
5.61173253	-97.79448966
5.62653922	-102.16651516
5.64134590	-89.20888953
5.65615258	-88.83522611
5.67095926	-90.10807838
5.68576594	-93.97138303
5.70057263	-92.76002463
5.71537931	-87.29123333
5.73018599	-96.50487373
5.74499267	-98.96322502
5.75979935	-95.91803822
5.77460604	-94.12405044
5.78941272	-99.37662151
5.80421940	-89.33443259
5.81902608	-94.84090961
5.83383277	-91.15919211
5.84863945	-95.42467122
5.86344613	-94.55480350
5.87825281	-100.40706129
5.89305949	-91.63898087
5.90786618	-91.08114749
5.92267286	-97.36136349
5.93747954	-94.31676643
5.95228622	-98.57670866
5.96709290	-89.74091697
5.98189959	-101.17324019
5.99670627	-92.35141378
6.01151295	-93.71722201
6.02631963	-98.68071033
6.04112632	-104.96651856
6.05593300	-90.90491221
6.07073968	-87.53261986
6.08554636	-90.08217890
6.10035304	-99.65763710
6.11515973	-92.16623391
6.12996641	-95.23512651
6.14477309	-99.20382930
6.15957977	-92.87180944
6.17438645	-101.13544772
6.18919314	-95.23172973
6.20399982	-95.61323148
6.21880650	-103.16681334
6.23361318	-98.74564438
6.24841987	-102.29162105
6.26322655	-106.34530816
6.27803323	-110.63207570
6.29283991	-95.72680533
6.30764659	-95.34052073
6.32245328	-98.82683255
6.33725996	-89.29675196
6.35206664	-94.13179504
6.36687332	-96.99489764
6.38168000	-93.57651183
6.39648669	-106.31449335
6.41129337	-95.96440137
6.42610005	-100.42117453
6.44090673	-95.68267880
6.45571342	-91.16365004
6.47052010	-93.40938845
6.48532678	-100.65214975
6.50013346	-100.06529216
6.51494014	-109.08504836
6.52974683	-95.86313750
6.54455351	-94.56140263
6.55936019	-94.60285296
6.57416687	-103.78774932
6.58897355	-89.38060148
6.60378024	-90.78441466
6.61858692	-106.36982998
6.63339360	-100.25676418
6.64820028	-93.28856253
6.66300697	-93.14963929
6.67781365	-95.43778422
6.69262033	-89.35581115
6.70742701	-91.02856850
6.72223369	-96.85747684
6.73704038	-97.80657582
6.75184706	-92.21906560
6.76665374	-89.56844895
6.78146042	-92.16718707
6.79626710	-92.58838956
6.81107379	-90.48230858
6.82588047	-94.91818325
6.84068715	-86.00660144
6.85549383	-91.72235181
6.87030052	-92.77150426
6.88510720	-89.69317286
6.89991388	-101.69815324
6.91472056	-90.35075586
6.92952724	-91.46727954
6.94433393	-97.55511659
6.95914061	-91.21749185
6.97394729	-105.71361023
6.98875397	-92.24423553
7.00356065	-93.55038809
7.01836734	-104.19960101
7.03317402	-89.95743059
7.04798070	-88.10544226
7.06278738	-93.08523433
7.07759407	-96.40543831
7.09240075	-95.80024614
7.10720743	-95.88820971
7.12201411	-92.68537238
7.13682079	-97.86518996
7.15162748	-101.38281180
7.16643416	-106.90719878
7.18124084	-91.54065692
7.19604752	-88.21989071
7.21085420	-92.39139620
7.22566089	-98.84979743
7.24046757	-97.87497380
7.25527425	-105.49165931
7.27008093	-97.64941889
7.28488762	-90.71199894
7.29969430	-90.38949281
7.31450098	-96.26359976
7.32930766	-108.71903841
7.34411434	-128.23885498
7.35892103	-102.64691398
7.37372771	-98.19537850
7.38853439	-93.58296879
7.40334107	-105.35231771
7.41814775	-91.31000082
7.43295444	-102.93850343
7.44776112	-89.58754148
7.46256780	-90.91522214
7.47737448	-103.54016278
7.49218117	-93.86155527
7.50698785	-88.30810716
7.52179453	-88.31324908
7.53660121	-95.12241294
7.55140789	-95.09914783
7.56621458	-109.83179806
7.58102126	-91.39985863
7.59582794	-92.28292830
7.61063462	-95.02701344
7.62544130	-91.49039202
7.64024799	-100.63824545
7.65505467	-93.50017638
7.66986135	-95.00992627
7.68466803	-95.52266932
7.69947472	-88.99685697
7.71428140	-98.43283021
7.72908808	-92.30583663
7.74389476	-93.52783256
7.75870144	-88.37144015
7.77350813	-95.96719904
7.78831481	-86.77055561
7.80312149	-88.32694810
7.81792817	-97.77827599
7.83273485	-99.26805593
7.84754154	-99.05804812
7.86234822	-97.98645263
7.87715490	-105.34533163
7.89196158	-98.65875693
7.90676827	-90.07266981
7.92157495	-87.81117275
7.93638163	-95.91291359
7.95118831	-93.33542058
7.96599499	-92.43799056
7.98080168	-90.86691619
7.99560836	-91.11180661
8.01041504	-95.35331453
8.02522172	-95.32113766
8.04002840	-89.57876156
8.05483509	-93.88514662
8.06964177	-94.73034527
8.08444845	-88.49553444
8.09925513	-94.24313506
8.11406182	-92.57242351
8.12886850	-87.01595534
8.14367518	-92.59647480
8.15848186	-99.46285650
8.17328854	-99.49823882
8.18809523	-92.04946166
8.20290191	-98.64480074
8.21770859	-96.67248544
8.23251527	-104.44548699
8.24732195	-104.20206397
8.26212864	-99.56632949
8.27693532	-97.21193278
8.29174200	-98.26465960
8.30654868	-91.34905366
8.32135537	-87.98765492
8.33616205	-94.16123299
8.35096873	-102.72080861
8.36577541	-93.82002466
8.38058209	-90.64158580
8.39538878	-95.31021612
8.41019546	-92.24702057
8.42500214	-86.41973145
8.43980882	-90.73802605
8.45461550	-88.53156191
8.46942219	-86.12402595
8.48422887	-95.59475253
8.49903555	-95.09833134
8.51384223	-96.34470555
8.52864892	-97.64148942
8.54345560	-96.94627110
8.55826228	-98.83495012
8.57306896	-87.87907775
8.58787564	-87.68401966
8.60268233	-91.62638273
8.61748901	-93.35638385
8.63229569	-98.07385231
8.64710237	-90.78298098
8.66190905	-96.35381319
8.67671574	-91.23950166
8.69152242	-90.69588610
8.70632910	-87.92871289
8.72113578	-87.12700674
8.73594247	-92.11907109
8.75074915	-93.27722978
8.76555583	-90.50107089
8.78036251	-91.76391643
8.79516919	-97.95219235
8.80997588	-91.77095859
8.82478256	-95.70531509
8.83958924	-90.83170981
8.85439592	-93.79356582
8.86920260	-95.66965839
8.88400929	-96.20934117
8.89881597	-93.28777919
8.91362265	-96.17832791
8.92842933	-108.18357272
8.94323602	-98.76211703
8.95804270	-95.10131184
8.97284938	-97.48629852
8.98765606	-93.17100720
9.00246274	-89.77746316
9.01726943	-84.49828375
9.03207611	-85.60026132
9.04688279	-89.15996933
9.06168947	-91.98894053
9.07649615	-94.04070348
9.09130284	-98.00396438
9.10610952	-92.52268373
9.12091620	-86.85806251
9.13572288	-92.72981190
9.15052957	-96.27343974
9.16533625	-94.50905769
9.18014293	-95.02816048
9.19494961	-99.00130844
9.20975629	-100.92019591
9.22456298	-105.57925321
9.23936966	-91.72641208
9.25417634	-98.01268984
9.26898302	-92.66316719
9.28378970	-88.64075606
9.29859639	-90.03684267
9.31340307	-97.55168657
9.32820975	-88.63497569
9.34301643	-83.65330150
9.35782312	-86.91288430
9.37262980	-108.20218385
9.38743648	-91.76449228
9.40224316	-92.81870032
9.41704984	-93.27515316
9.43185653	-89.98577238
9.44666321	-99.36170269
9.46146989	-88.61748836
9.47627657	-86.97598337
9.49108325	-92.34158100
9.50588994	-117.25579600
9.52069662	-92.04038642
9.53550330	-90.05803126
9.55030998	-98.70753754
9.56511667	-93.29059248
9.57992335	-98.32213225
9.59473003	-96.28225197
9.60953671	-108.13675626
9.62434339	-92.40389416
9.63915008	-89.99641813
9.65395676	-89.45619405
9.66876344	-89.80403691
9.68357012	-91.73114977
9.69837680	-91.35659769
9.71318349	-97.54472825
9.72799017	-98.13169949
9.74279685	-96.76562468
9.75760353	-99.14004562
9.77241022	-93.49163105
9.78721690	-90.06317996
9.80202358	-82.39067522
9.81683026	-83.49557361
9.83163694	-94.03783119
9.84644363	-107.36350970
9.86125031	-96.46029372
9.87605699	-90.47151094
9.89086367	-89.10255888
9.90567035	-87.97955998
9.92047704	-90.21688179
9.93528372	-106.93870243
9.95009040	-100.74611713
9.96489708	-99.97042836
9.97970377	-90.08714202
9.99451045	-88.05345940
10.00931713	-88.87959703
10.02412381	-87.93518027
10.03893049	-85.89286208
10.05373718	-89.66159186
10.06854386	-95.33685832
10.08335054	-97.29904440
10.09815722	-90.37795084
10.11296390	-90.74564430
10.12777059	-94.66934032
10.14257727	-94.18220175
10.15738395	-114.64618247
10.17219063	-100.23210859
10.18699732	-96.48415050
10.20180400	-93.15812702
10.21661068	-112.29463106
10.23141736	-95.23367431
10.24622404	-97.38766234
10.26103073	-95.22637491
10.27583741	-94.44708304
10.29064409	-99.77046688
10.30545077	-92.25855930
10.32025745	-90.08458464
10.33506414	-112.95620403
10.34987082	-89.94657378
10.36467750	-90.93932796
10.37948418	-93.16981072
10.39429087	-92.49028651
10.40909755	-87.51964942
10.42390423	-86.76400829
10.43871091	-92.98166041
10.45351759	-92.89225219
10.46832428	-90.98319337
10.48313096	-93.29706705
10.49793764	-98.01851823
10.51274432	-103.68809702
10.52755101	-106.35970836
10.54235769	-97.89603211
10.55716437	-92.43350058
10.57197105	-99.97975675
10.58677773	-91.59823102
10.60158442	-86.99349579
10.61639110	-88.01735860
10.63119778	-91.11517766
10.64600446	-95.70957187
10.66081114	-86.61700864
10.67561783	-87.21439563
10.69042451	-91.89211344
10.70523119	-91.93964132
10.72003787	-94.03411839
10.73484456	-104.82775871
10.74965124	-93.74837644
10.76445792	-87.64531119
10.77926460	-86.46135699
10.79407128	-88.08742970
10.80887797	-90.02646457
10.82368465	-90.84949139
10.83849133	-89.16662609
10.85329801	-87.01911196
10.86810469	-87.10987979
10.88291138	-90.93602928
10.89771806	-96.33178060
10.91252474	-93.91281301
10.92733142	-106.84665100
10.94213811	-91.72215974
10.95694479	-89.69298336
10.97175147	-93.77617831
10.98655815	-92.79449007
11.00136483	-95.58960611
11.01617152	-100.30022115
11.03097820	-95.92144989
11.04578488	-94.03086301
11.06059156	-94.27740340
11.07539824	-95.00523930
11.09020493	-93.15419054
11.10501161	-88.82213037
11.11981829	-88.99949622
11.13462497	-93.97268857
11.14943166	-94.77059624
11.16423834	-88.96205428
11.17904502	-89.39827605
11.19385170	-95.52755152
11.20865838	-92.04516298
11.22346507	-88.31270043
11.23827175	-87.94886012
11.25307843	-91.97491390
11.26788511	-90.79769313
11.28269179	-89.34357000
11.29749848	-97.42038929
11.31230516	-97.52626837
11.32711184	-93.96480541
11.34191852	-97.33484157
11.35672521	-97.49805628
11.37153189	-92.85997280
11.38633857	-92.26595463
11.40114525	-85.11430473
11.41595193	-88.03489110
11.43075862	-92.93756051
11.44556530	-84.83323657
11.46037198	-91.61888479
11.47517866	-91.20562373
11.48998534	-88.35783780
11.50479203	-89.41214201
11.51959871	-93.32885335
11.53440539	-93.44254901
11.54921207	-90.33391517
11.56401876	-90.46295339
11.57882544	-90.65742113
11.59363212	-92.58912029
11.60843880	-89.61351961
11.62324548	-96.78261343
11.63805217	-89.76869037
11.65285885	-87.22343307
11.66766553	-88.81412972
11.68247221	-87.37392552
11.69727889	-102.82517922
11.71208558	-92.35004936
11.72689226	-95.69789969
11.74169894	-94.70200374
11.75650562	-90.37099166
11.77131231	-92.08834558
11.78611899	-95.71061769
11.80092567	-94.41093224
11.81573235	-96.70683668
11.83053903	-98.86049478
11.84534572	-96.58030035
11.86015240	-94.53196735
11.87495908	-88.15908853
11.88976576	-93.71310847
11.90457244	-107.19728898
11.91937913	-96.53978594
11.93418581	-95.68667798
11.94899249	-102.39722257
11.96379917	-106.17330304
11.97860586	-99.74198375
11.99341254	-95.26280043
12.00821922	-99.49500359
12.02302590	-93.81439086
12.03783258	-88.23253441
12.05263927	-93.64573026
12.06744595	-88.14315137
12.08225263	-87.08701055
12.09705931	-90.69204033
12.11186599	-101.20666938
12.12667268	-87.46206392
12.14147936	-87.00978384
12.15628604	-92.97102862
12.17109272	-88.26140896
12.18589941	-94.77887665
12.20070609	-96.73946435
12.21551277	-97.78253269
12.23031945	-95.89865366
12.24512613	-91.95132465
12.25993282	-92.95277666
12.27473950	-90.25766127
12.28954618	-90.35345449
12.30435286	-95.44658574
12.31915954	-91.25033030
12.33396623	-88.22910150
12.34877291	-90.92955707
12.36357959	-96.04978411
12.37838627	-87.66122618
12.39319296	-87.37957701
12.40799964	-95.25423257
12.42280632	-89.12098917
12.43761300	-90.22582233
12.45241968	-97.63039272
12.46722637	-106.61572904
12.48203305	-91.99615290
12.49683973	-89.74842823
12.51164641	-98.63163547
12.52645309	-100.28745374
12.54125978	-106.37326631
12.55606646	-91.50922734
12.57087314	-89.78789232
12.58567982	-92.79022760
12.60048651	-97.46825415
12.61529319	-96.42826252
12.63009987	-92.57521167
12.64490655	-88.47044373
12.65971323	-89.45940856
12.67451992	-107.94019704
12.68932660	-90.99612473
12.70413328	-89.06817456
12.71893996	-93.61133609
12.73374664	-95.84865587
12.74855333	-92.82310235
12.76336001	-97.05065366
12.77816669	-97.12733348
12.79297337	-95.53954828
12.80778006	-96.88196139
12.82258674	-96.96982172
12.83739342	-104.54455357
12.85220010	-93.60977747
12.86700678	-87.12915845
12.88181347	-90.16190502
12.89662015	-95.81479606
12.91142683	-85.44772026
12.92623351	-84.47427792
12.94104019	-86.61593605
12.95584688	-87.96865855
12.97065356	-89.53289035
12.98546024	-95.95831907
13.00026692	-96.56559904
13.01507361	-94.31797849
13.02988029	-94.51405953
13.04468697	-103.44915198
13.05949365	-94.79155688
13.07430033	-89.63154983
13.08910702	-92.49402931
13.10391370	-111.47009731
13.11872038	-96.48224283
13.13352706	-93.46725296
13.14833374	-87.07579922
13.16314043	-86.97901024
13.17794711	-88.79587902
13.19275379	-87.47074647
13.20756047	-89.94080530
13.22236716	-96.20241262
13.23717384	-85.84331466
13.25198052	-88.72562896
13.26678720	-96.17046902
13.28159388	-89.26590671
13.29640057	-91.54690971
13.31120725	-95.82556816
13.32601393	-85.99021599
13.34082061	-83.42562913
13.35562729	-86.15967879
13.37043398	-91.00283476
13.38524066	-93.79022139
13.40004734	-102.65366116
13.41485402	-91.56784037
13.42966071	-91.84003355
13.44446739	-98.78989656
13.45927407	-111.44182474
13.47408075	-93.72536350
13.48888743	-88.62236395
13.50369412	-96.32981890
13.51850080	-95.69930900
13.53330748	-97.26534031
13.54811416	-98.70488211
13.56292084	-94.56432954
13.57772753	-97.13175139
13.59253421	-87.46367631
13.60734089	-85.19979328
13.62214757	-88.60262064
13.63695426	-89.27165910
13.65176094	-88.43352869
13.66656762	-91.90916045
13.68137430	-97.77079586
13.69618098	-91.37728303
13.71098767	-96.83251422
13.72579435	-91.85084331
13.74060103	-88.34901896
13.75540771	-92.10841376
13.77021439	-92.84949032
13.78502108	-99.24323376
13.79982776	-98.24956478
13.81463444	-111.70759713
13.82944112	-95.42223600
13.84424781	-88.95877405
13.85905449	-87.58609835
13.87386117	-91.06912841
13.88866785	-94.97101311
13.90347453	-97.80192967
13.91828122	-98.25335443
13.93308790	-99.13557847
13.94789458	-101.17009371
13.96270126	-91.23003778
13.97750794	-92.28428567
13.99231463	-109.44384247
14.00712131	-91.56335913
14.02192799	-92.42811943
14.03673467	-99.64527707
14.05154136	-99.10788995
14.06634804	-93.75242947
14.08115472	-97.76170681
14.09596140	-95.74524927
14.11076808	-89.84560017
14.12557477	-86.46209993
14.14038145	-88.69349395
14.15518813	-98.99308628
14.16999481	-93.89735518
14.18480149	-91.67871511
14.19960818	-92.45143212
14.21441486	-92.16904355
14.22922154	-88.20131577
14.24402822	-87.69205624
14.25883491	-93.08460064
14.27364159	-94.51224058
14.28844827	-99.65033108
14.30325495	-89.39338437
14.31806163	-88.14277340
14.33286832	-91.85173305
14.34767500	-98.06890192
14.36248168	-95.95306819
14.37728836	-93.11903056
14.39209504	-91.85396654
14.40690173	-92.88122899
14.42170841	-93.12740964
14.43651509	-91.51308263
14.45132177	-97.02126523
14.46612846	-99.23521563
14.48093514	-95.09655975
14.49574182	-106.47065035
14.51054850	-93.99267338
14.52535518	-102.44842247
14.54016187	-96.58219352
14.55496855	-97.59137623
14.56977523	-108.96718099
14.58458191	-100.87226563
14.59938859	-95.39383519
14.61419528	-93.04447881
14.62900196	-92.15891106
14.64380864	-92.50867905
14.65861532	-98.41183957
14.67342201	-100.15506046
14.68822869	-92.65339573
14.70303537	-91.02635140
14.71784205	-89.73200236
14.73264873	-89.91675350
14.74745542	-92.56982513
14.76226210	-94.40533884
14.77706878	-92.92897099
14.79187546	-98.64076995
14.80668214	-93.05082503
14.82148883	-91.13653381
14.83629551	-97.96246624
14.85110219	-91.37554619
14.86590887	-96.86638294
14.88071556	-88.98235967
14.89552224	-94.52247423
14.91032892	-93.90595253
14.92513560	-93.52554798
14.93994228	-97.92459323
14.95474897	-105.38245327
14.96955565	-94.00825617
14.98436233	-103.19092968
14.99916901	-88.74047244
15.01397569	-85.06579734
15.02878238	-87.43811277
15.04358906	-93.59846391
15.05839574	-130.53893418
15.07320242	-104.68187409
15.08800911	-105.59784137
15.10281579	-96.63783321
15.11762247	-89.42125232
15.13242915	-89.30819681
15.14723583	-90.50521130
