# Menlo Systems GmbH ScanControl
# Program Version 1.14.3
# Start: -733.80000000 ps, Average over 3000 waveforms. Timestamp: 2025-11-05T16:03:36
# Window type: Tukey, parameters: alpha = 0.1, thickness 0.2 mm
# User time axis shift: 0 ps
# Time axis offset: 0 ps
# Time [ps]	THz Signal [a.u.]
-733.80000000	0.00000000
-733.76700680	-0.00000008
-733.73401361	-0.00000030
-733.70102041	-0.00000041
-733.66802721	-0.00000095
-733.63503401	-0.00000069
-733.60204082	-0.00000089
-733.56904762	0.00000007
-733.53605442	0.00000054
-733.50306122	0.00000342
-733.47006803	0.00000202
-733.43707483	0.00000261
-733.40408163	0.00000781
-733.37108844	0.00001725
-733.33809524	0.00002127
-733.30510204	0.00002047
-733.27210884	0.00002277
-733.23911565	0.00002697
-733.20612245	0.00002911
-733.17312925	0.00001689
-733.14013605	0.00004778
-733.10714286	0.00001551
-733.07414966	0.00000501
-733.04115646	0.00001544
-733.00816327	0.00000549
-732.97517007	-0.00001226
-732.94217687	-0.00004566
-732.90918367	-0.00008455
-732.87619048	-0.00008672
-732.84319728	-0.00014432
-732.81020408	-0.00021671
-732.77721088	-0.00023760
-732.74421769	-0.00032720
-732.71122449	-0.00038658
-732.67823129	-0.00046595
-732.64523810	-0.00056631
-732.61224490	-0.00063384
-732.57925170	-0.00072383
-732.54625850	-0.00078526
-732.51326531	-0.00092133
-732.48027211	-0.00102309
-732.44727891	-0.00108587
-732.41428571	-0.00115049
-732.38129252	-0.00125318
-732.34829932	-0.00129743
-732.31530612	-0.00137133
-732.28231293	-0.00141700
-732.24931973	-0.00143648
-732.21632653	-0.00146012
-732.18333333	-0.00145825
-732.15034014	-0.00151593
-732.11734694	-0.00144059
-732.08435374	-0.00141273
-732.05136054	-0.00133245
-732.01836735	-0.00122965
-731.98537415	-0.00120402
-731.95238095	-0.00101769
-731.91938776	-0.00096536
-731.88639456	-0.00083841
-731.85340136	-0.00072594
-731.82040816	-0.00059145
-731.78741497	-0.00043675
-731.75442177	-0.00031411
-731.72142857	-0.00022575
-731.68843537	-0.00000850
-731.65544218	0.00010007
-731.62244898	0.00020015
-731.58945578	0.00027434
-731.55646259	0.00038575
-731.52346939	0.00041859
-731.49047619	0.00049894
-731.45748299	0.00059913
-731.42448980	0.00064190
-731.39149660	0.00062123
-731.35850340	0.00069041
-731.32551020	0.00070632
-731.29251701	0.00069333
-731.25952381	0.00066086
-731.22653061	0.00062974
-731.19353741	0.00058020
-731.16054422	0.00061164
-731.12755102	0.00057293
-731.09455782	0.00052905
-731.06156463	0.00045797
-731.02857143	0.00036126
-730.99557823	0.00028054
-730.96258503	0.00021383
-730.92959184	0.00019509
-730.89659864	0.00018196
-730.86360544	0.00013837
-730.83061224	0.00006353
-730.79761905	0.00004323
-730.76462585	0.00001932
-730.73163265	-0.00004034
-730.69863946	-0.00008882
-730.66564626	-0.00007379
-730.63265306	-0.00007730
-730.59965986	-0.00010509
-730.56666667	-0.00015601
-730.53367347	-0.00022830
-730.50068027	-0.00021868
-730.46768707	-0.00020113
-730.43469388	-0.00015275
-730.40170068	-0.00011657
-730.36870748	-0.00014096
-730.33571429	-0.00017000
-730.30272109	-0.00011356
-730.26972789	-0.00013174
-730.23673469	-0.00013581
-730.20374150	-0.00011965
-730.17074830	-0.00011205
-730.13775510	-0.00009737
-730.10476190	-0.00014912
-730.07176871	-0.00014010
-730.03877551	-0.00012795
-730.00578231	-0.00004863
-729.97278912	-0.00007126
-729.93979592	-0.00005265
-729.90680272	-0.00004141
-729.87380952	-0.00007211
-729.84081633	-0.00008380
-729.80782313	-0.00008978
-729.77482993	-0.00006387
-729.74183673	-0.00003382
-729.70884354	-0.00003324
-729.67585034	-0.00005439
-729.64285714	-0.00007175
-729.60986395	-0.00002943
-729.57687075	-0.00000726
-729.54387755	0.00001566
-729.51088435	0.00001974
-729.47789116	-0.00002468
-729.44489796	-0.00001060
-729.41190476	0.00000425
-729.37891156	-0.00002336
-729.34591837	-0.00004035
-729.31292517	0.00003462
-729.27993197	0.00007388
-729.24693878	0.00008482
-729.21394558	0.00017257
-729.18095238	0.00008902
-729.14795918	0.00011135
-729.11496599	0.00016848
-729.08197279	0.00025986
-729.04897959	0.00019979
-729.01598639	0.00023502
-728.98299320	0.00031927
-728.95000000	0.00031136
-728.91700680	0.00033366
-728.88401361	0.00040957
-728.85102041	0.00046364
-728.81802721	0.00049033
-728.78503401	0.00051426
-728.75204082	0.00057101
-728.71904762	0.00063097
-728.68605442	0.00062742
-728.65306122	0.00066953
-728.62006803	0.00061801
-728.58707483	0.00062288
-728.55408163	0.00062980
-728.52108844	0.00059317
-728.48809524	0.00050529
-728.45510204	0.00047552
-728.42210884	0.00036376
-728.38911565	0.00029021
-728.35612245	0.00011926
-728.32312925	0.00000443
-728.29013605	-0.00015134
-728.25714286	-0.00021814
-728.22414966	-0.00047069
-728.19115646	-0.00061394
-728.15816327	-0.00074928
-728.12517007	-0.00101541
-728.09217687	-0.00118978
-728.05918367	-0.00134991
-728.02619048	-0.00153720
-727.99319728	-0.00166095
-727.96020408	-0.00180097
-727.92721088	-0.00183288
-727.89421769	-0.00198026
-727.86122449	-0.00201912
-727.82823129	-0.00204656
-727.79523810	-0.00211738
-727.76224490	-0.00208826
-727.72925170	-0.00208380
-727.69625850	-0.00203092
-727.66326531	-0.00188766
-727.63027211	-0.00180221
-727.59727891	-0.00168027
-727.56428571	-0.00148613
-727.53129252	-0.00126358
-727.49829932	-0.00109278
-727.46530612	-0.00096448
-727.43231293	-0.00077168
-727.39931973	-0.00047715
-727.36632653	-0.00026503
-727.33333333	-0.00015204
-727.30034014	0.00009104
-727.26734694	0.00023520
-727.23435374	0.00041152
-727.20136054	0.00062621
-727.16836735	0.00066776
-727.13537415	0.00084367
-727.10238095	0.00093312
-727.06938776	0.00105092
-727.03639456	0.00113995
-727.00340136	0.00114426
-726.97040816	0.00117864
-726.93741497	0.00121301
-726.90442177	0.00121677
-726.87142857	0.00117834
-726.83843537	0.00111954
-726.80544218	0.00110366
-726.77244898	0.00103218
-726.73945578	0.00098387
-726.70646259	0.00089408
-726.67346939	0.00082857
-726.64047619	0.00077848
-726.60748299	0.00067467
-726.57448980	0.00063640
-726.54149660	0.00059988
-726.50850340	0.00051991
-726.47551020	0.00043233
-726.44251701	0.00043285
-726.40952381	0.00036036
-726.37653061	0.00037799
-726.34353741	0.00035246
-726.31054422	0.00030319
-726.27755102	0.00031241
-726.24455782	0.00032641
-726.21156463	0.00034015
-726.17857143	0.00033428
-726.14557823	0.00039542
-726.11258503	0.00043981
-726.07959184	0.00042233
-726.04659864	0.00049349
-726.01360544	0.00054951
-725.98061224	0.00059166
-725.94761905	0.00057158
-725.91462585	0.00067955
-725.88163265	0.00073047
-725.84863946	0.00071535
-725.81564626	0.00077612
-725.78265306	0.00081456
-725.74965986	0.00088510
-725.71666667	0.00089278
-725.68367347	0.00088624
-725.65068027	0.00096009
-725.61768707	0.00096113
-725.58469388	0.00089735
-725.55170068	0.00094065
-725.51870748	0.00091785
-725.48571429	0.00084666
-725.45272109	0.00080229
-725.41972789	0.00072989
-725.38673469	0.00062378
-725.35374150	0.00052493
-725.32074830	0.00040472
-725.28775510	0.00027805
-725.25476190	0.00007395
-725.22176871	-0.00008658
-725.18877551	-0.00027162
-725.15578231	-0.00051719
-725.12278912	-0.00078163
-725.08979592	-0.00095819
-725.05680272	-0.00124658
-725.02380952	-0.00151302
-724.99081633	-0.00176301
-724.95782313	-0.00201205
-724.92482993	-0.00229442
-724.89183673	-0.00255022
-724.85884354	-0.00278298
-724.82585034	-0.00302787
-724.79285714	-0.00315895
-724.75986395	-0.00334080
-724.72687075	-0.00349403
-724.69387755	-0.00358171
-724.66088435	-0.00375532
-724.62789116	-0.00371704
-724.59489796	-0.00370632
-724.56190476	-0.00374965
-724.52891156	-0.00367724
-724.49591837	-0.00359819
-724.46292517	-0.00342310
-724.42993197	-0.00333282
-724.39693878	-0.00313948
-724.36394558	-0.00301311
-724.33095238	-0.00274263
-724.29795918	-0.00261583
-724.26496599	-0.00242165
-724.23197279	-0.00219745
-724.19897959	-0.00200668
-724.16598639	-0.00183316
-724.13299320	-0.00169928
-724.10000000	-0.00150699
-724.06700680	-0.00145455
-724.03401361	-0.00134662
-724.00102041	-0.00134796
-723.96802721	-0.00135031
-723.93503401	-0.00144069
-723.90204082	-0.00156864
-723.86904762	-0.00158916
-723.83605442	-0.00197308
-723.80306122	-0.00210836
-723.77006803	-0.00249030
-723.73707483	-0.00285262
-723.70408163	-0.00329035
-723.67108844	-0.00376358
-723.63809524	-0.00424787
-723.60510204	-0.00486707
-723.57210884	-0.00543674
-723.53911565	-0.00614638
-723.50612245	-0.00679999
-723.47312925	-0.00747714
-723.44013605	-0.00821774
-723.40714286	-0.00882564
-723.37414966	-0.00962101
-723.34115646	-0.01023924
-723.30816327	-0.01088780
-723.27517007	-0.01142240
-723.24217687	-0.01200864
-723.20918367	-0.01241043
-723.17619048	-0.01286265
-723.14319728	-0.01314549
-723.11020408	-0.01332604
-723.07721088	-0.01344507
-723.04421769	-0.01342863
-723.01122449	-0.01340263
-722.97823129	-0.01313840
-722.94523810	-0.01290124
-722.91224490	-0.01240194
-722.87925170	-0.01202654
-722.84625850	-0.01141317
-722.81326531	-0.01074712
-722.78027211	-0.01003952
-722.74727891	-0.00930002
-722.71428571	-0.00850317
-722.68129252	-0.00763025
-722.64829932	-0.00678258
-722.61530612	-0.00598871
-722.58231293	-0.00504942
-722.54931973	-0.00420548
-722.51632653	-0.00347517
-722.48333333	-0.00264274
-722.45034014	-0.00195582
-722.41734694	-0.00120618
-722.38435374	-0.00054979
-722.35136054	0.00016261
-722.31836735	0.00068740
-722.28537415	0.00123539
-722.25238095	0.00181873
-722.21938776	0.00236415
-722.18639456	0.00285023
-722.15340136	0.00341211
-722.12040816	0.00397627
-722.08741497	0.00462456
-722.05442177	0.00527140
-722.02142857	0.00600182
-721.98843537	0.00689933
-721.95544218	0.00791483
-721.92244898	0.00901899
-721.88945578	0.01028931
-721.85646259	0.01184747
-721.82346939	0.01356841
-721.79047619	0.01555393
-721.75748299	0.01777967
-721.72448980	0.02028364
-721.69149660	0.02312166
-721.65850340	0.02623644
-721.62551020	0.02980593
-721.59251701	0.03363024
-721.55952381	0.03789597
-721.52653061	0.04265038
-721.49353741	0.04774606
-721.46054422	0.05337865
-721.42755102	0.05942910
-721.39455782	0.06605087
-721.36156463	0.07319738
-721.32857143	0.08092239
-721.29557823	0.08934276
-721.26258503	0.09825011
-721.22959184	0.10785544
-721.19659864	0.11811990
-721.16360544	0.12900647
-721.13061224	0.14051269
-721.09761905	0.15262698
-721.06462585	0.16540114
-721.03163265	0.17850491
-720.99863946	0.19219922
-720.96564626	0.20605825
-720.93265306	0.22003881
-720.89965986	0.23407528
-720.86666667	0.24792460
-720.83367347	0.26120740
-720.80068027	0.27372380
-720.76768707	0.28526891
-720.73469388	0.29545630
-720.70170068	0.30390194
-720.66870748	0.31042148
-720.63571429	0.31448212
-720.60272109	0.31571943
-720.56972789	0.31381862
-720.53673469	0.30821515
-720.50374150	0.29870457
-720.47074830	0.28483325
-720.43775510	0.26612751
-720.40476190	0.24237911
-720.37176871	0.21319535
-720.33877551	0.17843511
-720.30578231	0.13791289
-720.27278912	0.09144032
-720.23979592	0.03912346
-720.20680272	-0.01878752
-720.17380952	-0.08229135
-720.14081633	-0.15062785
-720.10782313	-0.22337943
-720.07482993	-0.29977672
-720.04183673	-0.37891556
-720.00884354	-0.45964351
-719.97585034	-0.54067068
-719.94285714	-0.62083957
-719.90986395	-0.69866065
-719.87687075	-0.77271408
-719.84387755	-0.84132297
-719.81088435	-0.90316573
-719.77789116	-0.95675251
-719.74489796	-1.00061619
-719.71190476	-1.03366166
-719.67891156	-1.05477202
-719.64591837	-1.06325312
-719.61292517	-1.05840399
-719.57993197	-1.04002681
-719.54693878	-1.00808669
-719.51394558	-0.96275877
-719.48095238	-0.90478135
-719.44795918	-0.83468950
-719.41496599	-0.75376778
-719.38197279	-0.66307902
-719.34897959	-0.56423587
-719.31598639	-0.45881048
-719.28299320	-0.34856433
-719.25000000	-0.23521294
-719.21700680	-0.12069186
-719.18401361	-0.00674961
-719.15102041	0.10488764
-719.11802721	0.21238754
-719.08503401	0.31448668
-719.05204082	0.40941297
-719.01904762	0.49622667
-718.98605442	0.57373619
-718.95306122	0.64128017
-718.92006803	0.69814148
-718.88707483	0.74401499
-718.85408163	0.77869688
-718.82108844	0.80222368
-718.78809524	0.81478459
-718.75510204	0.81684424
-718.72210884	0.80896044
-718.68911565	0.79190915
-718.65612245	0.76642930
-718.62312925	0.73357017
-718.59013605	0.69436937
-718.55714286	0.64977737
-718.52414966	0.60112590
-718.49115646	0.54937261
-718.45816327	0.49565804
-718.42517007	0.44100094
-718.39217687	0.38664342
-718.35918367	0.33309726
-718.32619048	0.28146840
-718.29319728	0.23229182
-718.26020408	0.18628157
-718.22721088	0.14377676
-718.19421769	0.10520288
-718.16122449	0.07054352
-718.12823129	0.04022660
-718.09523810	0.01395419
-718.06224490	-0.00829094
-718.02925170	-0.02674176
-717.99625850	-0.04162041
-717.96326531	-0.05335860
-717.93027211	-0.06222438
-717.89727891	-0.06851205
-717.86428571	-0.07269032
-717.83129252	-0.07513263
-717.79829932	-0.07613187
-717.76530612	-0.07593584
-717.73231293	-0.07497647
-717.69931973	-0.07344802
-717.66632653	-0.07134650
-717.63333333	-0.06909280
-717.60034014	-0.06673763
-717.56734694	-0.06426853
-717.53435374	-0.06177908
-717.50136054	-0.05946476
-717.46836735	-0.05718875
-717.43537415	-0.05492558
-717.40238095	-0.05283484
-717.36938776	-0.05077667
-717.33639456	-0.04871673
-717.30340136	-0.04680739
-717.27040816	-0.04480708
-717.23741497	-0.04301572
-717.20442177	-0.04123075
-717.17142857	-0.03959385
-717.13843537	-0.03800461
-717.10544218	-0.03660873
-717.07244898	-0.03543114
-717.03945578	-0.03440340
-717.00646259	-0.03364941
-716.97346939	-0.03305950
-716.94047619	-0.03283371
-716.90748299	-0.03274045
-716.87448980	-0.03285690
-716.84149660	-0.03320030
-716.80850340	-0.03365997
-716.77551020	-0.03417690
-716.74251701	-0.03462288
-716.70952381	-0.03499725
-716.67653061	-0.03520905
-716.64353741	-0.03499036
-716.61054422	-0.03454197
-716.57755102	-0.03354864
-716.54455782	-0.03202450
-716.51156463	-0.02994600
-716.47857143	-0.02732850
-716.44557823	-0.02401760
-716.41258503	-0.02023162
-716.37959184	-0.01590978
-716.34659864	-0.01123911
-716.31360544	-0.00630639
-716.28061224	-0.00116190
-716.24761905	0.00391732
-716.21462585	0.00898904
-716.18163265	0.01357426
-716.14863946	0.01785367
-716.11564626	0.02154027
-716.08265306	0.02451926
-716.04965986	0.02666597
-716.01666667	0.02798366
-715.98367347	0.02836602
-715.95068027	0.02782298
-715.91768707	0.02643103
-715.88469388	0.02405480
-715.85170068	0.02090402
-715.81870748	0.01692032
-715.78571429	0.01227388
-715.75272109	0.00696444
-715.71972789	0.00127650
-715.68673469	-0.00477519
-715.65374150	-0.01131300
-715.62074830	-0.01791220
-715.58775510	-0.02457786
-715.55476190	-0.03137495
-715.52176871	-0.03793454
-715.48877551	-0.04438824
-715.45578231	-0.05066884
-715.42278912	-0.05642172
-715.38979592	-0.06200570
-715.35680272	-0.06692709
-715.32380952	-0.07137064
-715.29081633	-0.07520758
-715.25782313	-0.07833937
-715.22482993	-0.08072681
-715.19183673	-0.08233941
-715.15884354	-0.08318527
-715.12585034	-0.08293547
-715.09285714	-0.08200198
-715.05986395	-0.08001732
-715.02687075	-0.07710251
-714.99387755	-0.07329966
-714.96088435	-0.06857719
-714.92789116	-0.06305708
-714.89489796	-0.05668135
-714.86190476	-0.04960176
-714.82891156	-0.04188643
-714.79591837	-0.03369437
-714.76292517	-0.02497340
-714.72993197	-0.01610274
-714.69693878	-0.00702786
-714.66394558	0.00211963
-714.63095238	0.01104565
-714.59795918	0.01980451
-714.56496599	0.02815079
-714.53197279	0.03598013
-714.49897959	0.04321871
-714.46598639	0.04967983
-714.43299320	0.05525882
-714.40000000	0.06004691
-714.36700680	0.06366475
-714.33401361	0.06634519
-714.30102041	0.06785493
-714.26802721	0.06819674
-714.23503401	0.06748056
-714.20204082	0.06566166
-714.16904762	0.06256397
-714.13605442	0.05858186
-714.10306122	0.05348982
-714.07006803	0.04757622
-714.03707483	0.04083358
-714.00408163	0.03339358
-713.97108844	0.02549153
-713.93809524	0.01710096
-713.90510204	0.00853727
-713.87210884	-0.00010096
-713.83911565	-0.00869946
-713.80612245	-0.01695450
-713.77312925	-0.02484774
-713.74013605	-0.03219867
-713.70714286	-0.03886353
-713.67414966	-0.04470026
-713.64115646	-0.04967787
-713.60816327	-0.05356917
-713.57517007	-0.05647264
-713.54217687	-0.05834158
-713.50918367	-0.05912736
-713.47619048	-0.05877754
-713.44319728	-0.05748138
-713.41020408	-0.05519390
-713.37721088	-0.05196507
-713.34421769	-0.04791916
-713.31122449	-0.04312028
-713.27823129	-0.03761190
-713.24523810	-0.03165705
-713.21224490	-0.02516117
-713.17925170	-0.01843782
-713.14625850	-0.01136069
-713.11326531	-0.00419971
-713.08027211	0.00308236
-713.04727891	0.01030231
-713.01428571	0.01747620
-712.98129252	0.02449220
-712.94829932	0.03123310
-712.91530612	0.03781418
-712.88231293	0.04400063
-712.84931973	0.04981936
-712.81632653	0.05524964
-712.78333333	0.06015397
-712.75034014	0.06456197
-712.71734694	0.06848360
-712.68435374	0.07169512
-712.65136054	0.07437888
-712.61836735	0.07633651
-712.58537415	0.07759197
-712.55238095	0.07818443
-712.51938776	0.07782349
-712.48639456	0.07684227
-712.45340136	0.07494352
-712.42040816	0.07227086
-712.38741497	0.06879043
-712.35442177	0.06457265
-712.32142857	0.05952587
-712.28843537	0.05375795
-712.25544218	0.04742977
-712.22244898	0.04037282
-712.18945578	0.03276515
-712.15646259	0.02476102
-712.12346939	0.01624739
-712.09047619	0.00763958
-712.05748299	-0.00137061
-712.02448980	-0.01040455
-711.99149660	-0.01943340
-711.95850340	-0.02837243
-711.92551020	-0.03730279
-711.89251701	-0.04580415
-711.85952381	-0.05404267
-711.82653061	-0.06190046
-711.79353741	-0.06919825
-711.76054422	-0.07604291
-711.72755102	-0.08223275
-711.69455782	-0.08789015
-711.66156463	-0.09279543
-711.62857143	-0.09704858
-711.59557823	-0.10065301
-711.56258503	-0.10343665
-711.52959184	-0.10561898
-711.49659864	-0.10712541
-711.46360544	-0.10782303
-711.43061224	-0.10793666
-711.39761905	-0.10749570
-711.36462585	-0.10630666
-711.33163265	-0.10455041
-711.29863946	-0.10226111
-711.26564626	-0.09924574
-711.23265306	-0.09578941
-711.19965986	-0.09177504
-711.16666667	-0.08707815
-711.13367347	-0.08187391
-711.10068027	-0.07609787
-711.06768707	-0.06983595
-711.03469388	-0.06298655
-711.00170068	-0.05556814
-710.96870748	-0.04766328
-710.93571429	-0.03924960
-710.90272109	-0.03036842
-710.86972789	-0.02103962
-710.83673469	-0.01148063
-710.80374150	-0.00163579
-710.77074830	0.00831521
-710.73775510	0.01843859
-710.70476190	0.02827311
-710.67176871	0.03799845
-710.63877551	0.04733885
-710.60578231	0.05614013
-710.57278912	0.06429801
-710.53979592	0.07166543
-710.50680272	0.07812398
-710.47380952	0.08360183
-710.44081633	0.08803572
-710.40782313	0.09114935
-710.37482993	0.09309722
-710.34183673	0.09391218
-710.30884354	0.09346924
-710.27585034	0.09185217
-710.24285714	0.08914931
-710.20986395	0.08544507
-710.17687075	0.08075613
-710.14387755	0.07525466
-710.11088435	0.06916286
-710.07789116	0.06245972
-710.04489796	0.05541748
-710.01190476	0.04818795
-709.97891156	0.04079206
-709.94591837	0.03349212
-709.91292517	0.02634894
-709.87993197	0.01949460
-709.84693878	0.01309267
-709.81394558	0.00716424
-709.78095238	0.00179012
-709.74795918	-0.00295258
-709.71496599	-0.00699541
-709.68197279	-0.01043942
-709.64897959	-0.01304798
-709.61598639	-0.01507709
-709.58299320	-0.01630934
-709.55000000	-0.01696289
-709.51700680	-0.01699092
-709.48401361	-0.01637200
-709.45102041	-0.01529709
-709.41802721	-0.01377261
-709.38503401	-0.01185675
-709.35204082	-0.00956400
-709.31904762	-0.00698014
-709.28605442	-0.00424539
-709.25306122	-0.00131466
-709.22006803	0.00163277
-709.18707483	0.00468694
-709.15408163	0.00764036
-709.12108844	0.01051123
-709.08809524	0.01324778
-709.05510204	0.01577641
-709.02210884	0.01810855
-708.98911565	0.02007655
-708.95612245	0.02187914
-708.92312925	0.02320529
-708.89013605	0.02421402
-708.85714286	0.02482183
-708.82414966	0.02497694
-708.79115646	0.02476525
-708.75816327	0.02406800
-708.72517007	0.02292725
-708.69217687	0.02136533
-708.65918367	0.01936627
-708.62619048	0.01689451
-708.59319728	0.01407609
-708.56020408	0.01087476
-708.52721088	0.00725306
-708.49421769	0.00342086
-708.46122449	-0.00061583
-708.42823129	-0.00492539
-708.39523810	-0.00929867
-708.36224490	-0.01372413
-708.32925170	-0.01810211
-708.29625850	-0.02231167
-708.26326531	-0.02633019
-708.23027211	-0.02995236
-708.19727891	-0.03319918
-708.16428571	-0.03592799
-708.13129252	-0.03802602
-708.09829932	-0.03947235
-708.06530612	-0.04023774
-708.03231293	-0.04026212
-707.99931973	-0.03942913
-707.96632653	-0.03799209
-707.93333333	-0.03563514
-707.90034014	-0.03272826
-707.86734694	-0.02919617
-707.83435374	-0.02513922
-707.80136054	-0.02066732
-707.76836735	-0.01586574
-707.73537415	-0.01099557
-707.70238095	-0.00600988
-707.66938776	-0.00113388
-707.63639456	0.00350145
-707.60340136	0.00784834
-707.57040816	0.01175348
-707.53741497	0.01528778
-707.50442177	0.01812927
-707.47142857	0.02061008
-707.43843537	0.02240847
-707.40544218	0.02370654
-707.37244898	0.02446200
-707.33945578	0.02477243
-707.30646259	0.02461195
-707.27346939	0.02416962
-707.24047619	0.02338387
-707.20748299	0.02240687
-707.17448980	0.02128508
-707.14149660	0.02004241
-707.10850340	0.01864852
-707.07551020	0.01732430
-707.04251701	0.01596591
-707.00952381	0.01463983
-706.97653061	0.01318221
-706.94353741	0.01183722
-706.91054422	0.01044456
-706.87755102	0.00897808
-706.84455782	0.00753039
-706.81156463	0.00598859
-706.77857143	0.00429329
-706.74557823	0.00259217
-706.71258503	0.00063524
-706.67959184	-0.00134026
-706.64659864	-0.00341868
-706.61360544	-0.00555561
-706.58061224	-0.00790401
-706.54761905	-0.01017712
-706.51462585	-0.01246769
-706.48163265	-0.01474789
-706.44863946	-0.01691501
-706.41564626	-0.01896443
-706.38265306	-0.02086305
-706.34965986	-0.02245161
-706.31666667	-0.02389858
-706.28367347	-0.02498218
-706.25068027	-0.02569418
-706.21768707	-0.02613615
-706.18469388	-0.02613381
-706.15170068	-0.02578636
-706.11870748	-0.02506867
-706.08571429	-0.02402491
-706.05272109	-0.02267508
-706.01972789	-0.02096331
-705.98673469	-0.01906079
-705.95374150	-0.01686404
-705.92074830	-0.01453120
-705.88775510	-0.01202855
-705.85476190	-0.00944777
-705.82176871	-0.00668440
-705.78877551	-0.00398262
-705.75578231	-0.00112513
-705.72278912	0.00168036
-705.68979592	0.00450668
-705.65680272	0.00736064
-705.62380952	0.01011535
-705.59081633	0.01297155
-705.55782313	0.01582910
-705.52482993	0.01846763
-705.49183673	0.02115135
-705.45884354	0.02381150
-705.42585034	0.02624711
-705.39285714	0.02856072
-705.35986395	0.03078073
-705.32687075	0.03269114
-705.29387755	0.03433221
-705.26088435	0.03564342
-705.22789116	0.03668087
-705.19489796	0.03709957
-705.16190476	0.03715192
-705.12891156	0.03673912
-705.09591837	0.03565980
-705.06292517	0.03402467
-705.02993197	0.03183635
-704.99693878	0.02902702
-704.96394558	0.02564412
-704.93095238	0.02174656
-704.89795918	0.01731038
-704.86496599	0.01235764
-704.83197279	0.00717297
-704.79897959	0.00165784
-704.76598639	-0.00403560
-704.73299320	-0.00973857
-704.70000000	-0.01544854
-704.66700680	-0.02091675
-704.63401361	-0.02606818
-704.60102041	-0.03077998
-704.56802721	-0.03502901
-704.53503401	-0.03854639
-704.50204082	-0.04133460
-704.46904762	-0.04344959
-704.43605442	-0.04462047
-704.40306122	-0.04504754
-704.37006803	-0.04454785
-704.33707483	-0.04330767
-704.30408163	-0.04127766
-704.27108844	-0.03847172
-704.23809524	-0.03519529
-704.20510204	-0.03134610
-704.17210884	-0.02696167
-704.13911565	-0.02227775
-704.10612245	-0.01749902
-704.07312925	-0.01238359
-704.04013605	-0.00741197
-704.00714286	-0.00234724
-703.97414966	0.00256090
-703.94115646	0.00724500
-703.90816327	0.01174083
-703.87517007	0.01598649
-703.84217687	0.01993502
-703.80918367	0.02346135
-703.77619048	0.02673682
-703.74319728	0.02953156
-703.71020408	0.03203862
-703.67721088	0.03412250
-703.64421769	0.03571188
-703.61122449	0.03693758
-703.57823129	0.03762742
-703.54523810	0.03782523
-703.51224490	0.03761879
-703.47925170	0.03668499
-703.44625850	0.03530131
-703.41326531	0.03328022
-703.38027211	0.03064709
-703.34727891	0.02754406
-703.31428571	0.02369557
-703.28129252	0.01942208
-703.24829932	0.01462152
-703.21530612	0.00935160
-703.18231293	0.00378013
-703.14931973	-0.00212106
-703.11632653	-0.00814899
-703.08333333	-0.01418579
-703.05034014	-0.02025292
-703.01734694	-0.02602143
-702.98435374	-0.03151608
-702.95136054	-0.03648611
-702.91836735	-0.04099028
-702.88537415	-0.04485409
-702.85238095	-0.04793640
-702.81938776	-0.05025605
-702.78639456	-0.05175651
-702.75340136	-0.05237759
-702.72040816	-0.05217832
-702.68741497	-0.05118478
-702.65442177	-0.04931236
-702.62142857	-0.04683483
-702.58843537	-0.04367225
-702.55544218	-0.03990631
-702.52244898	-0.03578077
-702.48945578	-0.03129381
-702.45646259	-0.02650605
-702.42346939	-0.02174418
-702.39047619	-0.01665404
-702.35748299	-0.01175242
-702.32448980	-0.00710559
-702.29149660	-0.00250397
-702.25850340	0.00179923
-702.22551020	0.00569123
-702.19251701	0.00928992
-702.15952381	0.01252350
-702.12653061	0.01539586
-702.09353741	0.01780924
-702.06054422	0.01995960
-702.02755102	0.02171076
-701.99455782	0.02303434
-701.96156463	0.02428868
-701.92857143	0.02515178
-701.89557823	0.02581874
-701.86258503	0.02632524
-701.82959184	0.02658843
-701.79659864	0.02681139
-701.76360544	0.02690099
-701.73061224	0.02677976
-701.69761905	0.02665321
-701.66462585	0.02639562
-701.63163265	0.02598316
-701.59863946	0.02546938
-701.56564626	0.02476236
-701.53265306	0.02396095
-701.49965986	0.02291618
-701.46666667	0.02164880
-701.43367347	0.02025394
-701.40068027	0.01851557
-701.36768707	0.01673986
-701.33469388	0.01458164
-701.30170068	0.01225891
-701.26870748	0.00986591
-701.23571429	0.00724527
-701.20272109	0.00454417
-701.16972789	0.00177108
-701.13673469	-0.00107267
-701.10374150	-0.00394792
-701.07074830	-0.00668575
-701.03775510	-0.00933265
-701.00476190	-0.01186187
-700.97176871	-0.01419118
-700.93877551	-0.01629131
-700.90578231	-0.01819159
-700.87278912	-0.01977867
-700.83979592	-0.02109573
-700.80680272	-0.02215284
-700.77380952	-0.02278779
-700.74081633	-0.02318012
-700.70782313	-0.02325239
-700.67482993	-0.02307460
-700.64183673	-0.02257760
-700.60884354	-0.02182823
-700.57585034	-0.02081157
-700.54285714	-0.01948476
-700.50986395	-0.01800294
-700.47687075	-0.01628659
-700.44387755	-0.01439632
-700.41088435	-0.01229808
-700.37789116	-0.01000200
-700.34489796	-0.00753641
-700.31190476	-0.00491984
-700.27891156	-0.00221785
-700.24591837	0.00055444
-700.21292517	0.00354136
-700.17993197	0.00642472
-700.14693878	0.00940741
-700.11394558	0.01232209
-700.08095238	0.01524959
-700.04795918	0.01798970
-700.01496599	0.02059814
-699.98197279	0.02306059
-699.94897959	0.02523898
-699.91598639	0.02707951
-699.88299320	0.02858238
-699.85000000	0.02970157
-699.81700680	0.03041458
-699.78401361	0.03067829
-699.75102041	0.03045511
-699.71802721	0.02966510
-699.68503401	0.02843039
-699.65204082	0.02670024
-699.61904762	0.02458770
-699.58605442	0.02195612
-699.55306122	0.01894450
-699.52006803	0.01546617
-699.48707483	0.01182113
-699.45408163	0.00795218
-699.42108844	0.00393197
-699.38809524	-0.00023682
-699.35510204	-0.00439613
-699.32210884	-0.00854102
-699.28911565	-0.01250156
-699.25612245	-0.01633314
-699.22312925	-0.01986432
-699.19013605	-0.02311010
-699.15714286	-0.02598042
-699.12414966	-0.02856226
-699.09115646	-0.03052029
-699.05816327	-0.03206054
-699.02517007	-0.03318797
-698.99217687	-0.03378930
-698.95918367	-0.03387540
-698.92619048	-0.03340783
-698.89319728	-0.03234435
-698.86020408	-0.03090806
-698.82721088	-0.02893955
-698.79421769	-0.02642354
-698.76122449	-0.02359151
-698.72823129	-0.02036684
-698.69523810	-0.01676522
-698.66224490	-0.01291896
-698.62925170	-0.00884633
-698.59625850	-0.00461368
-698.56326531	-0.00031750
-698.53027211	0.00390400
-698.49727891	0.00797640
-698.46428571	0.01195801
-698.43129252	0.01559936
-698.39829932	0.01893346
-698.36530612	0.02191569
-698.33231293	0.02435467
-698.29931973	0.02627834
-698.26632653	0.02766998
-698.23333333	0.02852779
-698.20034014	0.02884230
-698.16734694	0.02854747
-698.13435374	0.02777855
-698.10136054	0.02649666
-698.06836735	0.02473031
-698.03537415	0.02250430
-698.00238095	0.01991866
-697.96938776	0.01697895
-697.93639456	0.01385912
-697.90340136	0.01047648
-697.87040816	0.00698795
-697.83741497	0.00351546
-697.80442177	-0.00003888
-697.77142857	-0.00349733
-697.73843537	-0.00683500
-697.70544218	-0.01001078
-697.67244898	-0.01294489
-697.63945578	-0.01565734
-697.60646259	-0.01805980
-697.57346939	-0.02007654
-697.54047619	-0.02180249
-697.50748299	-0.02315001
-697.47448980	-0.02407202
-697.44149660	-0.02469227
-697.40850340	-0.02484419
-697.37551020	-0.02471693
-697.34251701	-0.02424167
-697.30952381	-0.02345815
-697.27653061	-0.02239669
-697.24353741	-0.02106591
-697.21054422	-0.01951116
-697.17755102	-0.01779979
-697.14455782	-0.01593827
-697.11156463	-0.01400559
-697.07857143	-0.01191352
-697.04557823	-0.00978062
-697.01258503	-0.00765489
-696.97959184	-0.00551129
-696.94659864	-0.00332317
-696.91360544	-0.00129674
-696.88061224	0.00078003
-696.84761905	0.00275855
-696.81462585	0.00464930
-696.78163265	0.00643258
-696.74863946	0.00810035
-696.71564626	0.00964751
-696.68265306	0.01097724
-696.64965986	0.01220097
-696.61666667	0.01324144
-696.58367347	0.01410185
-696.55068027	0.01472045
-696.51768707	0.01519288
-696.48469388	0.01547378
-696.45170068	0.01551973
-696.41870748	0.01532103
-696.38571429	0.01501349
-696.35272109	0.01456264
-696.31972789	0.01382741
-696.28673469	0.01301420
-696.25374150	0.01211045
-696.22074830	0.01112435
-696.18775510	0.00997585
-696.15476190	0.00884854
-696.12176871	0.00773461
-696.08877551	0.00657730
-696.05578231	0.00546058
-696.02278912	0.00435059
-695.98979592	0.00333916
-695.95680272	0.00240878
-695.92380952	0.00152681
-695.89081633	0.00069846
-695.85782313	0.00002028
-695.82482993	-0.00058812
-695.79183673	-0.00110546
-695.75884354	-0.00156225
-695.72585034	-0.00191471
-695.69285714	-0.00218876
-695.65986395	-0.00239609
-695.62687075	-0.00252581
-695.59387755	-0.00257204
-695.56088435	-0.00257853
-695.52789116	-0.00251911
-695.49489796	-0.00242391
-695.46190476	-0.00228501
-695.42891156	-0.00211012
-695.39591837	-0.00189712
-695.36292517	-0.00167483
-695.32993197	-0.00143506
-695.29693878	-0.00119234
-695.26394558	-0.00095601
-695.23095238	-0.00073137
-695.19795918	-0.00052927
-695.16496599	-0.00035815
-695.13197279	-0.00021904
-695.09897959	-0.00011480
-695.06598639	-0.00004649
-695.03299320	-0.00001033
-695.00000000	0.00000000
