# Menlo Systems GmbH ScanControl
# Program Version 1.14.3
# Start: -730.00000000 ps, Average over 3000 waveforms. Timestamp: 2025-11-12T15:56:58
# User time axis shift: 0 ps
# Time axis offset: 0 ps
# Time [ps]	THz Signal [a.u.]
-730.00000000	0.00117563
-729.96699670	0.00113112
-729.93399340	0.00110729
-729.90099010	0.00112945
-729.86798680	0.00116811
-729.83498350	0.00106597
-729.80198020	0.00103747
-729.76897690	0.00098125
-729.73597360	0.00092066
-729.70297030	0.00086886
-729.66996700	0.00075675
-729.63696370	0.00066924
-729.60396040	0.00054902
-729.57095710	0.00044445
-729.53795380	0.00023043
-729.50495050	0.00014985
-729.47194719	0.00000341
-729.43894389	-0.00019015
-729.40594059	-0.00036284
-729.37293729	-0.00055673
-729.33993399	-0.00065964
-729.30693069	-0.00084976
-729.27392739	-0.00097040
-729.24092409	-0.00110149
-729.20792079	-0.00121314
-729.17491749	-0.00138404
-729.14191419	-0.00146209
-729.10891089	-0.00149599
-729.07590759	-0.00152169
-729.04290429	-0.00162102
-729.00990099	-0.00157691
-728.97689769	-0.00157391
-728.94389439	-0.00154426
-728.91089109	-0.00142378
-728.87788779	-0.00139206
-728.84488449	-0.00126925
-728.81188119	-0.00110321
-728.77887789	-0.00090773
-728.74587459	-0.00070861
-728.71287129	-0.00039741
-728.67986799	-0.00010900
-728.64686469	0.00019594
-728.61386139	0.00050697
-728.58085809	0.00075754
-728.54785479	0.00108513
-728.51485149	0.00134300
-728.48184818	0.00153272
-728.44884488	0.00173304
-728.41584158	0.00187002
-728.38283828	0.00195475
-728.34983498	0.00197595
-728.31683168	0.00189960
-728.28382838	0.00185861
-728.25082508	0.00176354
-728.21782178	0.00166907
-728.18481848	0.00151098
-728.15181518	0.00142678
-728.11881188	0.00127764
-728.08580858	0.00115364
-728.05280528	0.00104875
-728.01980198	0.00096020
-727.98679868	0.00089302
-727.95379538	0.00080237
-727.92079208	0.00070182
-727.88778878	0.00069713
-727.85478548	0.00067549
-727.82178218	0.00064822
-727.78877888	0.00066489
-727.75577558	0.00066125
-727.72277228	0.00066406
-727.68976898	0.00063826
-727.65676568	0.00064630
-727.62376238	0.00064452
-727.59075908	0.00066043
-727.55775578	0.00067665
-727.52475248	0.00061961
-727.49174917	0.00061348
-727.45874587	0.00060855
-727.42574257	0.00060561
-727.39273927	0.00054391
-727.35973597	0.00055585
-727.32673267	0.00056833
-727.29372937	0.00060103
-727.26072607	0.00059696
-727.22772277	0.00062059
-727.19471947	0.00063246
-727.16171617	0.00063131
-727.12871287	0.00066719
-727.09570957	0.00069850
-727.06270627	0.00065474
-727.02970297	0.00073819
-726.99669967	0.00070235
-726.96369637	0.00072338
-726.93069307	0.00065539
-726.89768977	0.00065996
-726.86468647	0.00061960
-726.83168317	0.00057017
-726.79867987	0.00052862
-726.76567657	0.00042605
-726.73267327	0.00035455
-726.69966997	0.00033943
-726.66666667	0.00036548
-726.63366337	0.00036277
-726.60066007	0.00036135
-726.56765677	0.00042640
-726.53465347	0.00039675
-726.50165017	0.00046363
-726.46864686	0.00048454
-726.43564356	0.00056566
-726.40264026	0.00058751
-726.36963696	0.00058691
-726.33663366	0.00057643
-726.30363036	0.00059819
-726.27062706	0.00059622
-726.23762376	0.00058073
-726.20462046	0.00056135
-726.17161716	0.00052143
-726.13861386	0.00045315
-726.10561056	0.00041464
-726.07260726	0.00048711
-726.03960396	0.00043426
-726.00660066	0.00044062
-725.97359736	0.00042667
-725.94059406	0.00045431
-725.90759076	0.00051362
-725.87458746	0.00050106
-725.84158416	0.00059370
-725.80858086	0.00065024
-725.77557756	0.00064183
-725.74257426	0.00074076
-725.70957096	0.00081373
-725.67656766	0.00084158
-725.64356436	0.00095573
-725.61056106	0.00095486
-725.57755776	0.00106966
-725.54455446	0.00114207
-725.51155116	0.00123784
-725.47854785	0.00129198
-725.44554455	0.00141270
-725.41254125	0.00147915
-725.37953795	0.00159239
-725.34653465	0.00167662
-725.31353135	0.00165464
-725.28052805	0.00177819
-725.24752475	0.00181049
-725.21452145	0.00186390
-725.18151815	0.00184891
-725.14851485	0.00184272
-725.11551155	0.00176721
-725.08250825	0.00159628
-725.04950495	0.00144906
-725.01650165	0.00114826
-724.98349835	0.00086826
-724.95049505	0.00043205
-724.91749175	0.00005752
-724.88448845	-0.00047034
-724.85148515	-0.00104232
-724.81848185	-0.00158995
-724.78547855	-0.00213233
-724.75247525	-0.00268141
-724.71947195	-0.00311755
-724.68646865	-0.00345999
-724.65346535	-0.00361353
-724.62046205	-0.00379242
-724.58745875	-0.00367260
-724.55445545	-0.00342658
-724.52145215	-0.00310288
-724.48844884	-0.00271081
-724.45544554	-0.00207473
-724.42244224	-0.00146741
-724.38943894	-0.00082815
-724.35643564	-0.00016391
-724.32343234	0.00029560
-724.29042904	0.00083433
-724.25742574	0.00131357
-724.22442244	0.00163482
-724.19141914	0.00185784
-724.15841584	0.00206675
-724.12541254	0.00223660
-724.09240924	0.00219342
-724.05940594	0.00217811
-724.02640264	0.00214606
-723.99339934	0.00207064
-723.96039604	0.00190675
-723.92739274	0.00181695
-723.89438944	0.00159990
-723.86138614	0.00148998
-723.82838284	0.00130888
-723.79537954	0.00124937
-723.76237624	0.00108597
-723.72937294	0.00102934
-723.69636964	0.00092428
-723.66336634	0.00084129
-723.63036304	0.00083519
-723.59735974	0.00076409
-723.56435644	0.00072262
-723.53135314	0.00073864
-723.49834983	0.00063602
-723.46534653	0.00058450
-723.43234323	0.00048348
-723.39933993	0.00038922
-723.36633663	0.00035771
-723.33333333	0.00016215
-723.30033003	0.00008993
-723.26732673	0.00005114
-723.23432343	-0.00003343
-723.20132013	-0.00008353
-723.16831683	-0.00002409
-723.13531353	0.00003357
-723.10231023	0.00008899
-723.06930693	0.00020303
-723.03630363	0.00042149
-723.00330033	0.00060553
-722.97029703	0.00074434
-722.93729373	0.00092607
-722.90429043	0.00110832
-722.87128713	0.00119073
-722.83828383	0.00128828
-722.80528053	0.00127673
-722.77227723	0.00117717
-722.73927393	0.00119571
-722.70627063	0.00112686
-722.67326733	0.00102471
-722.64026403	0.00092017
-722.60726073	0.00087987
-722.57425743	0.00084725
-722.54125413	0.00085563
-722.50825083	0.00089510
-722.47524752	0.00092545
-722.44224422	0.00112787
-722.40924092	0.00123127
-722.37623762	0.00131679
-722.34323432	0.00149996
-722.31023102	0.00163974
-722.27722772	0.00165942
-722.24422442	0.00168960
-722.21122112	0.00172562
-722.17821782	0.00168552
-722.14521452	0.00150828
-722.11221122	0.00141497
-722.07920792	0.00129690
-722.04620462	0.00107054
-722.01320132	0.00089821
-721.98019802	0.00064434
-721.94719472	0.00039728
-721.91419142	0.00011558
-721.88118812	-0.00015555
-721.84818482	-0.00052437
-721.81518152	-0.00083662
-721.78217822	-0.00118971
-721.74917492	-0.00156163
-721.71617162	-0.00212607
-721.68316832	-0.00259958
-721.65016502	-0.00316407
-721.61716172	-0.00375772
-721.58415842	-0.00435287
-721.55115512	-0.00500661
-721.51815182	-0.00558031
-721.48514851	-0.00601016
-721.45214521	-0.00637367
-721.41914191	-0.00652482
-721.38613861	-0.00657410
-721.35313531	-0.00630307
-721.32013201	-0.00590883
-721.28712871	-0.00520343
-721.25412541	-0.00449335
-721.22112211	-0.00364018
-721.18811881	-0.00267875
-721.15511551	-0.00178708
-721.12211221	-0.00102323
-721.08910891	-0.00031588
-721.05610561	0.00017357
-721.02310231	0.00055514
-720.99009901	0.00073007
-720.95709571	0.00082839
-720.92409241	0.00081097
-720.89108911	0.00060408
-720.85808581	0.00056579
-720.82508251	0.00038166
-720.79207921	0.00026750
-720.75907591	0.00018954
-720.72607261	0.00009151
-720.69306931	-0.00007660
-720.66006601	-0.00009923
-720.62706271	-0.00025037
-720.59405941	-0.00047255
-720.56105611	-0.00075436
-720.52805281	-0.00106937
-720.49504950	-0.00152141
-720.46204620	-0.00195845
-720.42904290	-0.00246630
-720.39603960	-0.00300434
-720.36303630	-0.00366865
-720.33003300	-0.00422724
-720.29702970	-0.00488480
-720.26402640	-0.00559075
-720.23102310	-0.00623531
-720.19801980	-0.00702616
-720.16501650	-0.00786072
-720.13201320	-0.00867972
-720.09900990	-0.00970590
-720.06600660	-0.01070518
-720.03300330	-0.01191770
-720.00000000	-0.01307565
-719.96699670	-0.01427369
-719.93399340	-0.01549872
-719.90099010	-0.01659404
-719.86798680	-0.01748616
-719.83498350	-0.01816896
-719.80198020	-0.01844835
-719.76897690	-0.01827855
-719.73597360	-0.01771322
-719.70297030	-0.01665195
-719.66996700	-0.01507661
-719.63696370	-0.01312636
-719.60396040	-0.01086322
-719.57095710	-0.00849857
-719.53795380	-0.00596357
-719.50495050	-0.00360317
-719.47194719	-0.00151924
-719.43894389	0.00033165
-719.40594059	0.00170007
-719.37293729	0.00269739
-719.33993399	0.00326967
-719.30693069	0.00353098
-719.27392739	0.00344048
-719.24092409	0.00325610
-719.20792079	0.00280208
-719.17491749	0.00234710
-719.14191419	0.00188487
-719.10891089	0.00128254
-719.07590759	0.00087716
-719.04290429	0.00034670
-719.00990099	-0.00001238
-718.97689769	-0.00034258
-718.94389439	-0.00062561
-718.91089109	-0.00066750
-718.87788779	-0.00067880
-718.84488449	-0.00050501
-718.81188119	-0.00007277
-718.77887789	0.00049223
-718.74587459	0.00133431
-718.71287129	0.00240558
-718.67986799	0.00363941
-718.64686469	0.00510063
-718.61386139	0.00670475
-718.58085809	0.00848914
-718.54785479	0.01049526
-718.51485149	0.01269733
-718.48184818	0.01516009
-718.44884488	0.01801260
-718.41584158	0.02107170
-718.38283828	0.02478641
-718.34983498	0.02892545
-718.31683168	0.03360941
-718.28382838	0.03895566
-718.25082508	0.04492340
-718.21782178	0.05149943
-718.18481848	0.05867380
-718.15181518	0.06633885
-718.11881188	0.07450773
-718.08580858	0.08309028
-718.05280528	0.09195773
-718.01980198	0.10105944
-717.98679868	0.11043052
-717.95379538	0.11997263
-717.92079208	0.12986512
-717.88778878	0.14000683
-717.85478548	0.15086566
-717.82178218	0.16230160
-717.78877888	0.17481757
-717.75577558	0.18860916
-717.72277228	0.20400738
-717.68976898	0.22113532
-717.65676568	0.24025432
-717.62376238	0.26156507
-717.59075908	0.28479162
-717.55775578	0.30986444
-717.52475248	0.33639110
-717.49174917	0.36366728
-717.45874587	0.39105483
-717.42574257	0.41734304
-717.39273927	0.44147536
-717.35973597	0.46196277
-717.32673267	0.47772961
-717.29372937	0.48699371
-717.26072607	0.48879994
-717.22772277	0.48183157
-717.19471947	0.46534182
-717.16171617	0.43871358
-717.12871287	0.40188726
-717.09570957	0.35502818
-717.06270627	0.29900674
-717.02970297	0.23452990
-716.99669967	0.16301375
-716.96369637	0.08525470
-716.93069307	0.00265164
-716.89768977	-0.08452101
-716.86468647	-0.17586183
-716.83168317	-0.27184510
-716.79867987	-0.37348396
-716.76567657	-0.48217694
-716.73267327	-0.59961748
-716.69966997	-0.72733940
-716.66666667	-0.86616984
-716.63366337	-1.01584271
-716.60066007	-1.17441547
-716.56765677	-1.33808995
-716.53465347	-1.50062200
-716.50165017	-1.65398588
-716.46864686	-1.78815140
-716.43564356	-1.89236155
-716.40264026	-1.95552505
-716.36963696	-1.96819922
-716.33663366	-1.92285716
-716.30363036	-1.81564595
-716.27062706	-1.64661597
-716.23762376	-1.42039474
-716.20462046	-1.14618313
-716.17161716	-0.83650256
-716.13861386	-0.50692859
-716.10561056	-0.17375634
-716.07260726	0.14691284
-716.03960396	0.44091197
-716.00660066	0.69733831
-715.97359736	0.90878929
-715.94059406	1.07186869
-715.90759076	1.18606640
-715.87458746	1.25453799
-715.84158416	1.28125478
-715.80858086	1.27206241
-715.77557756	1.23287013
-715.74257426	1.16982219
-715.70957096	1.08879869
-715.67656766	0.99494994
-715.64356436	0.89345041
-715.61056106	0.78873072
-715.57755776	0.68509402
-715.54455446	0.58609952
-715.51155116	0.49521736
-715.47854785	0.41498083
-715.44554455	0.34739917
-715.41254125	0.29346478
-715.37953795	0.25315529
-715.34653465	0.22501784
-715.31353135	0.20677322
-715.28052805	0.19493815
-715.24752475	0.18589651
-715.21452145	0.17583697
-715.18151815	0.16170190
-715.14851485	0.14174285
-715.11551155	0.11507988
-715.08250825	0.08281134
-715.04950495	0.04700230
-715.01650165	0.01042455
-714.98349835	-0.02294731
-714.95049505	-0.04998392
-714.91749175	-0.06702167
-714.88448845	-0.07169540
-714.85148515	-0.06234654
-714.81848185	-0.03883515
-714.78547855	-0.00237839
-714.75247525	0.04431313
-714.71947195	0.09705382
-714.68646865	0.15061617
-714.65346535	0.19952012
-714.62046205	0.23812659
-714.58745875	0.26186787
-714.55445545	0.26741497
-714.52145215	0.25333116
-714.48844884	0.21993869
-714.45544554	0.16999153
-714.42244224	0.10728921
-714.38943894	0.03724758
-714.35643564	-0.03421621
-714.32343234	-0.10114534
-714.29042904	-0.15801271
-714.25742574	-0.20061442
-714.22442244	-0.22584713
-714.19141914	-0.23291945
-714.15841584	-0.22250233
-714.12541254	-0.19727225
-714.09240924	-0.16119826
-714.05940594	-0.11871543
-714.02640264	-0.07488442
-713.99339934	-0.03355545
-713.96039604	0.00181835
-713.92739274	0.02968009
-713.89438944	0.04922764
-713.86138614	0.06097388
-713.82838284	0.06571486
-713.79537954	0.06485339
-713.76237624	0.05928437
-713.72937294	0.05011579
-713.69636964	0.03827939
-713.66336634	0.02427166
-713.63036304	0.00894120
-713.59735974	-0.00713231
-713.56435644	-0.02311449
-713.53135314	-0.03825683
-713.49834983	-0.05207729
-713.46534653	-0.06402589
-713.43234323	-0.07371609
-713.39933993	-0.08136983
-713.36633663	-0.08685445
-713.33333333	-0.09056033
-713.30033003	-0.09252979
-713.26732673	-0.09304342
-713.23432343	-0.09196683
-713.20132013	-0.08912330
-713.16831683	-0.08378902
-713.13531353	-0.07546964
-713.10231023	-0.06296830
-713.06930693	-0.04592075
-713.03630363	-0.02323660
-713.00330033	0.00428352
-712.97029703	0.03624514
-712.93729373	0.07072848
-712.90429043	0.10586602
-712.87128713	0.13858645
-712.83828383	0.16628111
-712.80528053	0.18636948
-712.77227723	0.19649492
-712.73927393	0.19524957
-712.70627063	0.18179207
-712.67326733	0.15617625
-712.64026403	0.11938332
-712.60726073	0.07370893
-712.57425743	0.02200392
-712.54125413	-0.03186147
-712.50825083	-0.08385723
-712.47524752	-0.12960405
-712.44224422	-0.16526306
-712.40924092	-0.18795933
-712.37623762	-0.19640070
-712.34323432	-0.19033207
-712.31023102	-0.17143805
-712.27722772	-0.14267396
-712.24422442	-0.10783637
-712.21122112	-0.07130104
-712.17821782	-0.03723385
-712.14521452	-0.00929262
-712.11221122	0.00964277
-712.07920792	0.01837121
-712.04620462	0.01642377
-712.01320132	0.00483890
-711.98019802	-0.01435662
-711.94719472	-0.03850084
-711.91419142	-0.06458577
-711.88118812	-0.08963769
-711.84818482	-0.11121486
-711.81518152	-0.12749150
-711.78217822	-0.13756201
-711.74917492	-0.14119523
-711.71617162	-0.13843844
-711.68316832	-0.12998288
-711.65016502	-0.11644715
-711.61716172	-0.09855063
-711.58415842	-0.07690307
-711.55115512	-0.05240536
-711.51815182	-0.02602257
-711.48514851	0.00142426
-711.45214521	0.02837504
-711.41914191	0.05372523
-711.38613861	0.07596740
-711.35313531	0.09389260
-711.32013201	0.10650255
-711.28712871	0.11340337
-711.25412541	0.11470867
-711.22112211	0.11119227
-711.18811881	0.10400201
-711.15511551	0.09485392
-711.12211221	0.08517186
-711.08910891	0.07624787
-711.05610561	0.06900106
-711.02310231	0.06342577
-710.99009901	0.05919766
-710.95709571	0.05513428
-710.92409241	0.05042319
-710.89108911	0.04389317
-710.85808581	0.03515966
-710.82508251	0.02434823
-710.79207921	0.01220698
-710.75907591	-0.00025142
-710.72607261	-0.01189143
-710.69306931	-0.02215424
-710.66006601	-0.03070455
-710.62706271	-0.03816762
-710.59405941	-0.04521489
-710.56105611	-0.05276782
-710.52805281	-0.06148626
-710.49504950	-0.07164451
-710.46204620	-0.08273682
-710.42904290	-0.09398534
-710.39603960	-0.10395994
-710.36303630	-0.11137903
-710.33003300	-0.11496582
-710.29702970	-0.11384866
-710.26402640	-0.10746202
-710.23102310	-0.09595862
-710.19801980	-0.07989143
-710.16501650	-0.06042573
-710.13201320	-0.03887961
-710.09900990	-0.01669599
-710.06600660	0.00443663
-710.03300330	0.02348431
-710.00000000	0.03917752
-709.96699670	0.05091210
-709.93399340	0.05823989
-709.90099010	0.06097435
-709.86798680	0.05955601
-709.83498350	0.05433082
-709.80198020	0.04637993
-709.76897690	0.03675512
-709.73597360	0.02662806
-709.70297030	0.01732501
-709.66996700	0.00988875
-709.63696370	0.00532629
-709.60396040	0.00405025
-709.57095710	0.00625461
-709.53795380	0.01176764
-709.50495050	0.01963280
-709.47194719	0.02911662
-709.43894389	0.03884521
-709.40594059	0.04772433
-709.37293729	0.05489892
-709.33993399	0.06000644
-709.30693069	0.06310415
-709.27392739	0.06463161
-709.24092409	0.06519317
-709.20792079	0.06517683
-709.17491749	0.06483868
-709.14191419	0.06386283
-709.10891089	0.06151719
-709.07590759	0.05696840
-709.04290429	0.04942465
-709.00990099	0.03847428
-708.97689769	0.02411579
-708.94389439	0.00699292
-708.91089109	-0.01188308
-708.87788779	-0.03137250
-708.84488449	-0.05024143
-708.81188119	-0.06745069
-708.77887789	-0.08202060
-708.74587459	-0.09329695
-708.71287129	-0.10088587
-708.67986799	-0.10446421
-708.64686469	-0.10408878
-708.61386139	-0.09999298
-708.58085809	-0.09284738
-708.54785479	-0.08335912
-708.51485149	-0.07255634
-708.48184818	-0.06137766
-708.44884488	-0.05063665
-708.41584158	-0.04125621
-708.38283828	-0.03339449
-708.34983498	-0.02756060
-708.31683168	-0.02334478
-708.28382838	-0.02049737
-708.25082508	-0.01823975
-708.21782178	-0.01587325
-708.18481848	-0.01266369
-708.15181518	-0.00807297
-708.11881188	-0.00190532
-708.08580858	0.00578859
-708.05280528	0.01447604
-708.01980198	0.02347806
-707.98679868	0.03194509
-707.95379538	0.03909673
-707.92079208	0.04399976
-707.88778878	0.04623947
-707.85478548	0.04564865
-707.82178218	0.04229100
-707.78877888	0.03676903
-707.75577558	0.03006901
-707.72277228	0.02311290
-707.68976898	0.01704275
-707.65676568	0.01303168
-707.62376238	0.01128350
-707.59075908	0.01257662
-707.55775578	0.01656829
-707.52475248	0.02282395
-707.49174917	0.03095535
-707.45874587	0.04026525
-707.42574257	0.05019554
-707.39273927	0.06028012
-707.35973597	0.07016352
-707.32673267	0.07968631
-707.29372937	0.08839517
-707.26072607	0.09602023
-707.22772277	0.10228025
-707.19471947	0.10617175
-707.16171617	0.10716014
-707.12871287	0.10402202
-707.09570957	0.09600101
-707.06270627	0.08224909
-707.02970297	0.06255169
-706.99669967	0.03718744
-706.96369637	0.00727498
-706.93069307	-0.02562721
-706.89768977	-0.05887435
-706.86468647	-0.09011269
-706.83168317	-0.11636252
-706.79867987	-0.13561445
-706.76567657	-0.14670566
-706.73267327	-0.14912398
-706.69966997	-0.14382126
-706.66666667	-0.13210608
-706.63366337	-0.11621025
-706.60066007	-0.09828110
-706.56765677	-0.08020515
-706.53465347	-0.06354759
-706.50165017	-0.04924203
-706.46864686	-0.03735955
-706.43564356	-0.02772355
-706.40264026	-0.01970710
-706.36963696	-0.01245784
-706.33663366	-0.00546188
-706.30363036	0.00167874
-706.27062706	0.00891726
-706.23762376	0.01581162
-706.20462046	0.02164583
-706.17161716	0.02571974
-706.13861386	0.02739938
-706.10561056	0.02679150
-706.07260726	0.02404792
-706.03960396	0.02009946
-706.00660066	0.01606889
-705.97359736	0.01295175
-705.94059406	0.01156305
-705.90759076	0.01255802
-705.87458746	0.01563515
-705.84158416	0.02013586
-705.80858086	0.02547704
-705.77557756	0.03050523
-705.74257426	0.03468581
-705.70957096	0.03765660
-705.67656766	0.03934909
-705.64356436	0.04011255
-705.61056106	0.04031820
-705.57755776	0.04039091
-705.54455446	0.04033586
-705.51155116	0.04022751
-705.47854785	0.03967669
-705.44554455	0.03819459
-705.41254125	0.03561005
-705.37953795	0.03158564
-705.34653465	0.02629357
-705.31353135	0.01992247
-705.28052805	0.01278636
-705.24752475	0.00540059
-705.21452145	-0.00202994
-705.18151815	-0.00916047
-705.14851485	-0.01609767
-705.11551155	-0.02258689
-705.08250825	-0.02887489
-705.04950495	-0.03489157
-705.01650165	-0.04050480
-704.98349835	-0.04578532
-704.95049505	-0.05070941
-704.91749175	-0.05508358
-704.88448845	-0.05898023
-704.85148515	-0.06234657
-704.81848185	-0.06523920
-704.78547855	-0.06728945
-704.75247525	-0.06846637
-704.71947195	-0.06804000
-704.68646865	-0.06563469
-704.65346535	-0.06049572
-704.62046205	-0.05212674
-704.58745875	-0.04032229
-704.55445545	-0.02513262
-704.52145215	-0.00712908
-704.48844884	0.01316576
-704.45544554	0.03450430
-704.42244224	0.05571344
-704.38943894	0.07594245
-704.35643564	0.09354499
-704.32343234	0.10765307
-704.29042904	0.11694709
-704.25742574	0.12060265
-704.22442244	0.11777618
-704.19141914	0.10830672
-704.15841584	0.09226416
-704.12541254	0.07037577
-704.09240924	0.04423827
-704.05940594	0.01561132
-704.02640264	-0.01347226
-703.99339934	-0.04044904
-703.96039604	-0.06327977
-703.92739274	-0.07988234
-703.89438944	-0.08872794
-703.86138614	-0.08875823
-703.82838284	-0.07979176
-703.79537954	-0.06254056
-703.76237624	-0.03841428
-703.72937294	-0.00950560
-703.69636964	0.02175795
-703.66336634	0.05274191
-703.63036304	0.08088419
-703.59735974	0.10398271
-703.56435644	0.12064841
-703.53135314	0.12965023
-703.49834983	0.13064795
-703.46534653	0.12417038
-703.43234323	0.11078825
-703.39933993	0.09200013
-703.36633663	0.06936367
-703.33333333	0.04493223
-703.30033003	0.02072314
-703.26732673	-0.00122609
-703.23432343	-0.01944079
-703.20132013	-0.03284889
-703.16831683	-0.04090632
-703.13531353	-0.04364705
-703.10231023	-0.04163961
-703.06930693	-0.03599830
-703.03630363	-0.02778397
-703.00330033	-0.01850707
-702.97029703	-0.00943376
-702.93729373	-0.00178411
-702.90429043	0.00349712
-702.87128713	0.00602916
-702.83828383	0.00561982
-702.80528053	0.00237776
-702.77227723	-0.00291948
-702.73927393	-0.00957390
-702.70627063	-0.01662127
-702.67326733	-0.02333610
-702.64026403	-0.02934535
-702.60726073	-0.03450797
-702.57425743	-0.03912187
-702.54125413	-0.04409617
-702.50825083	-0.05019902
-702.47524752	-0.05853300
-702.44224422	-0.07024049
-702.40924092	-0.08558359
-702.37623762	-0.10430526
-702.34323432	-0.12584869
-702.31023102	-0.14842244
-702.27722772	-0.16970548
-702.24422442	-0.18783467
-702.21122112	-0.19997241
-702.17821782	-0.20442547
-702.14521452	-0.19967015
-702.11221122	-0.18504088
-702.07920792	-0.16067197
-702.04620462	-0.12720681
-702.01320132	-0.08650180
-701.98019802	-0.04053503
-701.94719472	0.00813376
-701.91419142	0.05644875
-701.88118812	0.10166183
-701.84818482	0.14089251
-701.81518152	0.17205687
-701.78217822	0.19341790
-701.74917492	0.20423873
-701.71617162	0.20460392
-701.68316832	0.19548364
-701.65016502	0.17858753
-701.61716172	0.15602853
-701.58415842	0.13016794
-701.55115512	0.10328475
-701.51815182	0.07689488
-701.48514851	0.05227929
-701.45214521	0.02949500
-701.41914191	0.00794730
-701.38613861	-0.01343252
-701.35313531	-0.03601650
-701.32013201	-0.06097669
-701.28712871	-0.08855181
-701.25412541	-0.11825882
-701.22112211	-0.14838652
-701.18811881	-0.17645460
-701.15511551	-0.19970236
-701.12211221	-0.21499856
-701.08910891	-0.22023386
-701.05610561	-0.21392776
-701.02310231	-0.19570634
-700.99009901	-0.16679118
-700.95709571	-0.12923609
-700.92409241	-0.08543229
-700.89108911	-0.03875459
-700.85808581	0.00809119
-700.82508251	0.05260699
-700.79207921	0.09274309
-700.75907591	0.12756272
-700.72607261	0.15601727
-700.69306931	0.17821169
-700.66006601	0.19432061
-700.62706271	0.20442868
-700.59405941	0.20934317
-700.56105611	0.20957855
-700.52805281	0.20611246
-700.49504950	0.20003932
-700.46204620	0.19258717
-700.42904290	0.18486062
-700.39603960	0.17767650
-700.36303630	0.17192823
-700.33003300	0.16736412
-700.29702970	0.16406948
-700.26402640	0.16124621
-700.23102310	0.15791732
-700.19801980	0.15320989
-700.16501650	0.14602187
-700.13201320	0.13546896
-700.09900990	0.12093312
-700.06600660	0.10189942
-700.03300330	0.07829506
-700.00000000	0.05035708
-699.96699670	0.01876012
-699.93399340	-0.01532598
-699.90099010	-0.05051545
-699.86798680	-0.08508273
-699.83498350	-0.11730233
-699.80198020	-0.14544736
-699.76897690	-0.16845652
-699.73597360	-0.18554346
-699.70297030	-0.19666819
-699.66996700	-0.20198683
-699.63696370	-0.20199124
-699.60396040	-0.19721540
-699.57095710	-0.18805352
-699.53795380	-0.17480008
-699.50495050	-0.15737138
-699.47194719	-0.13585179
-699.43894389	-0.11038725
-699.40594059	-0.08149325
-699.37293729	-0.05026749
-699.33993399	-0.01816803
-699.30693069	0.01274463
-699.27392739	0.04046631
-699.24092409	0.06277928
-699.20792079	0.07797472
-699.17491749	0.08511329
-699.14191419	0.08382535
-699.10891089	0.07477805
-699.07590759	0.05959246
-699.04290429	0.04026953
-699.00990099	0.01904626
-698.97689769	-0.00154658
-698.94389439	-0.01969363
-698.91089109	-0.03392500
-698.87788779	-0.04337252
-698.84488449	-0.04790171
-698.81188119	-0.04812144
-698.77887789	-0.04467110
-698.74587459	-0.03891363
-698.71287129	-0.03200703
-698.67986799	-0.02526500
-698.64686469	-0.01932461
-698.61386139	-0.01472793
-698.58085809	-0.01158461
-698.54785479	-0.00927027
-698.51485149	-0.00693291
-698.48184818	-0.00399411
-698.44884488	0.00030511
-698.41584158	0.00640196
-698.38283828	0.01419635
-698.34983498	0.02340254
-698.31683168	0.03304852
-698.28382838	0.04241468
-698.25082508	0.05032269
-698.21782178	0.05596561
-698.18481848	0.05841743
-698.15181518	0.05746656
-698.11881188	0.05255559
-698.08580858	0.04394883
-698.05280528	0.03205453
-698.01980198	0.01739198
-697.98679868	0.00110529
-697.95379538	-0.01583961
-697.92079208	-0.03233364
-697.88778878	-0.04729456
-697.85478548	-0.05969910
-697.82178218	-0.06892358
-697.78877888	-0.07459569
-697.75577558	-0.07648246
-697.72277228	-0.07478331
-697.68976898	-0.06992760
-697.65676568	-0.06234123
-697.62376238	-0.05263915
-697.59075908	-0.04152015
-697.55775578	-0.02975821
-697.52475248	-0.01802751
-697.49174917	-0.00710956
-697.45874587	0.00244507
-697.42574257	0.01009728
-697.39273927	0.01589905
-697.35973597	0.01961064
-697.32673267	0.02150708
-697.29372937	0.02188500
-697.26072607	0.02103532
-697.22772277	0.01925968
-697.19471947	0.01672831
-697.16171617	0.01374347
-697.12871287	0.01022573
-697.09570957	0.00630503
-697.06270627	0.00224435
-697.02970297	-0.00200972
-696.99669967	-0.00615137
-696.96369637	-0.00958223
-696.93069307	-0.01219094
-696.89768977	-0.01327889
-696.86468647	-0.01240769
-696.83168317	-0.00944827
-696.79867987	-0.00406139
-696.76567657	0.00370822
-696.73267327	0.01338722
-696.69966997	0.02455219
-696.66666667	0.03630669
-696.63366337	0.04788025
-696.60066007	0.05834886
-696.56765677	0.06685800
-696.53465347	0.07260501
-696.50165017	0.07527289
-696.46864686	0.07446323
-696.43564356	0.07027291
-696.40264026	0.06267122
-696.36963696	0.05216285
-696.33663366	0.03946109
-696.30363036	0.02504072
-696.27062706	0.00987428
-696.23762376	-0.00520203
-696.20462046	-0.01953963
-696.17161716	-0.03230644
-696.13861386	-0.04296573
-696.10561056	-0.05133688
-696.07260726	-0.05707065
-696.03960396	-0.06022131
-696.00660066	-0.06096406
-695.97359736	-0.05948584
-695.94059406	-0.05600623
-695.90759076	-0.05088611
-695.87458746	-0.04434350
-695.84158416	-0.03697232
-695.80858086	-0.02873188
-695.77557756	-0.01999852
-695.74257426	-0.01119388
-695.70957096	-0.00257413
-695.67656766	0.00529625
-695.64356436	0.01180286
-695.61056106	0.01640237
-695.57755776	0.01853863
-695.54455446	0.01796298
-695.51155116	0.01454440
-695.47854785	0.00881537
-695.44554455	0.00166968
-695.41254125	-0.00560201
-695.37953795	-0.01179067
-695.34653465	-0.01584232
-695.31353135	-0.01652216
-695.28052805	-0.01366646
-695.24752475	-0.00736615
-695.21452145	0.00222374
-695.18151815	0.01393405
-695.14851485	0.02673292
-695.11551155	0.03953841
-695.08250825	0.05123976
-695.04950495	0.06084883
-695.01650165	0.06742814
-694.98349835	0.07052357
-694.95049505	0.06971524
-694.91749175	0.06500115
-694.88448845	0.05664779
-694.85148515	0.04511822
-694.81848185	0.03123372
-694.78547855	0.01595501
-694.75247525	0.00016187
-694.71947195	-0.01485154
-694.68646865	-0.02807038
-694.65346535	-0.03863069
-694.62046205	-0.04565064
-694.58745875	-0.04891898
-694.55445545	-0.04839281
-694.52145215	-0.04439391
-694.48844884	-0.03783008
-694.45544554	-0.02987787
-694.42244224	-0.02150420
-694.38943894	-0.01387869
-694.35643564	-0.00793515
-694.32343234	-0.00435888
-694.29042904	-0.00310535
-694.25742574	-0.00419822
-694.22442244	-0.00720647
-694.19141914	-0.01144411
-694.15841584	-0.01630836
-694.12541254	-0.02102835
-694.09240924	-0.02485861
-694.05940594	-0.02726839
-694.02640264	-0.02780564
-693.99339934	-0.02602896
-693.96039604	-0.02196206
-693.92739274	-0.01583773
-693.89438944	-0.00809337
-693.86138614	0.00052927
-693.82838284	0.00916934
-693.79537954	0.01695585
-693.76237624	0.02291259
-693.72937294	0.02666915
-693.69636964	0.02768256
-693.66336634	0.02594073
-693.63036304	0.02176342
-693.59735974	0.01578607
-693.56435644	0.00874072
-693.53135314	0.00152877
-693.49834983	-0.00503081
-693.46534653	-0.01028915
-693.43234323	-0.01355351
-693.39933993	-0.01449175
-693.36633663	-0.01329771
-693.33333333	-0.00987326
-693.30033003	-0.00453814
-693.26732673	0.00219070
-693.23432343	0.00985371
-693.20132013	0.01781817
-693.16831683	0.02550565
-693.13531353	0.03245965
-693.10231023	0.03804061
-693.06930693	0.04187076
-693.03630363	0.04362644
-693.00330033	0.04314989
-692.97029703	0.04039073
-692.93729373	0.03569258
-692.90429043	0.02935509
-692.87128713	0.02193685
-692.83828383	0.01402532
-692.80528053	0.00625596
-692.77227723	-0.00080497
-692.73927393	-0.00676454
-692.70627063	-0.01133575
-692.67326733	-0.01430400
-692.64026403	-0.01565679
-692.60726073	-0.01558175
-692.57425743	-0.01426133
-692.54125413	-0.01209998
-692.50825083	-0.00959350
-692.47524752	-0.00708100
-692.44224422	-0.00502069
-692.40924092	-0.00373057
-692.37623762	-0.00340339
-692.34323432	-0.00404817
-692.31023102	-0.00554772
-692.27722772	-0.00766189
-692.24422442	-0.01036402
-692.21122112	-0.01312980
-692.17821782	-0.01603453
-692.14521452	-0.01892460
-692.11221122	-0.02157089
-692.07920792	-0.02402249
-692.04620462	-0.02612604
-692.01320132	-0.02774156
-691.98019802	-0.02892303
-691.94719472	-0.02935156
-691.91419142	-0.02913213
-691.88118812	-0.02845522
-691.84818482	-0.02734147
-691.81518152	-0.02579301
-691.78217822	-0.02396498
-691.74917492	-0.02179711
-691.71617162	-0.01912074
-691.68316832	-0.01577218
-691.65016502	-0.01150496
-691.61716172	-0.00600780
-691.58415842	0.00081679
-691.55115512	0.00911428
-691.51815182	0.01873268
-691.48514851	0.02926199
-691.45214521	0.04024233
-691.41914191	0.05069512
-691.38613861	0.05960765
-691.35313531	0.06593422
-691.32013201	0.06856295
-691.28712871	0.06688304
-691.25412541	0.06055111
-691.22112211	0.04976091
-691.18811881	0.03549012
-691.15511551	0.01913472
-691.12211221	0.00255053
-691.08910891	-0.01239916
-691.05610561	-0.02387381
-691.02310231	-0.03073520
-690.99009901	-0.03220171
-690.95709571	-0.02831609
-690.92409241	-0.02009341
-690.89108911	-0.00882307
-690.85808581	0.00346099
-690.82508251	0.01486745
-690.79207921	0.02356422
-690.75907591	0.02801861
-690.72607261	0.02740004
-690.69306931	0.02155628
-690.66006601	0.01107714
-690.62706271	-0.00298876
-690.59405941	-0.01888480
-690.56105611	-0.03499881
-690.52805281	-0.04957622
-690.49504950	-0.06098532
-690.46204620	-0.06848620
-690.42904290	-0.07139481
-690.39603960	-0.06986708
-690.36303630	-0.06435682
-690.33003300	-0.05568657
-690.29702970	-0.04478202
-690.26402640	-0.03296842
-690.23102310	-0.02104373
-690.19801980	-0.00974460
-690.16501650	0.00037919
-690.13201320	0.00924926
-690.09900990	0.01675239
-690.06600660	0.02323936
-690.03300330	0.02891848
-690.00000000	0.03384166
-689.96699670	0.03813775
-689.93399340	0.04174137
-689.90099010	0.04433238
-689.86798680	0.04571377
-689.83498350	0.04559793
-689.80198020	0.04428657
-689.76897690	0.04146465
-689.73597360	0.03767215
-689.70297030	0.03346644
-689.66996700	0.02904038
-689.63696370	0.02481706
-689.60396040	0.02120849
-689.57095710	0.01825162
-689.53795380	0.01578298
-689.50495050	0.01357824
-689.47194719	0.01143199
-689.43894389	0.00871518
-689.40594059	0.00537233
-689.37293729	0.00137755
-689.33993399	-0.00324988
-689.30693069	-0.00808581
-689.27392739	-0.01254989
-689.24092409	-0.01619811
-689.20792079	-0.01826180
-689.17491749	-0.01834606
-689.14191419	-0.01643158
-689.10891089	-0.01253895
-689.07590759	-0.00696731
-689.04290429	-0.00044109
-689.00990099	0.00637203
-688.97689769	0.01266078
-688.94389439	0.01771943
-688.91089109	0.02097063
-688.87788779	0.02203827
-688.84488449	0.02074261
-688.81188119	0.01729868
-688.77887789	0.01187502
-688.74587459	0.00503217
-688.71287129	-0.00265669
-688.67986799	-0.01055201
-688.64686469	-0.01798742
-688.61386139	-0.02462286
-688.58085809	-0.03007006
-688.54785479	-0.03414259
-688.51485149	-0.03694726
-688.48184818	-0.03866514
-688.44884488	-0.03925524
-688.41584158	-0.03883464
-688.38283828	-0.03752165
-688.34983498	-0.03512179
-688.31683168	-0.03147085
-688.28382838	-0.02653158
-688.25082508	-0.02016708
-688.21782178	-0.01256134
-688.18481848	-0.00396773
-688.15181518	0.00512395
-688.11881188	0.01413206
-688.08580858	0.02239347
-688.05280528	0.02918076
-688.01980198	0.03416202
-687.98679868	0.03676311
-687.95379538	0.03704049
-687.92079208	0.03504948
-687.88778878	0.03107836
-687.85478548	0.02584658
-687.82178218	0.01997210
-687.78877888	0.01412444
-687.75577558	0.00911377
-687.72277228	0.00558682
-687.68976898	0.00380160
-687.65676568	0.00398665
-687.62376238	0.00629255
-687.59075908	0.01023041
-687.55775578	0.01568089
-687.52475248	0.02215411
-687.49174917	0.02935760
-687.45874587	0.03705391
-687.42574257	0.04477708
-687.39273927	0.05246819
-687.35973597	0.06009164
-687.32673267	0.06725770
-687.29372937	0.07377906
-687.26072607	0.07929095
-687.22772277	0.08345924
-687.19471947	0.08564635
-687.16171617	0.08539240
-687.12871287	0.08242363
-687.09570957	0.07638860
-687.06270627	0.06724157
-687.02970297	0.05525288
-686.99669967	0.04067973
-686.96369637	0.02437614
-686.93069307	0.00705006
-686.89768977	-0.01032171
-686.86468647	-0.02675038
-686.83168317	-0.04159430
-686.79867987	-0.05436192
-686.76567657	-0.06465276
-686.73267327	-0.07245504
-686.69966997	-0.07793572
-686.66666667	-0.08141671
-686.63366337	-0.08318630
-686.60066007	-0.08384815
-686.56765677	-0.08349745
-686.53465347	-0.08255949
-686.50165017	-0.08155850
-686.46864686	-0.08070975
-686.43564356	-0.08025604
-686.40264026	-0.08064278
-686.36963696	-0.08196336
-686.33663366	-0.08410661
-686.30363036	-0.08712665
-686.27062706	-0.09048204
-686.23762376	-0.09376820
-686.20462046	-0.09637129
-686.17161716	-0.09751629
-686.13861386	-0.09661010
-686.10561056	-0.09307943
-686.07260726	-0.08631757
-686.03960396	-0.07632893
-686.00660066	-0.06335617
-685.97359736	-0.04778761
-685.94059406	-0.03052966
-685.90759076	-0.01254721
-685.87458746	0.00495722
-685.84158416	0.02107041
-685.80858086	0.03487209
-685.77557756	0.04573514
-685.74257426	0.05320611
-685.70957096	0.05736700
-685.67656766	0.05846210
-685.64356436	0.05686380
-685.61056106	0.05321433
-685.57755776	0.04816879
-685.54455446	0.04245366
-685.51155116	0.03666980
-685.47854785	0.03135429
-685.44554455	0.02682298
-685.41254125	0.02328975
-685.37953795	0.02070230
-685.34653465	0.01901573
-685.31353135	0.01810580
-685.28052805	0.01768048
-685.24752475	0.01755323
-685.21452145	0.01778070
-685.18151815	0.01793890
-685.14851485	0.01803915
-685.11551155	0.01812722
-685.08250825	0.01791359
-685.04950495	0.01754258
-685.01650165	0.01695935
-684.98349835	0.01609970
-684.95049505	0.01497697
-684.91749175	0.01375408
-684.88448845	0.01250187
-684.85148515	0.01110985
-684.81848185	0.00993569
-684.78547855	0.00875226
-684.75247525	0.00798193
-684.71947195	0.00758376
-684.68646865	0.00756695
-684.65346535	0.00799224
-684.62046205	0.00872052
-684.58745875	0.00963596
-684.55445545	0.01079175
-684.52145215	0.01182581
-684.48844884	0.01276467
-684.45544554	0.01343680
-684.42244224	0.01381962
-684.38943894	0.01388305
-684.35643564	0.01380714
-684.32343234	0.01354323
-684.29042904	0.01350229
-684.25742574	0.01362396
-684.22442244	0.01414157
-684.19141914	0.01513855
-684.15841584	0.01663347
-684.12541254	0.01824347
-684.09240924	0.01987988
-684.05940594	0.02110652
-684.02640264	0.02156460
-683.99339934	0.02100267
-683.96039604	0.01926582
-683.92739274	0.01641939
-683.89438944	0.01266101
-683.86138614	0.00854027
-683.82838284	0.00458231
-683.79537954	0.00126831
-683.76237624	-0.00088599
-683.72937294	-0.00169516
-683.69636964	-0.00119950
-683.66336634	0.00029829
-683.63036304	0.00209270
-683.59735974	0.00370607
-683.56435644	0.00449125
-683.53135314	0.00377117
-683.49834983	0.00139640
-683.46534653	-0.00271056
-683.43234323	-0.00825422
-683.39933993	-0.01448022
-683.36633663	-0.02073896
-683.33333333	-0.02613941
-683.30033003	-0.02960346
-683.26732673	-0.03080963
-683.23432343	-0.02906066
-683.20132013	-0.02432125
-683.16831683	-0.01703035
-683.13531353	-0.00793847
-683.10231023	0.00194750
-683.06930693	0.01127457
-683.03630363	0.01892261
-683.00330033	0.02385771
-682.97029703	0.02514856
-682.93729373	0.02272157
-682.90429043	0.01682877
-682.87128713	0.00823227
-682.83828383	-0.00182043
-682.80528053	-0.01194644
-682.77227723	-0.02080039
-682.73927393	-0.02711104
-682.70627063	-0.02992955
-682.67326733	-0.02912381
-682.64026403	-0.02452652
-682.60726073	-0.01691857
-682.57425743	-0.00730564
-682.54125413	0.00324467
-682.50825083	0.01346617
-682.47524752	0.02242509
-682.44224422	0.02919414
-682.40924092	0.03362341
-682.37623762	0.03538733
-682.34323432	0.03484741
-682.31023102	0.03225833
-682.27722772	0.02813443
-682.24422442	0.02299008
-682.21122112	0.01717128
-682.17821782	0.01114250
-682.14521452	0.00536064
-682.11221122	-0.00006584
-682.07920792	-0.00486162
-682.04620462	-0.00876224
-682.01320132	-0.01170772
-681.98019802	-0.01358015
-681.94719472	-0.01423114
-681.91419142	-0.01370366
-681.88118812	-0.01215000
-681.84818482	-0.00957925
-681.81518152	-0.00650423
-681.78217822	-0.00343295
-681.74917492	-0.00071413
-681.71617162	0.00089086
-681.68316832	0.00106158
-681.65016502	-0.00033345
-681.61716172	-0.00337828
-681.58415842	-0.00770927
-681.55115512	-0.01296170
-681.51815182	-0.01842438
-681.48514851	-0.02333426
-681.45214521	-0.02749693
-681.41914191	-0.03017907
-681.38613861	-0.03145489
-681.35313531	-0.03137808
-681.32013201	-0.03023757
-681.28712871	-0.02834319
-681.25412541	-0.02601544
-681.22112211	-0.02374211
-681.18811881	-0.02154432
-681.15511551	-0.01939523
-681.12211221	-0.01723945
-681.08910891	-0.01484845
-681.05610561	-0.01201594
-681.02310231	-0.00850279
-680.99009901	-0.00414168
-680.95709571	0.00111574
-680.92409241	0.00746821
-680.89108911	0.01454799
-680.85808581	0.02236035
-680.82508251	0.03046272
-680.79207921	0.03849045
-680.75907591	0.04568894
-680.72607261	0.05165656
-680.69306931	0.05561669
-680.66006601	0.05713375
-680.62706271	0.05597951
-680.59405941	0.05208316
-680.56105611	0.04561423
-680.52805281	0.03708005
-680.49504950	0.02719532
-680.46204620	0.01645173
-680.42904290	0.00568061
-680.39603960	-0.00436662
-680.36303630	-0.01326498
-680.33003300	-0.02058120
-680.29702970	-0.02583164
-680.26402640	-0.02897986
-680.23102310	-0.02997772
-680.19801980	-0.02872909
-680.16501650	-0.02575689
-680.13201320	-0.02144656
-680.09900990	-0.01619738
-680.06600660	-0.01082584
-680.03300330	-0.00595589
-680.00000000	-0.00202708
-679.96699670	0.00028075
-679.93399340	0.00064503
-679.90099010	-0.00089814
-679.86798680	-0.00421354
-679.83498350	-0.00883351
-679.80198020	-0.01404401
-679.76897690	-0.01919306
-679.73597360	-0.02335782
-679.70297030	-0.02608478
-679.66996700	-0.02709319
-679.63696370	-0.02613701
-679.60396040	-0.02375265
-679.57095710	-0.02045267
-679.53795380	-0.01664804
-679.50495050	-0.01320878
-679.47194719	-0.01044383
-679.43894389	-0.00875783
-679.40594059	-0.00801046
-679.37293729	-0.00820012
-679.33993399	-0.00886270
-679.30693069	-0.00967530
-679.27392739	-0.01005072
-679.24092409	-0.00975487
-679.20792079	-0.00833838
-679.17491749	-0.00565862
-679.14191419	-0.00194730
-679.10891089	0.00289299
-679.07590759	0.00855448
-679.04290429	0.01463915
-679.00990099	0.02108869
-678.97689769	0.02713400
-678.94389439	0.03258214
-678.91089109	0.03708111
-678.87788779	0.04009532
-678.84488449	0.04141397
-678.81188119	0.04074172
-678.77887789	0.03803100
-678.74587459	0.03323539
-678.71287129	0.02672679
-678.67986799	0.01883521
-678.64686469	0.01014446
-678.61386139	0.00139105
-678.58085809	-0.00700329
-678.54785479	-0.01398922
-678.51485149	-0.01931933
-678.48184818	-0.02234014
-678.44884488	-0.02298910
-678.41584158	-0.02120023
-678.38283828	-0.01731937
-678.34983498	-0.01164252
-678.31683168	-0.00475193
-678.28382838	0.00278882
-678.25082508	0.01034067
-678.21782178	0.01751651
-678.18481848	0.02375745
-678.15181518	0.02872103
-678.11881188	0.03220641
-678.08580858	0.03421060
-678.05280528	0.03458593
-678.01980198	0.03355172
-677.98679868	0.03141315
-677.95379538	0.02829674
-677.92079208	0.02479154
-677.88778878	0.02118683
-677.85478548	0.01784846
-677.82178218	0.01484715
-677.78877888	0.01244854
-677.75577558	0.01063123
-677.72277228	0.00909865
-677.68976898	0.00785171
-677.65676568	0.00651747
-677.62376238	0.00493878
-677.59075908	0.00320473
-677.55775578	0.00122073
-677.52475248	-0.00071140
-677.49174917	-0.00248158
-677.45874587	-0.00380082
-677.42574257	-0.00428869
-677.39273927	-0.00406597
-677.35973597	-0.00295369
-677.32673267	-0.00117222
-677.29372937	0.00107943
-677.26072607	0.00360780
-677.22772277	0.00607006
-677.19471947	0.00832346
-677.16171617	0.01005725
-677.12871287	0.01133450
-677.09570957	0.01207975
-677.06270627	0.01229479
-677.02970297	0.01207296
-676.99669967	0.01161594
-676.96369637	0.01100174
-676.93069307	0.01040531
-676.89768977	0.00964704
-676.86468647	0.00901516
-676.83168317	0.00818688
-676.79867987	0.00687179
-676.76567657	0.00520433
-676.73267327	0.00272487
-676.69966997	-0.00066924
-676.66666667	-0.00466013
-676.63366337	-0.00942482
-676.60066007	-0.01463203
-676.56765677	-0.02011292
-676.53465347	-0.02565293
-676.50165017	-0.03098967
-676.46864686	-0.03576318
-676.43564356	-0.03989778
-676.40264026	-0.04314165
-676.36963696	-0.04530517
-676.33663366	-0.04637438
-676.30363036	-0.04649822
-676.27062706	-0.04594008
-676.23762376	-0.04486824
-676.20462046	-0.04358171
-676.17161716	-0.04220642
-676.13861386	-0.04095398
-676.10561056	-0.03955092
-676.07260726	-0.03816311
-676.03960396	-0.03648164
-676.00660066	-0.03426071
-675.97359736	-0.03154246
-675.94059406	-0.02854616
-675.90759076	-0.02505770
-675.87458746	-0.02152572
-675.84158416	-0.01831142
-675.80858086	-0.01550299
-675.77557756	-0.01360277
-675.74257426	-0.01245502
-675.70957096	-0.01228087
-675.67656766	-0.01300235
-675.64356436	-0.01423642
-675.61056106	-0.01594834
-675.57755776	-0.01749726
-675.54455446	-0.01863579
-675.51155116	-0.01899527
-675.47854785	-0.01832324
-675.44554455	-0.01644357
-675.41254125	-0.01326157
-675.37953795	-0.00874344
-675.34653465	-0.00317508
-675.31353135	0.00319688
-675.28052805	0.01007955
-675.24752475	0.01678795
-675.21452145	0.02306591
-675.18151815	0.02814652
-675.14851485	0.03184292
-675.11551155	0.03392841
-675.08250825	0.03435460
-675.04950495	0.03295143
-675.01650165	0.03023908
-674.98349835	0.02626743
-674.95049505	0.02132542
-674.91749175	0.01581615
-674.88448845	0.00989801
-674.85148515	0.00389196
-674.81848185	-0.00186467
-674.78547855	-0.00724859
-674.75247525	-0.01194994
-674.71947195	-0.01582463
-674.68646865	-0.01876144
-674.65346535	-0.02068884
-674.62046205	-0.02165412
-674.58745875	-0.02186356
-674.55445545	-0.02125413
-674.52145215	-0.02008652
-674.48844884	-0.01832911
-674.45544554	-0.01615675
-674.42244224	-0.01340402
-674.38943894	-0.01028377
-674.35643564	-0.00650176
-674.32343234	-0.00244185
-674.29042904	0.00197177
-674.25742574	0.00661798
-674.22442244	0.01109137
-674.19141914	0.01525344
-674.15841584	0.01895963
-674.12541254	0.02173311
-674.09240924	0.02358718
-674.05940594	0.02445979
-674.02640264	0.02423810
-673.99339934	0.02312884
-673.96039604	0.02125047
-673.92739274	0.01910275
-673.89438944	0.01677563
-673.86138614	0.01458532
-673.82838284	0.01315169
-673.79537954	0.01209319
-673.76237624	0.01198946
-673.72937294	0.01259645
-673.69636964	0.01380855
-673.66336634	0.01563409
-673.63036304	0.01784229
-673.59735974	0.02008032
-673.56435644	0.02248588
-673.53135314	0.02443340
-673.49834983	0.02614563
-673.46534653	0.02741057
-673.43234323	0.02816243
-673.39933993	0.02851541
-673.36633663	0.02867378
-673.33333333	0.02862093
-673.30033003	0.02852774
-673.26732673	0.02829168
-673.23432343	0.02785105
-673.20132013	0.02697582
-673.16831683	0.02544357
-673.13531353	0.02322623
-673.10231023	0.02002421
-673.06930693	0.01604646
-673.03630363	0.01124513
-673.00330033	0.00613850
-672.97029703	0.00094050
-672.93729373	-0.00390325
-672.90429043	-0.00787645
-672.87128713	-0.01057233
-672.83828383	-0.01186169
-672.80528053	-0.01148307
-672.77227723	-0.00971271
-672.73927393	-0.00658924
-672.70627063	-0.00259629
-672.67326733	0.00162665
-672.64026403	0.00573371
-672.60726073	0.00926598
-672.57425743	0.01189372
-672.54125413	0.01325336
-672.50825083	0.01338226
-672.47524752	0.01212898
-672.44224422	0.00934369
-672.40924092	0.00524578
-672.37623762	-0.00029069
-672.34323432	-0.00709512
-672.31023102	-0.01479074
-672.27722772	-0.02299892
-672.24422442	-0.03139928
-672.21122112	-0.03914778
-672.17821782	-0.04572173
-672.14521452	-0.05061207
-672.11221122	-0.05327055
-672.07920792	-0.05360079
-672.04620462	-0.05126590
-672.01320132	-0.04648908
-671.98019802	-0.03935191
-671.94719472	-0.03057326
-671.91419142	-0.02031618
-671.88118812	-0.00951655
-671.84818482	0.00136534
-671.81518152	0.01168052
-671.78217822	0.02093300
-671.74917492	0.02866415
-671.71617162	0.03480499
-671.68316832	0.03906211
-671.65016502	0.04171969
-671.61716172	0.04261314
-671.58415842	0.04209834
-671.55115512	0.04004711
-671.51815182	0.03685064
-671.48514851	0.03247874
-671.45214521	0.02705617
-671.41914191	0.02089844
-671.38613861	0.01423388
-671.35313531	0.00725063
-671.32013201	0.00046541
-671.28712871	-0.00600077
-671.25412541	-0.01173305
-671.22112211	-0.01662792
-671.18811881	-0.02059635
-671.15511551	-0.02359979
-671.12211221	-0.02578640
-671.08910891	-0.02720019
-671.05610561	-0.02794977
-671.02310231	-0.02813625
-670.99009901	-0.02782058
-670.95709571	-0.02674291
-670.92409241	-0.02535138
-670.89108911	-0.02317007
-670.85808581	-0.02053813
-670.82508251	-0.01740623
-670.79207921	-0.01386134
-670.75907591	-0.01041448
-670.72607261	-0.00706734
-670.69306931	-0.00428632
-670.66006601	-0.00228241
-670.62706271	-0.00126950
-670.59405941	-0.00122846
-670.56105611	-0.00204282
-670.52805281	-0.00346845
-670.49504950	-0.00500720
-670.46204620	-0.00611823
-670.42904290	-0.00620026
-670.39603960	-0.00474978
-670.36303630	-0.00141635
-670.33003300	0.00392478
-670.29702970	0.01108514
-670.26402640	0.01968789
-670.23102310	0.02893005
-670.19801980	0.03809656
-670.16501650	0.04642035
-670.13201320	0.05320188
-670.09900990	0.05811151
-670.06600660	0.06101419
-670.03300330	0.06194107
-670.00000000	0.06113970
-669.96699670	0.05899863
-669.93399340	0.05568369
-669.90099010	0.05144695
-669.86798680	0.04640134
-669.83498350	0.04075579
-669.80198020	0.03439051
-669.76897690	0.02773554
-669.73597360	0.02077355
-669.70297030	0.01389338
-669.66996700	0.00734419
-669.63696370	0.00142641
-669.60396040	-0.00370561
-669.57095710	-0.00789258
-669.53795380	-0.01109323
-669.50495050	-0.01355062
-669.47194719	-0.01544283
-669.43894389	-0.01690365
-669.40594059	-0.01842703
-669.37293729	-0.01988758
-669.33993399	-0.02160155
-669.30693069	-0.02350712
-669.27392739	-0.02546508
-669.24092409	-0.02727408
-669.20792079	-0.02873011
-669.17491749	-0.02947763
-669.14191419	-0.02920897
-669.10891089	-0.02775907
-669.07590759	-0.02498246
-669.04290429	-0.02115322
-669.00990099	-0.01634065
-668.97689769	-0.01100800
-668.94389439	-0.00574606
-668.91089109	-0.00088610
-668.87788779	0.00300686
-668.84488449	0.00572877
-668.81188119	0.00703183
-668.77887789	0.00719638
-668.74587459	0.00623694
-668.71287129	0.00467486
-668.67986799	0.00277787
-668.64686469	0.00115701
-668.61386139	-0.00003567
-668.58085809	-0.00042099
-668.54785479	-0.00001553
-668.51485149	0.00128780
-668.48184818	0.00306987
-668.44884488	0.00528786
-668.41584158	0.00751928
-668.38283828	0.00949786
-668.34983498	0.01106312
-668.31683168	0.01204440
-668.28382838	0.01220706
-668.25082508	0.01183071
-668.21782178	0.01066893
-668.18481848	0.00913107
-668.15181518	0.00711653
-668.11881188	0.00492108
-668.08580858	0.00253915
-668.05280528	0.00035814
-668.01980198	-0.00171259
-667.98679868	-0.00340256
-667.95379538	-0.00456442
-667.92079208	-0.00510071
-667.88778878	-0.00500774
-667.85478548	-0.00418126
-667.82178218	-0.00279352
-667.78877888	-0.00103069
-667.75577558	0.00085121
-667.72277228	0.00256464
-667.68976898	0.00374820
-667.65676568	0.00398232
-667.62376238	0.00316510
-667.59075908	0.00123046
-667.55775578	-0.00192939
-667.52475248	-0.00600717
-667.49174917	-0.01063796
-667.45874587	-0.01534238
-667.42574257	-0.01979601
-667.39273927	-0.02337793
-667.35973597	-0.02585098
-667.32673267	-0.02712858
-667.29372937	-0.02699031
-667.26072607	-0.02587530
-667.22772277	-0.02384048
-667.19471947	-0.02132867
-667.16171617	-0.01844686
-667.12871287	-0.01561738
-667.09570957	-0.01275650
-667.06270627	-0.01002686
-667.02970297	-0.00723403
-666.99669967	-0.00437742
-666.96369637	-0.00148632
-666.93069307	0.00140088
-666.89768977	0.00408152
-666.86468647	0.00660812
-666.83168317	0.00859235
-666.79867987	0.01005097
-666.76567657	0.01078156
-666.73267327	0.01101510
-666.69966997	0.01058491
-666.66666667	0.00972709
-666.63366337	0.00850669
-666.60066007	0.00715122
-666.56765677	0.00569045
-666.53465347	0.00420645
-666.50165017	0.00286931
-666.46864686	0.00173132
-666.43564356	0.00070362
-666.40264026	-0.00005198
-666.36963696	-0.00046611
-666.33663366	-0.00070416
-666.30363036	-0.00041649
-666.27062706	0.00012350
-666.23762376	0.00106766
-666.20462046	0.00224725
-666.17161716	0.00370082
-666.13861386	0.00534131
-666.10561056	0.00697614
-666.07260726	0.00853981
-666.03960396	0.00992398
-666.00660066	0.01103382
-665.97359736	0.01171657
-665.94059406	0.01176955
-665.90759076	0.01101724
-665.87458746	0.00936813
-665.84158416	0.00660804
-665.80858086	0.00276994
-665.77557756	-0.00211371
-665.74257426	-0.00777750
-665.70957096	-0.01380281
-665.67656766	-0.01999743
-665.64356436	-0.02547930
-665.61056106	-0.03024030
-665.57755776	-0.03346589
-665.54455446	-0.03510255
-665.51155116	-0.03504734
-665.47854785	-0.03310541
-665.44554455	-0.02972336
-665.41254125	-0.02497380
-665.37953795	-0.01934905
-665.34653465	-0.01341670
-665.31353135	-0.00734806
-665.28052805	-0.00191042
-665.24752475	0.00296624
-665.21452145	0.00670773
-665.18151815	0.00959249
-665.14851485	0.01124545
-665.11551155	0.01213470
-665.08250825	0.01209932
-665.04950495	0.01155620
-665.01650165	0.01061802
-664.98349835	0.00965700
-664.95049505	0.00867055
-664.91749175	0.00801060
-664.88448845	0.00747122
-664.85148515	0.00727632
-664.81848185	0.00709833
-664.78547855	0.00701414
-664.75247525	0.00666724
-664.71947195	0.00627480
-664.68646865	0.00543664
-664.65346535	0.00446352
-664.62046205	0.00335872
-664.58745875	0.00244143
-664.55445545	0.00168950
-664.52145215	0.00155673
-664.48844884	0.00204311
-664.45544554	0.00326697
-664.42244224	0.00502960
-664.38943894	0.00727818
-664.35643564	0.00941803
-664.32343234	0.01132517
-664.29042904	0.01231604
-664.25742574	0.01223386
-664.22442244	0.01075833
-664.19141914	0.00799559
-664.15841584	0.00389173
-664.12541254	-0.00108371
-664.09240924	-0.00677464
-664.05940594	-0.01253874
-664.02640264	-0.01789729
-663.99339934	-0.02263798
-663.96039604	-0.02625280
-663.92739274	-0.02875887
-663.89438944	-0.02976385
-663.86138614	-0.02956799
-663.82838284	-0.02808175
-663.79537954	-0.02551255
-663.76237624	-0.02217262
-663.72937294	-0.01808468
-663.69636964	-0.01344320
-663.66336634	-0.00856257
-663.63036304	-0.00331748
-663.59735974	0.00192204
-663.56435644	0.00701498
-663.53135314	0.01179141
-663.49834983	0.01603742
-663.46534653	0.01940757
-663.43234323	0.02205856
-663.39933993	0.02338790
-663.36633663	0.02373673
-663.33333333	0.02298678
-663.30033003	0.02124962
-663.26732673	0.01885297
-663.23432343	0.01590813
-663.20132013	0.01283241
-663.16831683	0.00979173
-663.13531353	0.00708282
-663.10231023	0.00488640
-663.06930693	0.00320406
-663.03630363	0.00209376
-663.00330033	0.00136431
-662.97029703	0.00105880
-662.93729373	0.00094835
-662.90429043	0.00106250
-662.87128713	0.00127642
-662.83828383	0.00167708
-662.80528053	0.00230792
-662.77227723	0.00320817
-662.73927393	0.00433059
-662.70627063	0.00569618
-662.67326733	0.00712864
-662.64026403	0.00854865
-662.60726073	0.00980079
-662.57425743	0.01065831
-662.54125413	0.01096483
-662.50825083	0.01067905
-662.47524752	0.00951857
-662.44224422	0.00769943
-662.40924092	0.00504647
-662.37623762	0.00190089
-662.34323432	-0.00174270
-662.31023102	-0.00545654
-662.27722772	-0.00908310
-662.24422442	-0.01220403
-662.21122112	-0.01464131
-662.17821782	-0.01613123
-662.14521452	-0.01657366
-662.11221122	-0.01579385
-662.07920792	-0.01395335
-662.04620462	-0.01112539
-662.01320132	-0.00755149
-661.98019802	-0.00339815
-661.94719472	0.00073960
-661.91419142	0.00459275
-661.88118812	0.00780239
-661.84818482	0.01003032
-661.81518152	0.01099015
-661.78217822	0.01076768
-661.74917492	0.00894532
-661.71617162	0.00625214
-661.68316832	0.00244621
-661.65016502	-0.00196552
-661.61716172	-0.00652500
-661.58415842	-0.01120359
-661.55115512	-0.01540962
-661.51815182	-0.01910294
-661.48514851	-0.02202864
-661.45214521	-0.02417513
-661.41914191	-0.02545340
-661.38613861	-0.02598402
-661.35313531	-0.02585224
-661.32013201	-0.02517677
-661.28712871	-0.02406162
-661.25412541	-0.02253781
-661.22112211	-0.02069277
-661.18811881	-0.01829093
-661.15511551	-0.01530575
-661.12211221	-0.01170026
-661.08910891	-0.00713245
-661.05610561	-0.00190035
-661.02310231	0.00390377
-660.99009901	0.00997215
-660.95709571	0.01609714
-660.92409241	0.02156379
-660.89108911	0.02630924
-660.85808581	0.02970510
-660.82508251	0.03199369
-660.79207921	0.03289307
-660.75907591	0.03266602
-660.72607261	0.03139072
-660.69306931	0.02957724
-660.66006601	0.02721442
-660.62706271	0.02456672
-660.59405941	0.02166629
-660.56105611	0.01846189
-660.52805281	0.01499680
-660.49504950	0.01130324
-660.46204620	0.00734535
-660.42904290	0.00332365
-660.39603960	-0.00051962
-660.36303630	-0.00389559
-660.33003300	-0.00676161
-660.29702970	-0.00866515
-660.26402640	-0.00968052
-660.23102310	-0.00956766
-660.19801980	-0.00872291
-660.16501650	-0.00718429
-660.13201320	-0.00526383
-660.09900990	-0.00344986
-660.06600660	-0.00181256
-660.03300330	-0.00077881
-660.00000000	-0.00040756
-659.96699670	-0.00071493
-659.93399340	-0.00168063
-659.90099010	-0.00300253
-659.86798680	-0.00438516
-659.83498350	-0.00551417
-659.80198020	-0.00628777
-659.76897690	-0.00629267
-659.73597360	-0.00570627
-659.70297030	-0.00438291
-659.66996700	-0.00269257
-659.63696370	-0.00070296
-659.60396040	0.00133247
-659.57095710	0.00331190
-659.53795380	0.00506766
-659.50495050	0.00663021
-659.47194719	0.00805612
-659.43894389	0.00944763
-659.40594059	0.01084456
-659.37293729	0.01236458
-659.33993399	0.01397243
-659.30693069	0.01560744
-659.27392739	0.01707718
-659.24092409	0.01853152
-659.20792079	0.01948550
-659.17491749	0.02003420
-659.14191419	0.02014671
-659.10891089	0.01966254
-659.07590759	0.01870646
-659.04290429	0.01734027
-659.00990099	0.01556398
-658.97689769	0.01362609
-658.94389439	0.01129807
-658.91089109	0.00888017
-658.87788779	0.00644307
-658.84488449	0.00389457
-658.81188119	0.00138252
-658.77887789	-0.00115187
-658.74587459	-0.00350759
-658.71287129	-0.00581056
-658.67986799	-0.00791123
-658.64686469	-0.00971556
-658.61386139	-0.01130048
-658.58085809	-0.01252888
-658.54785479	-0.01355764
-658.51485149	-0.01416126
-658.48184818	-0.01452895
-658.44884488	-0.01462800
-658.41584158	-0.01462964
-658.38283828	-0.01444434
-658.34983498	-0.01429883
-658.31683168	-0.01403673
-658.28382838	-0.01374958
-658.25082508	-0.01330581
-658.21782178	-0.01264723
-658.18481848	-0.01170504
-658.15181518	-0.01044885
-658.11881188	-0.00882939
-658.08580858	-0.00697152
-658.05280528	-0.00478380
-658.01980198	-0.00268133
-657.98679868	-0.00056390
-657.95379538	0.00126591
-657.92079208	0.00281497
-657.88778878	0.00381300
-657.85478548	0.00444278
-657.82178218	0.00470494
-657.78877888	0.00466373
-657.75577558	0.00453070
-657.72277228	0.00447338
-657.68976898	0.00467128
-657.65676568	0.00512870
-657.62376238	0.00600106
-657.59075908	0.00727316
-657.55775578	0.00867636
-657.52475248	0.01023374
-657.49174917	0.01149992
-657.45874587	0.01247398
-657.42574257	0.01271931
-657.39273927	0.01250823
-657.35973597	0.01158979
-657.32673267	0.01021565
-657.29372937	0.00853270
-657.26072607	0.00685289
-657.22772277	0.00524288
-657.19471947	0.00398545
-657.16171617	0.00321936
-657.12871287	0.00301293
-657.09570957	0.00323630
-657.06270627	0.00401947
-657.02970297	0.00498089
-656.99669967	0.00612728
-656.96369637	0.00702825
-656.93069307	0.00761359
-656.89768977	0.00771007
-656.86468647	0.00706663
-656.83168317	0.00576806
-656.79867987	0.00375352
-656.76567657	0.00124584
-656.73267327	-0.00166506
-656.69966997	-0.00480753
-656.66666667	-0.00770878
-656.63366337	-0.01039599
-656.60066007	-0.01253702
-656.56765677	-0.01396139
-656.53465347	-0.01471138
-656.50165017	-0.01486626
-656.46864686	-0.01438075
-656.43564356	-0.01359077
-656.40264026	-0.01254174
-656.36963696	-0.01154107
-656.33663366	-0.01071484
-656.30363036	-0.01005695
-656.27062706	-0.00983045
-656.23762376	-0.00986164
-656.20462046	-0.01027985
-656.17161716	-0.01099705
-656.13861386	-0.01211201
-656.10561056	-0.01336897
-656.07260726	-0.01486911
-656.03960396	-0.01635638
-656.00660066	-0.01770768
-655.97359736	-0.01873059
-655.94059406	-0.01932392
-655.90759076	-0.01914184
-655.87458746	-0.01816374
-655.84158416	-0.01647959
-655.80858086	-0.01386352
-655.77557756	-0.01055500
-655.74257426	-0.00655602
-655.70957096	-0.00216414
-655.67656766	0.00234478
-655.64356436	0.00668160
-655.61056106	0.01074482
-655.57755776	0.01413341
-655.54455446	0.01672668
-655.51155116	0.01837439
-655.47854785	0.01910965
-655.44554455	0.01916556
-655.41254125	0.01859744
-655.37953795	0.01760686
-655.34653465	0.01640235
-655.31353135	0.01523927
-655.28052805	0.01413307
-655.24752475	0.01325637
-655.21452145	0.01238423
-655.18151815	0.01162291
-655.14851485	0.01064047
-655.11551155	0.00949566
-655.08250825	0.00781392
-655.04950495	0.00555607
-655.01650165	0.00271091
-654.98349835	-0.00066546
-654.95049505	-0.00434684
-654.91749175	-0.00825320
-654.88448845	-0.01178867
-654.85148515	-0.01480113
-654.81848185	-0.01691180
-654.78547855	-0.01781452
-654.75247525	-0.01761370
-654.71947195	-0.01615661
-654.68646865	-0.01371237
-654.65346535	-0.01078975
-654.62046205	-0.00743870
-654.58745875	-0.00419474
-654.55445545	-0.00142974
-654.52145215	0.00062453
-654.48844884	0.00170871
-654.45544554	0.00193311
-654.42244224	0.00140069
-654.38943894	0.00007366
-654.35643564	-0.00155595
-654.32343234	-0.00323353
-654.29042904	-0.00482672
-654.25742574	-0.00609678
-654.22442244	-0.00680714
-654.19141914	-0.00693492
-654.15841584	-0.00645990
-654.12541254	-0.00525251
-654.09240924	-0.00355233
-654.05940594	-0.00133655
-654.02640264	0.00124798
-653.99339934	0.00417114
-653.96039604	0.00722579
-653.92739274	0.01022082
-653.89438944	0.01315210
-653.86138614	0.01584277
-653.82838284	0.01811724
-653.79537954	0.01998620
-653.76237624	0.02127716
-653.72937294	0.02201346
-653.69636964	0.02200497
-653.66336634	0.02151479
-653.63036304	0.02025439
-653.59735974	0.01848439
-653.56435644	0.01623699
-653.53135314	0.01365058
-653.49834983	0.01089461
-653.46534653	0.00804845
-653.43234323	0.00529318
-653.39933993	0.00257819
-653.36633663	-0.00002449
-653.33333333	-0.00243565
-653.30033003	-0.00464882
-653.26732673	-0.00670352
-653.23432343	-0.00861956
-653.20132013	-0.01039621
-653.16831683	-0.01197326
-653.13531353	-0.01334563
-653.10231023	-0.01439272
-653.06930693	-0.01515266
-653.03630363	-0.01534000
-653.00330033	-0.01505736
-652.97029703	-0.01392521
-652.93729373	-0.01214795
-652.90429043	-0.00968040
-652.87128713	-0.00661177
-652.83828383	-0.00319808
-652.80528053	0.00030625
-652.77227723	0.00365662
-652.73927393	0.00650346
-652.70627063	0.00868107
-652.67326733	0.01000148
-652.64026403	0.01047825
-652.60726073	0.01013846
-652.57425743	0.00905702
-652.54125413	0.00740851
-652.50825083	0.00557784
-652.47524752	0.00367524
-652.44224422	0.00200801
-652.40924092	0.00072687
-652.37623762	-0.00015071
-652.34323432	-0.00054311
-652.31023102	-0.00036158
-652.27722772	0.00020230
-652.24422442	0.00109230
-652.21122112	0.00221346
-652.17821782	0.00346561
-652.14521452	0.00471338
-652.11221122	0.00580112
-652.07920792	0.00663589
-652.04620462	0.00721615
-652.01320132	0.00749779
-651.98019802	0.00754901
-651.94719472	0.00738116
-651.91419142	0.00697064
-651.88118812	0.00648089
-651.84818482	0.00591006
-651.81518152	0.00516578
-651.78217822	0.00457105
-651.74917492	0.00393196
-651.71617162	0.00337576
-651.68316832	0.00282413
-651.65016502	0.00239537
-651.61716172	0.00204737
-651.58415842	0.00185848
-651.55115512	0.00174795
-651.51815182	0.00178846
-651.48514851	0.00193733
-651.45214521	0.00212994
-651.41914191	0.00235971
-651.38613861	0.00252158
-651.35313531	0.00261151
-651.32013201	0.00245512
-651.28712871	0.00188455
-651.25412541	0.00085552
-651.22112211	-0.00073459
-651.18811881	-0.00274621
-651.15511551	-0.00524355
-651.12211221	-0.00792497
-651.08910891	-0.01054255
-651.05610561	-0.01276722
-651.02310231	-0.01435669
-650.99009901	-0.01502867
-650.95709571	-0.01494452
-650.92409241	-0.01398225
-650.89108911	-0.01231406
-650.85808581	-0.01028496
-650.82508251	-0.00815933
-650.79207921	-0.00614656
-650.75907591	-0.00441344
-650.72607261	-0.00306662
-650.69306931	-0.00205489
-650.66006601	-0.00115029
-650.62706271	-0.00028183
-650.59405941	0.00063300
-650.56105611	0.00171978
-650.52805281	0.00298340
-650.49504950	0.00447727
-650.46204620	0.00592500
-650.42904290	0.00730008
-650.39603960	0.00856078
-650.36303630	0.00942795
-650.33003300	0.00997750
-650.29702970	0.01020333
-650.26402640	0.01024438
-650.23102310	0.01000435
-650.19801980	0.00982814
-650.16501650	0.00954749
-650.13201320	0.00908579
-650.09900990	0.00859623
-650.06600660	0.00804177
-650.03300330	0.00723922
-650.00000000	0.00626322
