# Menlo Systems GmbH ScanControl
# Program Version 1.14.3
# Start: -730.00000000 ps, Average over 3000 waveforms. Timestamp: 2025-12-02T15:11:28
# User time axis shift: 0 ps
# Time axis offset: 0 ps
# Time [ps]	THz Signal [a.u.]
-730.00000000	-0.00026230
-729.96699670	-0.00019270
-729.93399340	-0.00023483
-729.90099010	-0.00016623
-729.86798680	-0.00025198
-729.83498350	-0.00024171
-729.80198020	-0.00031923
-729.76897690	-0.00035863
-729.73597360	-0.00033311
-729.70297030	-0.00032957
-729.66996700	-0.00024494
-729.63696370	-0.00005624
-729.60396040	0.00003266
-729.57095710	0.00032861
-729.53795380	0.00048825
-729.50495050	0.00072396
-729.47194719	0.00091878
-729.43894389	0.00100195
-729.40594059	0.00103295
-729.37293729	0.00107877
-729.33993399	0.00091642
-729.30693069	0.00081010
-729.27392739	0.00055738
-729.24092409	0.00030776
-729.20792079	-0.00000215
-729.17491749	-0.00038713
-729.14191419	-0.00072158
-729.10891089	-0.00106344
-729.07590759	-0.00141229
-729.04290429	-0.00161954
-729.00990099	-0.00189774
-728.97689769	-0.00203474
-728.94389439	-0.00219419
-728.91089109	-0.00246802
-728.87788779	-0.00260883
-728.84488449	-0.00296609
-728.81188119	-0.00349752
-728.77887789	-0.00419938
-728.74587459	-0.00508398
-728.71287129	-0.00624237
-728.67986799	-0.00754051
-728.64686469	-0.00895181
-728.61386139	-0.01028945
-728.58085809	-0.01140672
-728.54785479	-0.01226979
-728.51485149	-0.01254211
-728.48184818	-0.01225906
-728.44884488	-0.01129618
-728.41584158	-0.00973295
-728.38283828	-0.00771023
-728.34983498	-0.00537781
-728.31683168	-0.00306323
-728.28382838	-0.00102058
-728.25082508	0.00054803
-728.21782178	0.00150227
-728.18481848	0.00189309
-728.15181518	0.00160011
-728.11881188	0.00108489
-728.08580858	0.00030396
-728.05280528	-0.00039082
-728.01980198	-0.00097424
-727.98679868	-0.00124649
-727.95379538	-0.00134095
-727.92079208	-0.00113482
-727.88778878	-0.00078494
-727.85478548	-0.00041206
-727.82178218	0.00011258
-727.78877888	0.00038512
-727.75577558	0.00060506
-727.72277228	0.00051680
-727.68976898	0.00009600
-727.65676568	-0.00072029
-727.62376238	-0.00168243
-727.59075908	-0.00290806
-727.55775578	-0.00418321
-727.52475248	-0.00551637
-727.49174917	-0.00687356
-727.45874587	-0.00804755
-727.42574257	-0.00918386
-727.39273927	-0.01013429
-727.35973597	-0.01093247
-727.32673267	-0.01153351
-727.29372937	-0.01205119
-727.26072607	-0.01254254
-727.22772277	-0.01314506
-727.19471947	-0.01398880
-727.16171617	-0.01509519
-727.12871287	-0.01664491
-727.09570957	-0.01861946
-727.06270627	-0.02102049
-727.02970297	-0.02384441
-726.99669967	-0.02675225
-726.96369637	-0.02951708
-726.93069307	-0.03195198
-726.89768977	-0.03339194
-726.86468647	-0.03377440
-726.83168317	-0.03263914
-726.79867987	-0.02990925
-726.76567657	-0.02565986
-726.73267327	-0.02019471
-726.69966997	-0.01389738
-726.66666667	-0.00759686
-726.63366337	-0.00158837
-726.60066007	0.00321826
-726.56765677	0.00670462
-726.53465347	0.00872211
-726.50165017	0.00929744
-726.46864686	0.00892258
-726.43564356	0.00779437
-726.40264026	0.00638505
-726.36963696	0.00497010
-726.33663366	0.00345264
-726.30363036	0.00214008
-726.27062706	0.00088623
-726.23762376	-0.00009347
-726.20462046	-0.00097619
-726.17161716	-0.00148174
-726.13861386	-0.00175989
-726.10561056	-0.00181287
-726.07260726	-0.00184040
-726.03960396	-0.00178531
-726.00660066	-0.00178731
-725.97359736	-0.00171375
-725.94059406	-0.00158587
-725.90759076	-0.00117893
-725.87458746	-0.00058949
-725.84158416	0.00022906
-725.80858086	0.00127555
-725.77557756	0.00238702
-725.74257426	0.00362783
-725.70957096	0.00506418
-725.67656766	0.00651107
-725.64356436	0.00818841
-725.61056106	0.01037341
-725.57755776	0.01275948
-725.54455446	0.01576816
-725.51155116	0.01958347
-725.47854785	0.02395176
-725.44554455	0.02918531
-725.41254125	0.03522206
-725.37953795	0.04202431
-725.34653465	0.04970458
-725.31353135	0.05811603
-725.28052805	0.06729675
-725.24752475	0.07714377
-725.21452145	0.08759443
-725.18151815	0.09827352
-725.14851485	0.10902070
-725.11551155	0.11970239
-725.08250825	0.13036598
-725.04950495	0.14076739
-725.01650165	0.15109877
-724.98349835	0.16171648
-724.95049505	0.17271283
-724.91749175	0.18464475
-724.88448845	0.19788865
-724.85148515	0.21301171
-724.81848185	0.23061514
-724.78547855	0.25121039
-724.75247525	0.27557727
-724.71947195	0.30393385
-724.68646865	0.33660429
-724.65346535	0.37365814
-724.62046205	0.41454753
-724.58745875	0.45857182
-724.55445545	0.50464335
-724.52145215	0.55109917
-724.48844884	0.59606813
-724.45544554	0.63726964
-724.42244224	0.67168435
-724.38943894	0.69668944
-724.35643564	0.70924218
-724.32343234	0.70666768
-724.29042904	0.68666042
-724.25742574	0.64785019
-724.22442244	0.59001336
-724.19141914	0.51405273
-724.15841584	0.42281155
-724.12541254	0.31964527
-724.09240924	0.20962181
-724.05940594	0.09764369
-724.02640264	-0.01150691
-723.99339934	-0.11404217
-723.96039604	-0.20858499
-723.92739274	-0.29627198
-723.89438944	-0.38145625
-723.86138614	-0.47137022
-723.82838284	-0.57565911
-723.79537954	-0.70497465
-723.76237624	-0.86952200
-723.72937294	-1.07751367
-723.69636964	-1.33351110
-723.66336634	-1.63565793
-723.63036304	-1.97388934
-723.59735974	-2.32853696
-723.56435644	-2.67041448
-723.53135314	-2.96346228
-723.49834983	-3.16974917
-723.46534653	-3.25430628
-723.43234323	-3.18850834
-723.39933993	-2.95675996
-723.36633663	-2.56134738
-723.33333333	-2.02518013
-723.30033003	-1.39055202
-723.26732673	-0.71192751
-723.23432343	-0.04685267
-723.20132013	0.55376431
-723.16831683	1.05371721
-723.13531353	1.43697872
-723.10231023	1.70547413
-723.06930693	1.87334079
-723.03630363	1.95863815
-723.00330033	1.97698896
-722.97029703	1.94022426
-722.93729373	1.85799406
-722.90429043	1.74113035
-722.87128713	1.60272949
-722.83828383	1.45777831
-722.80528053	1.31883326
-722.77227723	1.19227618
-722.73927393	1.07738220
-722.70627063	0.96822192
-722.67326733	0.85893881
-722.64026403	0.74811749
-722.60726073	0.64000593
-722.57425743	0.54176245
-722.54125413	0.46001415
-722.50825083	0.39681095
-722.47524752	0.34913895
-722.44224422	0.31137385
-722.40924092	0.27768743
-722.37623762	0.24389023
-722.34323432	0.20764363
-722.31023102	0.16754440
-722.27722772	0.12269484
-722.24422442	0.07318768
-722.21122112	0.02077209
-722.17821782	-0.03156055
-722.14521452	-0.08011506
-722.11221122	-0.12202756
-722.07920792	-0.15543537
-722.04620462	-0.17928534
-722.01320132	-0.19169144
-721.98019802	-0.19064830
-721.94719472	-0.17420421
-721.91419142	-0.14197613
-721.88118812	-0.09636588
-721.84818482	-0.04235592
-721.81518152	0.01365577
-721.78217822	0.06478607
-721.74917492	0.10528047
-721.71617162	0.13078694
-721.68316832	0.13949927
-721.65016502	0.13210453
-721.61716172	0.11111429
-721.58415842	0.08022296
-721.55115512	0.04232033
-721.51815182	0.00014850
-721.48514851	-0.04379974
-721.45214521	-0.08602046
-721.41914191	-0.12135345
-721.38613861	-0.14488900
-721.35313531	-0.15298491
-721.32013201	-0.14492150
-721.28712871	-0.12291904
-721.25412541	-0.09102474
-721.22112211	-0.05438066
-721.18811881	-0.01816300
-721.15511551	0.01241876
-721.12211221	0.03351535
-721.08910891	0.04365521
-721.05610561	0.04369939
-721.02310231	0.03698670
-720.99009901	0.02727673
-720.95709571	0.01737794
-720.92409241	0.00821112
-720.89108911	-0.00082110
-720.85808581	-0.01043838
-720.82508251	-0.02094473
-720.79207921	-0.03195505
-720.75907591	-0.04196561
-720.72607261	-0.04956179
-720.69306931	-0.05357554
-720.66006601	-0.05404412
-720.62706271	-0.05192978
-720.59405941	-0.04838566
-720.56105611	-0.04421859
-720.52805281	-0.03919283
-720.49504950	-0.03329474
-720.46204620	-0.02768922
-720.42904290	-0.02536171
-720.39603960	-0.02914128
-720.36303630	-0.03981620
-720.33003300	-0.05516428
-720.29702970	-0.07038464
-720.26402640	-0.08070166
-720.23102310	-0.08280378
-720.19801980	-0.07577204
-720.16501650	-0.06029900
-720.13201320	-0.03807752
-720.09900990	-0.01144878
-720.06600660	0.01726333
-720.03300330	0.04583396
-720.00000000	0.07237149
-719.96699670	0.09517111
-719.93399340	0.11270052
-719.90099010	0.12367812
-719.86798680	0.12708408
-719.83498350	0.12187034
-719.80198020	0.10695470
-719.76897690	0.08133010
-719.73597360	0.04490117
-719.70297030	-0.00066862
-719.66996700	-0.05136080
-719.63696370	-0.10086187
-719.60396040	-0.14253064
-719.57095710	-0.17120828
-719.53795380	-0.18398476
-719.50495050	-0.18160908
-719.47194719	-0.16634391
-719.43894389	-0.14120080
-719.40594059	-0.10937322
-719.37293729	-0.07379381
-719.33993399	-0.03799511
-719.30693069	-0.00655270
-719.27392739	0.01562161
-719.24092409	0.02505503
-719.20792079	0.02117047
-719.17491749	0.00632143
-719.14191419	-0.01501278
-719.10891089	-0.03824543
-719.07590759	-0.06000518
-719.04290429	-0.07829007
-719.00990099	-0.09202773
-718.97689769	-0.10028886
-718.94389439	-0.10199595
-718.91089109	-0.09664950
-718.87788779	-0.08510294
-718.84488449	-0.06910267
-718.81188119	-0.05167675
-718.77887789	-0.03533211
-718.74587459	-0.02123927
-718.71287129	-0.00937300
-718.67986799	0.00126035
-718.64686469	0.01131634
-718.61386139	0.02084779
-718.58085809	0.02924010
-718.54785479	0.03571615
-718.51485149	0.04024387
-718.48184818	0.04290637
-718.44884488	0.04364146
-718.41584158	0.04167773
-718.38283828	0.03623553
-718.34983498	0.02777318
-718.31683168	0.01830142
-718.28382838	0.01132192
-718.25082508	0.01099781
-718.21782178	0.01970086
-718.18481848	0.03640365
-718.15181518	0.05712162
-718.11881188	0.07574918
-718.08580858	0.08593762
-718.05280528	0.08362612
-718.01980198	0.06832282
-717.98679868	0.04323402
-717.95379538	0.01381498
-717.92079208	-0.01431428
-717.88778878	-0.03730349
-717.85478548	-0.05325307
-717.82178218	-0.06194402
-717.78877888	-0.06445975
-717.75577558	-0.06204235
-717.72277228	-0.05622693
-717.68976898	-0.04854907
-717.65676568	-0.04045757
-717.62376238	-0.03324426
-717.59075908	-0.02767131
-717.55775578	-0.02431791
-717.52475248	-0.02280593
-717.49174917	-0.02230146
-717.45874587	-0.02189573
-717.42574257	-0.02124568
-717.39273927	-0.02120705
-717.35973597	-0.02335884
-717.32673267	-0.02887625
-717.29372937	-0.03697821
-717.26072607	-0.04461581
-717.22772277	-0.04761638
-717.19471947	-0.04236329
-717.16171617	-0.02786435
-717.12871287	-0.00659000
-717.09570957	0.01632473
-717.06270627	0.03529090
-717.02970297	0.04660742
-716.99669967	0.04949099
-716.96369637	0.04598671
-716.93069307	0.03920691
-716.89768977	0.03152401
-716.86468647	0.02405577
-716.83168317	0.01666510
-716.79867987	0.00924972
-716.76567657	0.00219496
-716.73267327	-0.00349534
-716.69966997	-0.00604080
-716.66666667	-0.00402879
-716.63366337	0.00290308
-716.60066007	0.01322290
-716.56765677	0.02402826
-716.53465347	0.03223304
-716.50165017	0.03611582
-716.46864686	0.03652573
-716.43564356	0.03612121
-716.40264026	0.03761118
-716.36963696	0.04288512
-716.33663366	0.05132412
-716.30363036	0.06029810
-716.27062706	0.06654727
-716.23762376	0.06665914
-716.20462046	0.05916425
-716.17161716	0.04425852
-716.13861386	0.02339782
-716.10561056	-0.00063776
-716.07260726	-0.02480254
-716.03960396	-0.04628729
-716.00660066	-0.06258146
-715.97359736	-0.07242083
-715.94059406	-0.07580437
-715.90759076	-0.07416475
-715.87458746	-0.06955944
-715.84158416	-0.06427158
-715.80858086	-0.06043653
-715.77557756	-0.05959185
-715.74257426	-0.06232095
-715.70957096	-0.06809883
-715.67656766	-0.07471209
-715.64356436	-0.07945035
-715.61056106	-0.07994773
-715.57755776	-0.07544481
-715.54455446	-0.06691059
-715.51155116	-0.05682956
-715.47854785	-0.04787439
-715.44554455	-0.04162991
-715.41254125	-0.03820844
-715.37953795	-0.03608947
-715.34653465	-0.03241696
-715.31353135	-0.02425922
-715.28052805	-0.01032586
-715.24752475	0.00862924
-715.21452145	0.02978162
-715.18151815	0.04955599
-715.14851485	0.06505656
-715.11551155	0.07442287
-715.08250825	0.07735895
-715.04950495	0.07418586
-715.01650165	0.06554206
-714.98349835	0.05264658
-714.95049505	0.03775264
-714.91749175	0.02367032
-714.88448845	0.01317605
-714.85148515	0.00810284
-714.81848185	0.00878600
-714.78547855	0.01383760
-714.75247525	0.02111258
-714.71947195	0.02832232
-714.68646865	0.03455368
-714.65346535	0.03975484
-714.62046205	0.04431236
-714.58745875	0.04906167
-714.55445545	0.05435774
-714.52145215	0.05979429
-714.48844884	0.06477778
-714.45544554	0.06787894
-714.42244224	0.06746099
-714.38943894	0.06274427
-714.35643564	0.05359190
-714.32343234	0.04151159
-714.29042904	0.02862543
-714.25742574	0.01687825
-714.22442244	0.00720184
-714.19141914	-0.00067846
-714.15841584	-0.00788993
-714.12541254	-0.01559177
-714.09240924	-0.02441414
-714.05940594	-0.03428045
-714.02640264	-0.04446161
-713.99339934	-0.05353580
-713.96039604	-0.06073844
-713.92739274	-0.06547266
-713.89438944	-0.06699476
-713.86138614	-0.06517944
-713.82838284	-0.06037654
-713.79537954	-0.05338497
-713.76237624	-0.04574983
-713.72937294	-0.03909260
-713.69636964	-0.03436747
-713.66336634	-0.03154962
-713.63036304	-0.03008302
-713.59735974	-0.02923293
-713.56435644	-0.02846818
-713.53135314	-0.02725833
-713.49834983	-0.02478477
-713.46534653	-0.02020169
-713.43234323	-0.01285766
-713.39933993	-0.00302545
-713.36633663	0.00821948
-713.33333333	0.01858088
-713.30033003	0.02540950
-713.26732673	0.02660570
-713.23432343	0.02154476
-713.20132013	0.01119591
-713.16831683	-0.00183164
-713.13531353	-0.01455747
-713.10231023	-0.02425941
-713.06930693	-0.02877284
-713.03630363	-0.02732433
-713.00330033	-0.02067850
-712.97029703	-0.01073761
-712.93729373	0.00009711
-712.90429043	0.00976321
-712.87128713	0.01701286
-712.83828383	0.02128458
-712.80528053	0.02270242
-712.77227723	0.02217219
-712.73927393	0.02091965
-712.70627063	0.02012457
-712.67326733	0.02030748
-712.64026403	0.02116969
-712.60726073	0.02192218
-712.57425743	0.02155528
-712.54125413	0.01941204
-712.50825083	0.01542522
-712.47524752	0.01028506
-712.44224422	0.00492036
-712.40924092	0.00001190
-712.37623762	-0.00359977
-712.34323432	-0.00577113
-712.31023102	-0.00699939
-712.27722772	-0.00810177
-712.24422442	-0.00967158
-712.21122112	-0.01176026
-712.17821782	-0.01347703
-712.14521452	-0.01359087
-712.11221122	-0.01112693
-712.07920792	-0.00626978
-712.04620462	-0.00092367
-712.01320132	0.00219800
-711.98019802	0.00099388
-711.94719472	-0.00488657
-711.91419142	-0.01406268
-711.88118812	-0.02415525
-711.84818482	-0.03290206
-711.81518152	-0.03883461
-711.78217822	-0.04110786
-711.74917492	-0.03907682
-711.71617162	-0.03284484
-711.68316832	-0.02256424
-711.65016502	-0.00930216
-711.61716172	0.00527695
-711.58415842	0.01937696
-711.55115512	0.03139403
-711.51815182	0.04075732
-711.48514851	0.04766947
-711.45214521	0.05286152
-711.41914191	0.05659934
-711.38613861	0.05871189
-711.35313531	0.05810712
-711.32013201	0.05359339
-711.28712871	0.04417378
-711.25412541	0.02962613
-711.22112211	0.01084117
-711.18811881	-0.01015909
-711.15511551	-0.03099243
-711.12211221	-0.04911151
-711.08910891	-0.06234010
-711.05610561	-0.06927342
-711.02310231	-0.06925958
-710.99009901	-0.06208433
-710.95709571	-0.04855464
-710.92409241	-0.03016770
-710.89108911	-0.00919726
-710.85808581	0.01150665
-710.82508251	0.02946975
-710.79207921	0.04315637
-710.75907591	0.05171302
-710.72607261	0.05570522
-710.69306931	0.05645274
-710.66006601	0.05516954
-710.62706271	0.05232219
-710.59405941	0.04747256
-710.56105611	0.03948915
-710.52805281	0.02714859
-710.49504950	0.01013016
-710.46204620	-0.01026597
-710.42904290	-0.03115410
-710.39603960	-0.04931453
-710.36303630	-0.06141131
-710.33003300	-0.06519271
-710.29702970	-0.06063017
-710.26402640	-0.04968892
-710.23102310	-0.03545782
-710.19801980	-0.02084795
-710.16501650	-0.00827089
-710.13201320	0.00090903
-710.09900990	0.00627341
-710.06600660	0.00764117
-710.03300330	0.00501641
-710.00000000	-0.00119364
-709.96699670	-0.00929977
-709.93399340	-0.01725390
-709.90099010	-0.02295498
-709.86798680	-0.02478624
-709.83498350	-0.02198522
-709.80198020	-0.01463602
-709.76897690	-0.00385683
-709.73597360	0.00892557
-709.70297030	0.02208664
-709.66996700	0.03390580
-709.63696370	0.04293337
-709.60396040	0.04810784
-709.57095710	0.04895713
-709.53795380	0.04533837
-709.50495050	0.03742967
-709.47194719	0.02595693
-709.43894389	0.01170122
-709.40594059	-0.00407936
-709.37293729	-0.01950040
-709.33993399	-0.03288978
-709.30693069	-0.04239819
-709.27392739	-0.04625860
-709.24092409	-0.04378147
-709.20792079	-0.03514611
-709.17491749	-0.02130554
-709.14191419	-0.00369289
-709.10891089	0.01601403
-709.07590759	0.03663492
-709.04290429	0.05696832
-709.00990099	0.07532369
-708.97689769	0.08954400
-708.94389439	0.09660176
-708.91089109	0.09382445
-708.87788779	0.08049481
-708.84488449	0.05825427
-708.81188119	0.03070712
-708.77887789	0.00255039
-708.74587459	-0.02220191
-708.71287129	-0.04146408
-708.67986799	-0.05453608
-708.64686469	-0.06158605
-708.61386139	-0.06327603
-708.58085809	-0.05999351
-708.54785479	-0.05257979
-708.51485149	-0.04226986
-708.48184818	-0.03093193
-708.44884488	-0.02069930
-708.41584158	-0.01369548
-708.38283828	-0.01135863
-708.34983498	-0.01436291
-708.31683168	-0.02231787
-708.28382838	-0.03384528
-708.25082508	-0.04668361
-708.21782178	-0.05819591
-708.18481848	-0.06592004
-708.15181518	-0.06770378
-708.11881188	-0.06257978
-708.08580858	-0.05031410
-708.05280528	-0.03168573
-708.01980198	-0.00823523
-707.98679868	0.01783975
-707.95379538	0.04404167
-707.92079208	0.06747033
-707.88778878	0.08535920
-707.85478548	0.09516975
-707.82178218	0.09536721
-707.78877888	0.08579068
-707.75577558	0.06773360
-707.72277228	0.04394941
-707.68976898	0.01785313
-707.65676568	-0.00732550
-707.62376238	-0.02970363
-707.59075908	-0.04847144
-707.55775578	-0.06320627
-707.52475248	-0.07380062
-707.49174917	-0.07932306
-707.45874587	-0.07829201
-707.42574257	-0.06927708
-707.39273927	-0.05142270
-707.35973597	-0.02483464
-707.32673267	0.00856709
-707.29372937	0.04518123
-707.26072607	0.08022726
-707.22772277	0.10800721
-707.19471947	0.12392153
-707.16171617	0.12564145
-707.12871287	0.11304025
-707.09570957	0.08848442
-707.06270627	0.05625766
-707.02970297	0.02083065
-706.99669967	-0.01382516
-706.96369637	-0.04412680
-706.93069307	-0.06745024
-706.89768977	-0.08216895
-706.86468647	-0.08783751
-706.83168317	-0.08532065
-706.79867987	-0.07702176
-706.76567657	-0.06593723
-706.73267327	-0.05485561
-706.69966997	-0.04554670
-706.66666667	-0.03851322
-706.63366337	-0.03312531
-706.60066007	-0.02828412
-706.56765677	-0.02296114
-706.53465347	-0.01682652
-706.50165017	-0.00994654
-706.46864686	-0.00258549
-706.43564356	0.00474039
-706.40264026	0.01153032
-706.36963696	0.01751034
-706.33663366	0.02255328
-706.30363036	0.02659580
-706.27062706	0.02942405
-706.23762376	0.03109488
-706.20462046	0.03148777
-706.17161716	0.03079349
-706.13861386	0.02915421
-706.10561056	0.02674282
-706.07260726	0.02363204
-706.03960396	0.02012905
-706.00660066	0.01639085
-705.97359736	0.01253733
-705.94059406	0.00839422
-705.90759076	0.00336291
-705.87458746	-0.00328292
-705.84158416	-0.01206514
-705.80858086	-0.02302984
-705.77557756	-0.03540976
-705.74257426	-0.04743456
-705.70957096	-0.05678787
-705.67656766	-0.06110172
-705.64356436	-0.05859371
-705.61056106	-0.04867458
-705.57755776	-0.03205315
-705.54455446	-0.01069449
-705.51155116	0.01261734
-705.47854785	0.03491673
-705.44554455	0.05378488
-705.41254125	0.06743760
-705.37953795	0.07499647
-705.34653465	0.07625420
-705.31353135	0.07104633
-705.28052805	0.05971506
-705.24752475	0.04286024
-705.21452145	0.02235362
-705.18151815	0.00063905
-705.14851485	-0.01957558
-705.11551155	-0.03617755
-705.08250825	-0.04811403
-705.04950495	-0.05477233
-705.01650165	-0.05598852
-704.98349835	-0.05219953
-704.95049505	-0.04391609
-704.91749175	-0.03228304
-704.88448845	-0.01909610
-704.85148515	-0.00649017
-704.81848185	0.00336470
-704.78547855	0.00874208
-704.75247525	0.00902738
-704.71947195	0.00472428
-704.68646865	-0.00258096
-704.65346535	-0.01087971
-704.62046205	-0.01802876
-704.58745875	-0.02253486
-704.55445545	-0.02390111
-704.52145215	-0.02227683
-704.48844884	-0.01810694
-704.45544554	-0.01214995
-704.42244224	-0.00479184
-704.38943894	0.00386579
-704.35643564	0.01340338
-704.32343234	0.02336824
-704.29042904	0.03260977
-704.25742574	0.03958718
-704.22442244	0.04257114
-704.19141914	0.03992427
-704.15841584	0.03090064
-704.12541254	0.01610413
-704.09240924	-0.00226690
-704.05940594	-0.02117308
-704.02640264	-0.03758754
-703.99339934	-0.04973377
-703.96039604	-0.05692289
-703.92739274	-0.05915502
-703.89438944	-0.05655582
-703.86138614	-0.04889229
-703.82838284	-0.03534629
-703.79537954	-0.01572454
-703.76237624	0.00914519
-703.72937294	0.03743465
-703.69636964	0.06600903
-703.66336634	0.09092215
-703.63036304	0.10818288
-703.59735974	0.11482063
-703.56435644	0.10943601
-703.53135314	0.09267473
-703.49834983	0.06707086
-703.46534653	0.03641150
-703.43234323	0.00486291
-703.39933993	-0.02402845
-703.36633663	-0.04740359
-703.33333333	-0.06344471
-703.30033003	-0.07183071
-703.26732673	-0.07274104
-703.23432343	-0.06715065
-703.20132013	-0.05645782
-703.16831683	-0.04246628
-703.13531353	-0.02706088
-703.10231023	-0.01223058
-703.06930693	0.00027664
-703.03630363	0.00903892
-703.00330033	0.01309192
-702.97029703	0.01241143
-702.93729373	0.00795500
-702.90429043	0.00097152
-702.87128713	-0.00714648
-702.83828383	-0.01515458
-702.80528053	-0.02179693
-702.77227723	-0.02583660
-702.73927393	-0.02645610
-702.70627063	-0.02322766
-702.67326733	-0.01656563
-702.64026403	-0.00797496
-702.60726073	0.00063847
-702.57425743	0.00756745
-702.54125413	0.01187060
-702.50825083	0.01342016
-702.47524752	0.01242746
-702.44224422	0.00968937
-702.40924092	0.00629902
-702.37623762	0.00307884
-702.34323432	0.00070411
-702.31023102	-0.00026336
-702.27722772	-0.00003196
-702.24422442	0.00095659
-702.21122112	0.00214720
-702.17821782	0.00290280
-702.14521452	0.00287760
-702.11221122	0.00243740
-702.07920792	0.00221964
-702.04620462	0.00304958
-702.01320132	0.00567897
-701.98019802	0.01002057
-701.94719472	0.01530150
-701.91419142	0.02029573
-701.88118812	0.02359484
-701.84818482	0.02434605
-701.81518152	0.02188492
-701.78217822	0.01603673
-701.74917492	0.00687615
-701.71617162	-0.00490981
-701.68316832	-0.01788411
-701.65016502	-0.02990502
-701.61716172	-0.03876391
-701.58415842	-0.04288626
-701.55115512	-0.04192098
-701.51815182	-0.03674337
-701.48514851	-0.02893908
-701.45214521	-0.02023854
-701.41914191	-0.01195505
-701.38613861	-0.00461330
-701.35313531	0.00135272
-701.32013201	0.00542378
-701.28712871	0.00752330
-701.25412541	0.00765662
-701.22112211	0.00573807
-701.18811881	0.00181837
-701.15511551	-0.00354633
-701.12211221	-0.00984911
-701.08910891	-0.01619994
-701.05610561	-0.02151653
-701.02310231	-0.02454783
-700.99009901	-0.02446730
-700.95709571	-0.02064848
-700.92409241	-0.01328670
-700.89108911	-0.00339110
-700.85808581	0.00724056
-700.82508251	0.01666180
-700.79207921	0.02323528
-700.75907591	0.02607626
-700.72607261	0.02537476
-700.69306931	0.02183542
-700.66006601	0.01680038
-700.62706271	0.01107888
-700.59405941	0.00518761
-700.56105611	-0.00044494
-700.52805281	-0.00545476
-700.49504950	-0.00971605
-700.46204620	-0.01327273
-700.42904290	-0.01598202
-700.39603960	-0.01768664
-700.36303630	-0.01822681
-700.33003300	-0.01690534
-700.29702970	-0.01289373
-700.26402640	-0.00594183
-700.23102310	0.00331383
-700.19801980	0.01390169
-700.16501650	0.02464682
-700.13201320	0.03394516
-700.09900990	0.04073112
-700.06600660	0.04428204
-700.03300330	0.04394623
-700.00000000	0.03919047
-699.96699670	0.03007267
-699.93399340	0.01745997
-699.90099010	0.00286972
-699.86798680	-0.01224010
-699.83498350	-0.02589113
-699.80198020	-0.03658308
-699.76897690	-0.04358610
-699.73597360	-0.04621273
-699.70297030	-0.04405216
-699.66996700	-0.03712780
-699.63696370	-0.02578548
-699.60396040	-0.01113895
-699.57095710	0.00472464
-699.53795380	0.01913651
-699.50495050	0.02960738
-699.47194719	0.03428082
-699.43894389	0.03239696
-699.40594059	0.02482955
-699.37293729	0.01357716
-699.33993399	0.00096673
-699.30693069	-0.01100533
-699.27392739	-0.02105516
-699.24092409	-0.02856927
-699.20792079	-0.03360592
-699.17491749	-0.03643604
-699.14191419	-0.03741885
-699.10891089	-0.03679635
-699.07590759	-0.03477437
-699.04290429	-0.03148484
-699.00990099	-0.02673869
-698.97689769	-0.02054036
-698.94389439	-0.01331144
-698.91089109	-0.00576616
-698.87788779	0.00109900
-698.84488449	0.00593857
-698.81188119	0.00765049
-698.77887789	0.00612416
-698.74587459	0.00204296
-698.71287129	-0.00319179
-698.67986799	-0.00756914
-698.64686469	-0.00909610
-698.61386139	-0.00646978
-698.58085809	0.00063222
-698.54785479	0.01116035
-698.51485149	0.02323391
-698.48184818	0.03474216
-698.44884488	0.04368372
-698.41584158	0.04859619
-698.38283828	0.04910729
-698.34983498	0.04508804
-698.31683168	0.03701687
-698.28382838	0.02574368
-698.25082508	0.01232826
-698.21782178	-0.00212828
-698.18481848	-0.01632325
-698.15181518	-0.02874126
-698.11881188	-0.03765695
-698.08580858	-0.04158559
-698.05280528	-0.03939000
-698.01980198	-0.03083154
-697.98679868	-0.01698570
-697.95379538	-0.00013674
-697.92079208	0.01658836
-697.88778878	0.03008426
-697.85478548	0.03783327
-697.82178218	0.03837970
-697.78877888	0.03175655
-697.75577558	0.01930422
-697.72277228	0.00321920
-697.68976898	-0.01381762
-697.65676568	-0.02930567
-697.62376238	-0.04122150
-697.59075908	-0.04853996
-697.55775578	-0.05128394
-697.52475248	-0.05025356
-697.49174917	-0.04655721
-697.45874587	-0.04133207
-697.42574257	-0.03523289
-697.39273927	-0.02880778
-697.35973597	-0.02220100
-697.32673267	-0.01547603
-697.29372937	-0.00860505
-697.26072607	-0.00145755
-697.22772277	0.00550747
-697.19471947	0.01196119
-697.16171617	0.01793146
-697.12871287	0.02301392
-697.09570957	0.02658173
-697.06270627	0.02863401
-697.02970297	0.02847427
-696.99669967	0.02574468
-696.96369637	0.02082792
-696.93069307	0.01478783
-696.89768977	0.00904816
-696.86468647	0.00484169
-696.83168317	0.00308613
-696.79867987	0.00410733
-696.76567657	0.00761967
-696.73267327	0.01300337
-696.69966997	0.01917121
-696.66666667	0.02492565
-696.63366337	0.02884992
-696.60066007	0.02965743
-696.56765677	0.02673693
-696.53465347	0.02035335
-696.50165017	0.01132570
-696.46864686	0.00106997
-696.43564356	-0.00924563
-696.40264026	-0.01856469
-696.36963696	-0.02596926
-696.33663366	-0.03049995
-696.30363036	-0.03142859
-696.27062706	-0.02837448
-696.23762376	-0.02172067
-696.20462046	-0.01252154
-696.17161716	-0.00218173
-696.13861386	0.00755351
-696.10561056	0.01550702
-696.07260726	0.02098234
-696.03960396	0.02371759
-696.00660066	0.02382978
-695.97359736	0.02167440
-695.94059406	0.01764644
-695.90759076	0.01209072
-695.87458746	0.00562590
-695.84158416	-0.00095602
-695.80858086	-0.00693337
-695.77557756	-0.01134783
-695.74257426	-0.01382502
-695.70957096	-0.01484268
-695.67656766	-0.01531139
-695.64356436	-0.01603172
-695.61056106	-0.01766396
-695.57755776	-0.01999317
-695.54455446	-0.02220343
-695.51155116	-0.02365093
-695.47854785	-0.02399624
-695.44554455	-0.02278963
-695.41254125	-0.01963546
-695.37953795	-0.01443373
-695.34653465	-0.00729304
-695.31353135	0.00146986
-695.28052805	0.01121731
-695.24752475	0.02100418
-695.21452145	0.03000978
-695.18151815	0.03764847
-695.14851485	0.04316556
-695.11551155	0.04572296
-695.08250825	0.04497228
-695.04950495	0.04086343
-695.01650165	0.03365337
-694.98349835	0.02384606
-694.95049505	0.01256679
-694.91749175	0.00112360
-694.88448845	-0.00930119
-694.85148515	-0.01763174
-694.81848185	-0.02328083
-694.78547855	-0.02600067
-694.75247525	-0.02632236
-694.71947195	-0.02490434
-694.68646865	-0.02240989
-694.65346535	-0.01960291
-694.62046205	-0.01671714
-694.58745875	-0.01365001
-694.55445545	-0.01008629
-694.52145215	-0.00556660
-694.48844884	0.00017246
-694.45544554	0.00716055
-694.42244224	0.01526926
-694.38943894	0.02374934
-694.35643564	0.03126647
-694.32343234	0.03695383
-694.29042904	0.03984517
-694.25742574	0.03901055
-694.22442244	0.03426378
-694.19141914	0.02601769
-694.15841584	0.01506043
-694.12541254	0.00250268
-694.09240924	-0.01007530
-694.05940594	-0.02111404
-694.02640264	-0.02956925
-693.99339934	-0.03494982
-693.96039604	-0.03750817
-693.92739274	-0.03794005
-693.89438944	-0.03687616
-693.86138614	-0.03499866
-693.82838284	-0.03282571
-693.79537954	-0.03074305
-693.76237624	-0.02934288
-693.72937294	-0.02879552
-693.69636964	-0.02906432
-693.66336634	-0.02943864
-693.63036304	-0.02865335
-693.59735974	-0.02537620
-693.56435644	-0.01884504
-693.53135314	-0.00910899
-693.49834983	0.00276267
-693.46534653	0.01464845
-693.43234323	0.02452180
-693.39933993	0.03058376
-693.36633663	0.03189095
-693.33333333	0.02850619
-693.30033003	0.02139553
-693.26732673	0.01186360
-693.23432343	0.00181181
-693.20132013	-0.00700439
-693.16831683	-0.01305492
-693.13531353	-0.01566570
-693.10231023	-0.01483122
-693.06930693	-0.01115902
-693.03630363	-0.00575557
-693.00330033	-0.00001035
-692.97029703	0.00507243
-692.93729373	0.00870863
-692.90429043	0.01026891
-692.87128713	0.00948767
-692.83828383	0.00634049
-692.80528053	0.00116033
-692.77227723	-0.00541279
-692.73927393	-0.01201296
-692.70627063	-0.01715309
-692.67326733	-0.01935597
-692.64026403	-0.01779010
-692.60726073	-0.01292712
-692.57425743	-0.00605410
-692.54125413	0.00055127
-692.50825083	0.00481462
-692.47524752	0.00558437
-692.44224422	0.00269291
-692.40924092	-0.00287109
-692.37623762	-0.00955573
-692.34323432	-0.01564716
-692.31023102	-0.02001409
-692.27722772	-0.02209963
-692.24422442	-0.02198018
-692.21122112	-0.02041214
-692.17821782	-0.01859625
-692.14521452	-0.01743553
-692.11221122	-0.01753379
-692.07920792	-0.01900716
-692.04620462	-0.02156253
-692.01320132	-0.02437140
-691.98019802	-0.02687134
-691.94719472	-0.02835967
-691.91419142	-0.02815511
-691.88118812	-0.02576882
-691.84818482	-0.02101114
-691.81518152	-0.01369001
-691.78217822	-0.00381867
-691.74917492	0.00789553
-691.71617162	0.02041248
-691.68316832	0.03258431
-691.65016502	0.04310250
-691.61716172	0.05073375
-691.58415842	0.05479426
-691.55115512	0.05484489
-691.51815182	0.05092726
-691.48514851	0.04358697
-691.45214521	0.03377192
-691.41914191	0.02253806
-691.38613861	0.01111195
-691.35313531	0.00086516
-691.32013201	-0.00703856
-691.28712871	-0.01169289
-691.25412541	-0.01298032
-691.22112211	-0.01135354
-691.18811881	-0.00786854
-691.15511551	-0.00357393
-691.12211221	0.00047955
-691.08910891	0.00397310
-691.05610561	0.00689995
-691.02310231	0.00932070
-690.99009901	0.01161068
-690.95709571	0.01397467
-690.92409241	0.01614374
-690.89108911	0.01798615
-690.85808581	0.01958552
-690.82508251	0.02077029
-690.79207921	0.02148423
-690.75907591	0.02196538
-690.72607261	0.02191055
-690.69306931	0.02054084
-690.66006601	0.01715331
-690.62706271	0.01128166
-690.59405941	0.00281214
-690.56105611	-0.00755463
-690.52805281	-0.01828743
-690.49504950	-0.02771415
-690.46204620	-0.03418217
-690.42904290	-0.03674509
-690.39603960	-0.03530049
-690.36303630	-0.03056634
-690.33003300	-0.02345025
-690.29702970	-0.01500166
-690.26402640	-0.00609788
-690.23102310	0.00232148
-690.19801980	0.00912751
-690.16501650	0.01331551
-690.13201320	0.01402654
-690.09900990	0.01102779
-690.06600660	0.00492070
-690.03300330	-0.00320503
-690.00000000	-0.01175902
-689.96699670	-0.01904854
-689.93399340	-0.02424014
-689.90099010	-0.02648749
-689.86798680	-0.02527594
-689.83498350	-0.02105084
-689.80198020	-0.01440826
-689.76897690	-0.00634701
-689.73597360	0.00158263
-689.70297030	0.00787760
-689.66996700	0.01113298
-689.63696370	0.01054320
-689.60396040	0.00637250
-689.57095710	-0.00035705
-689.53795380	-0.00799556
-689.50495050	-0.01470679
-689.47194719	-0.01922856
-689.43894389	-0.02076109
-689.40594059	-0.01950812
-689.37293729	-0.01573787
-689.33993399	-0.01008635
-689.30693069	-0.00328766
-689.27392739	0.00381221
-689.24092409	0.01049100
-689.20792079	0.01577975
-689.17491749	0.01895323
-689.14191419	0.01962142
-689.10891089	0.01812312
-689.07590759	0.01481519
-689.04290429	0.01043945
-689.00990099	0.00594617
-688.97689769	0.00186553
-688.94389439	-0.00134005
-688.91089109	-0.00337215
-688.87788779	-0.00399648
-688.84488449	-0.00337865
-688.81188119	-0.00190686
-688.77887789	-0.00013497
-688.74587459	0.00117081
-688.71287129	0.00133292
-688.67986799	-0.00004378
-688.64686469	-0.00288386
-688.61386139	-0.00674600
-688.58085809	-0.01096400
-688.54785479	-0.01499691
-688.51485149	-0.01823894
-688.48184818	-0.02056954
-688.44884488	-0.02204400
-688.41584158	-0.02286232
-688.38283828	-0.02361936
-688.34983498	-0.02458040
-688.31683168	-0.02572215
-688.28382838	-0.02695884
-688.25082508	-0.02767266
-688.21782178	-0.02691518
-688.18481848	-0.02361831
-688.15181518	-0.01740499
-688.11881188	-0.00853996
-688.08580858	0.00213793
-688.05280528	0.01308123
-688.01980198	0.02245952
-687.98679868	0.02919879
-687.95379538	0.03284344
-687.92079208	0.03325717
-687.88778878	0.03100497
-687.85478548	0.02672480
-687.82178218	0.02116278
-687.78877888	0.01464606
-687.75577558	0.00772607
-687.72277228	0.00101122
-687.68976898	-0.00510932
-687.65676568	-0.01014705
-687.62376238	-0.01340421
-687.59075908	-0.01462881
-687.55775578	-0.01358904
-687.52475248	-0.01025903
-687.49174917	-0.00494469
-687.45874587	0.00152229
-687.42574257	0.00813560
-687.39273927	0.01345971
-687.35973597	0.01665626
-687.32673267	0.01751346
-687.29372937	0.01625607
-687.26072607	0.01347028
-687.22772277	0.00974939
-687.19471947	0.00578013
-687.16171617	0.00193065
-687.12871287	-0.00158827
-687.09570957	-0.00458707
-687.06270627	-0.00744561
-687.02970297	-0.01044244
-686.99669967	-0.01367141
-686.96369637	-0.01706286
-686.93069307	-0.02025370
-686.89768977	-0.02284789
-686.86468647	-0.02439636
-686.83168317	-0.02479876
-686.79867987	-0.02408901
-686.76567657	-0.02238635
-686.73267327	-0.01990028
-686.69966997	-0.01694015
-686.66666667	-0.01360986
-686.63366337	-0.01038602
-686.60066007	-0.00779662
-686.56765677	-0.00641017
-686.53465347	-0.00646976
-686.50165017	-0.00777836
-686.46864686	-0.00996402
-686.43564356	-0.01235594
-686.40264026	-0.01450826
-686.36963696	-0.01601339
-686.33663366	-0.01676763
-686.30363036	-0.01654703
-686.27062706	-0.01475336
-686.23762376	-0.01106020
-686.20462046	-0.00549537
-686.17161716	0.00170613
-686.13861386	0.00953889
-686.10561056	0.01655470
-686.07260726	0.02164074
-686.03960396	0.02424461
-686.00660066	0.02450029
-685.97359736	0.02294782
-685.94059406	0.02010617
-685.90759076	0.01663062
-685.87458746	0.01282499
-685.84158416	0.00884600
-685.80858086	0.00534764
-685.77557756	0.00302043
-685.74257426	0.00219402
-685.70957096	0.00285213
-685.67656766	0.00477640
-685.64356436	0.00755419
-685.61056106	0.01067141
-685.57755776	0.01377497
-685.54455446	0.01683152
-685.51155116	0.01990462
-685.47854785	0.02274981
-685.44554455	0.02511051
-685.41254125	0.02671847
-685.37953795	0.02747265
-685.34653465	0.02751606
-685.31353135	0.02740444
-685.28052805	0.02756312
-685.24752475	0.02854893
-685.21452145	0.03029736
-685.18151815	0.03280171
-685.14851485	0.03552648
-685.11551155	0.03799944
-685.08250825	0.03981604
-685.04950495	0.04051523
-685.01650165	0.03972127
-684.98349835	0.03721468
-684.95049505	0.03279798
-684.91749175	0.02689801
-684.88448845	0.01995781
-684.85148515	0.01266667
-684.81848185	0.00604084
-684.78547855	0.00080657
-684.75247525	-0.00240872
-684.71947195	-0.00368337
-684.68646865	-0.00328126
-684.65346535	-0.00177399
-684.62046205	0.00007201
-684.58745875	0.00196752
-684.55445545	0.00378868
-684.52145215	0.00541223
-684.48844884	0.00671614
-684.45544554	0.00758233
-684.42244224	0.00773517
-684.38943894	0.00693559
-684.35643564	0.00510461
-684.32343234	0.00230933
-684.29042904	-0.00113417
-684.25742574	-0.00505216
-684.22442244	-0.00908970
-684.19141914	-0.01279395
-684.15841584	-0.01617984
-684.12541254	-0.01916267
-684.09240924	-0.02167856
-684.05940594	-0.02328439
-684.02640264	-0.02341741
-683.99339934	-0.02156639
-683.96039604	-0.01727414
-683.92739274	-0.01090554
-683.89438944	-0.00356552
-683.86138614	0.00361969
-683.82838284	0.00881463
-683.79537954	0.01072272
-683.76237624	0.00863543
-683.72937294	0.00255018
-683.69636964	-0.00684836
-683.66336634	-0.01825591
-683.63036304	-0.03005650
-683.59735974	-0.04060444
-683.56435644	-0.04881281
-683.53135314	-0.05365022
-683.49834983	-0.05449850
-683.46534653	-0.05153246
-683.43234323	-0.04507448
-683.39933993	-0.03617374
-683.36633663	-0.02637975
-683.33333333	-0.01752412
-683.30033003	-0.01144797
-683.26732673	-0.00937574
-683.23432343	-0.01160434
-683.20132013	-0.01757414
-683.16831683	-0.02578342
-683.13531353	-0.03431326
-683.10231023	-0.04120633
-683.06930693	-0.04507994
-683.03630363	-0.04539662
-683.00330033	-0.04231529
-682.97029703	-0.03647514
-682.93729373	-0.02918433
-682.90429043	-0.02155576
-682.87128713	-0.01474104
-682.83828383	-0.01009990
-682.80528053	-0.00875119
-682.77227723	-0.01094708
-682.73927393	-0.01678262
-682.70627063	-0.02501666
-682.67326733	-0.03340254
-682.64026403	-0.03998778
-682.60726073	-0.04333739
-682.57425743	-0.04274235
-682.54125413	-0.03846049
-682.50825083	-0.03127493
-682.47524752	-0.02190934
-682.44224422	-0.01151722
-682.40924092	-0.00089993
-682.37623762	0.00908533
-682.34323432	0.01745001
-682.31023102	0.02355125
-682.27722772	0.02712097
-682.24422442	0.02850989
-682.21122112	0.02824809
-682.17821782	0.02685407
-682.14521452	0.02441398
-682.11221122	0.02102715
-682.07920792	0.01641840
-682.04620462	0.01049377
-682.01320132	0.00365319
-681.98019802	-0.00376112
-681.94719472	-0.01125850
-681.91419142	-0.01774076
-681.88118812	-0.02266754
-681.84818482	-0.02531564
-681.81518152	-0.02523830
-681.78217822	-0.02224291
-681.74917492	-0.01644475
-681.71617162	-0.00882320
-681.68316832	-0.00046472
-681.65016502	0.00753399
-681.61716172	0.01392264
-681.58415842	0.01801084
-681.55115512	0.01993751
-681.51815182	0.01991449
-681.48514851	0.01832579
-681.45214521	0.01565252
-681.41914191	0.01227175
-681.38613861	0.00850461
-681.35313531	0.00488285
-681.32013201	0.00209135
-681.28712871	0.00105793
-681.25412541	0.00216506
-681.22112211	0.00547968
-681.18811881	0.01041930
-681.15511551	0.01582906
-681.12211221	0.02028228
-681.08910891	0.02276793
-681.05610561	0.02261596
-681.02310231	0.02013555
-680.99009901	0.01600600
-680.95709571	0.01154170
-680.92409241	0.00797018
-680.89108911	0.00603307
-680.85808581	0.00600981
-680.82508251	0.00737916
-680.79207921	0.00934635
-680.75907591	0.01142826
-680.72607261	0.01297337
-680.69306931	0.01384937
-680.66006601	0.01408597
-680.62706271	0.01398641
-680.59405941	0.01413763
-680.56105611	0.01467488
-680.52805281	0.01620658
-680.49504950	0.01860556
-680.46204620	0.02138682
-680.42904290	0.02396784
-680.39603960	0.02526982
-680.36303630	0.02470475
-680.33003300	0.02207879
-680.29702970	0.01756488
-680.26402640	0.01176233
-680.23102310	0.00546602
-680.19801980	-0.00090754
-680.16501650	-0.00715331
-680.13201320	-0.01309953
-680.09900990	-0.01849733
-680.06600660	-0.02301354
-680.03300330	-0.02644003
-680.00000000	-0.02813641
-679.96699670	-0.02782447
-679.93399340	-0.02549285
-679.90099010	-0.02105657
-679.86798680	-0.01459560
-679.83498350	-0.00681076
-679.80198020	0.00173171
-679.76897690	0.01004186
-679.73597360	0.01729986
-679.70297030	0.02271982
-679.66996700	0.02577546
-679.63696370	0.02650575
-679.60396040	0.02532438
-679.57095710	0.02231286
-679.53795380	0.01789741
-679.50495050	0.01228057
-679.47194719	0.00552846
-679.43894389	-0.00175216
-679.40594059	-0.00914309
-679.37293729	-0.01556947
-679.33993399	-0.02032535
-679.30693069	-0.02313087
-679.27392739	-0.02415239
-679.24092409	-0.02376032
-679.20792079	-0.02262294
-679.17491749	-0.02131199
-679.14191419	-0.01995507
-679.10891089	-0.01841661
-679.07590759	-0.01612177
-679.04290429	-0.01291214
-679.00990099	-0.00863393
-678.97689769	-0.00333977
-678.94389439	0.00272151
-678.91089109	0.00930966
-678.87788779	0.01613713
-678.84488449	0.02276483
-678.81188119	0.02856974
-678.77887789	0.03292520
-678.74587459	0.03530344
-678.71287129	0.03552931
-678.67986799	0.03363301
-678.64686469	0.03013939
-678.61386139	0.02535691
-678.58085809	0.01918629
-678.54785479	0.01201365
-678.51485149	0.00386121
-678.48184818	-0.00501078
-678.44884488	-0.01384519
-678.41584158	-0.02221765
-678.38283828	-0.02936795
-678.34983498	-0.03485345
-678.31683168	-0.03824145
-678.28382838	-0.03930806
-678.25082508	-0.03780655
-678.21782178	-0.03366959
-678.18481848	-0.02710989
-678.15181518	-0.01840618
-678.11881188	-0.00852160
-678.08580858	0.00152677
-678.05280528	0.01053054
-678.01980198	0.01765058
-677.98679868	0.02251481
-677.95379538	0.02446788
-677.92079208	0.02355597
-677.88778878	0.02016282
-677.85478548	0.01432321
-677.82178218	0.00637751
-677.78877888	-0.00299241
-677.75577558	-0.01282844
-677.72277228	-0.02188255
-677.68976898	-0.02897263
-677.65676568	-0.03320884
-677.62376238	-0.03401566
-677.59075908	-0.03164630
-677.55775578	-0.02715032
-677.52475248	-0.02135691
-677.49174917	-0.01539579
-677.45874587	-0.00996301
-677.42574257	-0.00539420
-677.39273927	-0.00158735
-677.35973597	0.00187593
-677.32673267	0.00484936
-677.29372937	0.00751347
-677.26072607	0.01011660
-677.22772277	0.01250576
-677.19471947	0.01485806
-677.16171617	0.01793022
-677.12871287	0.02148677
-677.09570957	0.02556968
-677.06270627	0.02952494
-677.02970297	0.03250098
-676.99669967	0.03422782
-676.96369637	0.03420064
-676.93069307	0.03247469
-676.89768977	0.02939033
-676.86468647	0.02549177
-676.83168317	0.02103357
-676.79867987	0.01638715
-676.76567657	0.01167180
-676.73267327	0.00688332
-676.69966997	0.00196906
-676.66666667	-0.00341345
-676.63366337	-0.00909483
-676.60066007	-0.01477925
-676.56765677	-0.02024268
-676.53465347	-0.02465584
-676.50165017	-0.02754919
-676.46864686	-0.02857913
-676.43564356	-0.02761287
-676.40264026	-0.02497517
-676.36963696	-0.02105256
-676.33663366	-0.01605079
-676.30363036	-0.01016793
-676.27062706	-0.00355922
-676.23762376	0.00300097
-676.20462046	0.00866537
-676.17161716	0.01251413
-676.13861386	0.01368465
-676.10561056	0.01212143
-676.07260726	0.00860764
-676.03960396	0.00415017
-676.00660066	0.00000922
-675.97359736	-0.00309239
-675.94059406	-0.00470575
-675.90759076	-0.00498231
-675.87458746	-0.00468169
-675.84158416	-0.00411572
-675.80858086	-0.00360876
-675.77557756	-0.00344513
-675.74257426	-0.00375237
-675.70957096	-0.00468032
-675.67656766	-0.00631068
-675.64356436	-0.00829671
-675.61056106	-0.01021280
-675.57755776	-0.01152665
-675.54455446	-0.01170610
-675.51155116	-0.01015226
-675.47854785	-0.00693842
-675.44554455	-0.00239075
-675.41254125	0.00278290
-675.37953795	0.00794055
-675.34653465	0.01264435
-675.31353135	0.01660387
-675.28052805	0.01957930
-675.24752475	0.02137442
-675.21452145	0.02166426
-675.18151815	0.02013713
-675.14851485	0.01678058
-675.11551155	0.01158734
-675.08250825	0.00512901
-675.04950495	-0.00194178
-675.01650165	-0.00873962
-674.98349835	-0.01451012
-674.95049505	-0.01880696
-674.91749175	-0.02152260
-674.88448845	-0.02277395
-674.85148515	-0.02296567
-674.81848185	-0.02261057
-674.78547855	-0.02187288
-674.75247525	-0.02101333
-674.71947195	-0.01998584
-674.68646865	-0.01872208
-674.65346535	-0.01664505
-674.62046205	-0.01344341
-674.58745875	-0.00902679
-674.55445545	-0.00377697
-674.52145215	0.00160908
-674.48844884	0.00594745
-674.45544554	0.00810605
-674.42244224	0.00798464
-674.38943894	0.00525663
-674.35643564	0.00039382
-674.32343234	-0.00564352
-674.29042904	-0.01185994
-674.25742574	-0.01727742
-674.22442244	-0.02148518
-674.19141914	-0.02370105
-674.15841584	-0.02384894
-674.12541254	-0.02190771
-674.09240924	-0.01768102
-674.05940594	-0.01162395
-674.02640264	-0.00409391
-673.99339934	0.00379695
-673.96039604	0.01101530
-673.92739274	0.01626689
-673.89438944	0.01857672
-673.86138614	0.01788523
-673.82838284	0.01459336
-673.79537954	0.00937555
-673.76237624	0.00366128
-673.72937294	-0.00132139
-673.69636964	-0.00461538
-673.66336634	-0.00571954
-673.63036304	-0.00432435
-673.59735974	-0.00143912
-673.56435644	0.00235279
-673.53135314	0.00583240
-673.49834983	0.00800343
-673.46534653	0.00859342
-673.43234323	0.00761182
-673.39933993	0.00553613
-673.36633663	0.00313889
-673.33333333	0.00078880
-673.30033003	-0.00112959
-673.26732673	-0.00239124
-673.23432343	-0.00342030
-673.20132013	-0.00416509
-673.16831683	-0.00488729
-673.13531353	-0.00583337
-673.10231023	-0.00699417
-673.06930693	-0.00853086
-673.03630363	-0.01024798
-673.00330033	-0.01218408
-672.97029703	-0.01402841
-672.93729373	-0.01550578
-672.90429043	-0.01648286
-672.87128713	-0.01682569
-672.83828383	-0.01675589
-672.80528053	-0.01669815
-672.77227723	-0.01679664
-672.73927393	-0.01709412
-672.70627063	-0.01740894
-672.67326733	-0.01752539
-672.64026403	-0.01707839
-672.60726073	-0.01604395
-672.57425743	-0.01421293
-672.54125413	-0.01189303
-672.50825083	-0.00913138
-672.47524752	-0.00609620
-672.44224422	-0.00309500
-672.40924092	-0.00010248
-672.37623762	0.00282474
-672.34323432	0.00543149
-672.31023102	0.00794465
-672.27722772	0.01026704
-672.24422442	0.01225890
-672.21122112	0.01373637
-672.17821782	0.01447277
-672.14521452	0.01409680
-672.11221122	0.01259365
-672.07920792	0.00989115
-672.04620462	0.00611240
-672.01320132	0.00173393
-671.98019802	-0.00286761
-671.94719472	-0.00700332
-671.91419142	-0.01018058
-671.88118812	-0.01196911
-671.84818482	-0.01215344
-671.81518152	-0.01086134
-671.78217822	-0.00828312
-671.74917492	-0.00477370
-671.71617162	-0.00107033
-671.68316832	0.00238657
-671.65016502	0.00516733
-671.61716172	0.00685753
-671.58415842	0.00738454
-671.55115512	0.00672291
-671.51815182	0.00514334
-671.48514851	0.00278111
-671.45214521	0.00003519
-671.41914191	-0.00319110
-671.38613861	-0.00652753
-671.35313531	-0.00994067
-671.32013201	-0.01322406
-671.28712871	-0.01618911
-671.25412541	-0.01825522
-671.22112211	-0.01932615
-671.18811881	-0.01925410
-671.15511551	-0.01820308
-671.12211221	-0.01626694
-671.08910891	-0.01388988
-671.05610561	-0.01138454
-671.02310231	-0.00902436
-670.99009901	-0.00726027
-670.95709571	-0.00633169
-670.92409241	-0.00646738
-670.89108911	-0.00765893
-670.85808581	-0.00965167
-670.82508251	-0.01183283
-670.79207921	-0.01382197
-670.75907591	-0.01487922
-670.72607261	-0.01468915
-670.69306931	-0.01296907
-670.66006601	-0.00966701
-670.62706271	-0.00508598
-670.59405941	0.00042742
-670.56105611	0.00659227
-670.52805281	0.01308385
-670.49504950	0.01938107
-670.46204620	0.02519263
-670.42904290	0.02992589
-670.39603960	0.03343824
-670.36303630	0.03535080
-670.33003300	0.03530978
-670.29702970	0.03350878
-670.26402640	0.02996365
-670.23102310	0.02492294
-670.19801980	0.01848126
-670.16501650	0.01123455
-670.13201320	0.00373481
-670.09900990	-0.00314686
-670.06600660	-0.00859068
-670.03300330	-0.01168265
-670.00000000	-0.01215230
