# Menlo Systems GmbH ScanControl
# Program Version 1.14.3
# Start: -730.00000000 ps, Average over 3000 waveforms. Timestamp: 2025-11-12T16:13:00
# User time axis shift: 0 ps
# Time axis offset: 0 ps
# Time [ps]	THz Signal [a.u.]
-730.00000000	0.00080954
-729.96699670	0.00067108
-729.93399340	0.00036753
-729.90099010	0.00015689
-729.86798680	-0.00015792
-729.83498350	-0.00039023
-729.80198020	-0.00055917
-729.76897690	-0.00052585
-729.73597360	-0.00048247
-729.70297030	-0.00028395
-729.66996700	-0.00001545
-729.63696370	0.00023181
-729.60396040	0.00045779
-729.57095710	0.00070777
-729.53795380	0.00088452
-729.50495050	0.00099098
-729.47194719	0.00107224
-729.43894389	0.00103624
-729.40594059	0.00098562
-729.37293729	0.00081875
-729.33993399	0.00055255
-729.30693069	0.00034670
-729.27392739	0.00007372
-729.24092409	-0.00026289
-729.20792079	-0.00054686
-729.17491749	-0.00080839
-729.14191419	-0.00112571
-729.10891089	-0.00137942
-729.07590759	-0.00167039
-729.04290429	-0.00195504
-729.00990099	-0.00223960
-728.97689769	-0.00261916
-728.94389439	-0.00306492
-728.91089109	-0.00365706
-728.87788779	-0.00432171
-728.84488449	-0.00521775
-728.81188119	-0.00621386
-728.77887789	-0.00738991
-728.74587459	-0.00851475
-728.71287129	-0.00962711
-728.67986799	-0.01051713
-728.64686469	-0.01124130
-728.61386139	-0.01152380
-728.58085809	-0.01143825
-728.54785479	-0.01082981
-728.51485149	-0.00979736
-728.48184818	-0.00843120
-728.44884488	-0.00686706
-728.41584158	-0.00516305
-728.38283828	-0.00355487
-728.34983498	-0.00213425
-728.31683168	-0.00106853
-728.28382838	-0.00039014
-728.25082508	0.00010129
-728.21782178	0.00016886
-728.18481848	0.00007440
-728.15181518	-0.00017938
-728.11881188	-0.00045918
-728.08580858	-0.00077470
-728.05280528	-0.00094020
-728.01980198	-0.00102784
-727.98679868	-0.00102841
-727.95379538	-0.00082959
-727.92079208	-0.00067382
-727.88778878	-0.00048312
-727.85478548	-0.00043702
-727.82178218	-0.00048785
-727.78877888	-0.00069931
-727.75577558	-0.00120644
-727.72277228	-0.00175181
-727.68976898	-0.00248635
-727.65676568	-0.00332885
-727.62376238	-0.00423917
-727.59075908	-0.00509958
-727.55775578	-0.00594990
-727.52475248	-0.00675852
-727.49174917	-0.00753777
-727.45874587	-0.00836053
-727.42574257	-0.00907392
-727.39273927	-0.00978108
-727.35973597	-0.01061777
-727.32673267	-0.01159221
-727.29372937	-0.01269798
-727.26072607	-0.01406022
-727.22772277	-0.01568994
-727.19471947	-0.01762187
-727.16171617	-0.01970657
-727.12871287	-0.02187833
-727.09570957	-0.02406548
-727.06270627	-0.02597213
-727.02970297	-0.02732867
-726.99669967	-0.02805131
-726.96369637	-0.02788850
-726.93069307	-0.02670744
-726.89768977	-0.02448581
-726.86468647	-0.02139225
-726.83168317	-0.01755031
-726.79867987	-0.01342450
-726.76567657	-0.00923261
-726.73267327	-0.00528338
-726.69966997	-0.00182556
-726.66666667	0.00095123
-726.63366337	0.00293243
-726.60066007	0.00420386
-726.56765677	0.00479919
-726.53465347	0.00490962
-726.50165017	0.00468031
-726.46864686	0.00423214
-726.43564356	0.00368171
-726.40264026	0.00312404
-726.36963696	0.00258396
-726.33663366	0.00208032
-726.30363036	0.00166660
-726.27062706	0.00116504
-726.23762376	0.00069384
-726.20462046	0.00014130
-726.17161716	-0.00042585
-726.13861386	-0.00105201
-726.10561056	-0.00155010
-726.07260726	-0.00186537
-726.03960396	-0.00191096
-726.00660066	-0.00168521
-725.97359736	-0.00106532
-725.94059406	-0.00013255
-725.90759076	0.00104586
-725.87458746	0.00256084
-725.84158416	0.00413840
-725.80858086	0.00582201
-725.77557756	0.00753366
-725.74257426	0.00950988
-725.70957096	0.01177596
-725.67656766	0.01432879
-725.64356436	0.01727103
-725.61056106	0.02079954
-725.57755776	0.02500937
-725.54455446	0.02988558
-725.51155116	0.03564512
-725.47854785	0.04235335
-725.44554455	0.05005586
-725.41254125	0.05882360
-725.37953795	0.06849213
-725.34653465	0.07889677
-725.31353135	0.08986139
-725.28052805	0.10117031
-725.24752475	0.11251870
-725.21452145	0.12394362
-725.18151815	0.13508942
-725.14851485	0.14599077
-725.11551155	0.15679199
-725.08250825	0.16761799
-725.04950495	0.17876678
-725.01650165	0.19076261
-724.98349835	0.20393630
-724.95049505	0.21882321
-724.91749175	0.23601363
-724.88448845	0.25614206
-724.85148515	0.27951206
-724.81848185	0.30687055
-724.78547855	0.33814352
-724.75247525	0.37335238
-724.71947195	0.41191505
-724.68646865	0.45271559
-724.65346535	0.49474538
-724.62046205	0.53640376
-724.58745875	0.57607866
-724.55445545	0.61166005
-724.52145215	0.64096574
-724.48844884	0.66106626
-724.45544554	0.66962664
-724.42244224	0.66456948
-724.38943894	0.64421190
-724.35643564	0.60768148
-724.32343234	0.55485502
-724.29042904	0.48671441
-724.25742574	0.40521412
-724.22442244	0.31350477
-724.19141914	0.21507175
-724.15841584	0.11308619
-724.12541254	0.01024880
-724.09240924	-0.09159084
-724.05940594	-0.19204649
-724.02640264	-0.29262332
-723.99339934	-0.39676087
-723.96039604	-0.50947797
-723.92739274	-0.63752939
-723.89438944	-0.78799111
-723.86138614	-0.96716126
-723.82838284	-1.17905277
-723.79537954	-1.42363064
-723.76237624	-1.69644035
-723.72937294	-1.98685079
-723.69636964	-2.27767342
-723.66336634	-2.54594370
-723.63036304	-2.76501311
-723.59735974	-2.90728190
-723.56435644	-2.94983986
-723.53135314	-2.87828965
-723.49834983	-2.68823034
-723.46534653	-2.38402534
-723.43234323	-1.97941040
-723.39933993	-1.49874951
-723.36633663	-0.97443840
-723.33333333	-0.44167819
-723.30033003	0.06697801
-723.26732673	0.52782350
-723.23432343	0.92562598
-723.20132013	1.25194175
-723.16831683	1.50275012
-723.13531353	1.67891345
-723.10231023	1.78545955
-723.06930693	1.83134940
-723.03630363	1.82781305
-723.00330033	1.78663453
-722.97029703	1.71780511
-722.93729373	1.62923005
-722.90429043	1.52583383
-722.87128713	1.40997170
-722.83828383	1.28279655
-722.80528053	1.14571403
-722.77227723	1.00242838
-722.73927393	0.85874880
-722.70627063	0.72233917
-722.67326733	0.60074790
-722.64026403	0.49956531
-722.60726073	0.42080320
-722.57425743	0.36277662
-722.54125413	0.32095535
-722.50825083	0.28966601
-722.47524752	0.26224887
-722.44224422	0.23284541
-722.40924092	0.19728643
-722.37623762	0.15278168
-722.34323432	0.09868181
-722.31023102	0.03551362
-722.27722772	-0.03523530
-722.24422442	-0.11061683
-722.21122112	-0.18545741
-722.17821782	-0.25312836
-722.14521452	-0.30538693
-722.11221122	-0.33389623
-722.07920792	-0.33134982
-722.04620462	-0.29351507
-722.01320132	-0.22024514
-721.98019802	-0.11704488
-721.94719472	0.00620626
-721.91419142	0.13624302
-721.88118812	0.25889564
-721.84818482	0.36174124
-721.81518152	0.43484530
-721.78217822	0.47181791
-721.74917492	0.46963583
-721.71617162	0.42802062
-721.68316832	0.34903844
-721.65016502	0.23801847
-721.61716172	0.10378321
-721.58415842	-0.04103869
-721.55115512	-0.18091719
-721.51815182	-0.29977324
-721.48514851	-0.38483029
-721.45214521	-0.42829623
-721.41914191	-0.42901058
-721.38613861	-0.39183221
-721.35313531	-0.32627627
-721.32013201	-0.24466955
-721.28712871	-0.15992373
-721.25412541	-0.08237651
-721.22112211	-0.01867746
-721.18811881	0.02875410
-721.15511551	0.06091766
-721.12211221	0.08006688
-721.08910891	0.08859448
-721.05610561	0.08828312
-721.02310231	0.08035559
-720.99009901	0.06633205
-720.95709571	0.04812569
-720.92409241	0.02858162
-720.89108911	0.01015399
-720.85808581	-0.00546832
-720.82508251	-0.01823072
-720.79207921	-0.02919257
-720.75907591	-0.03931387
-720.72607261	-0.04905638
-720.69306931	-0.05750001
-720.66006601	-0.06375061
-720.62706271	-0.06726581
-720.59405941	-0.06895010
-720.56105611	-0.07119963
-720.52805281	-0.07625634
-720.49504950	-0.08569903
-720.46204620	-0.09971238
-720.42904290	-0.11649544
-720.39603960	-0.13312381
-720.36303630	-0.14518925
-720.33003300	-0.14837905
-720.29702970	-0.13874135
-720.26402640	-0.11466035
-720.23102310	-0.07626149
-720.19801980	-0.02603263
-720.16501650	0.03273654
-720.13201320	0.09627217
-720.09900990	0.16073177
-720.06600660	0.22217256
-720.03300330	0.27662064
-720.00000000	0.31953774
-719.96699670	0.34610128
-719.93399340	0.35138911
-719.90099010	0.33082829
-719.86798680	0.28218880
-719.83498350	0.20645540
-719.80198020	0.10965489
-719.76897690	0.00141569
-719.73597360	-0.10616669
-719.70297030	-0.20171354
-719.66996700	-0.27624118
-719.63696370	-0.32433280
-719.60396040	-0.34367486
-719.57095710	-0.33416803
-719.53795380	-0.29790054
-719.50495050	-0.23905257
-719.47194719	-0.16494967
-719.43894389	-0.08505657
-719.40594059	-0.01074351
-719.37293729	0.04785126
-719.33993399	0.08364663
-719.30693069	0.09385844
-719.27392739	0.08000051
-719.24092409	0.04689594
-719.20792079	0.00082132
-719.17491749	-0.05176677
-719.14191419	-0.10441312
-719.10891089	-0.15121777
-719.07590759	-0.18762554
-719.04290429	-0.21115480
-719.00990099	-0.22152763
-718.97689769	-0.22069075
-718.94389439	-0.21135023
-718.91089109	-0.19559003
-718.87788779	-0.17462044
-718.84488449	-0.14841584
-718.81188119	-0.11697315
-718.77887789	-0.08076384
-718.74587459	-0.04097389
-718.71287129	0.00060394
-718.67986799	0.04235974
-718.64686469	0.08225943
-718.61386139	0.11825079
-718.58085809	0.14764269
-718.54785479	0.16728591
-718.51485149	0.17439956
-718.48184818	0.16799230
-718.44884488	0.14970251
-718.41584158	0.12452301
-718.38283828	0.10001991
-718.34983498	0.08304111
-718.31683168	0.07826040
-718.28382838	0.08570853
-718.25082508	0.09992843
-718.21782178	0.11341406
-718.18481848	0.11893652
-718.15181518	0.11287357
-718.11881188	0.09606554
-718.08580858	0.07246902
-718.05280528	0.04737349
-718.01980198	0.02421594
-717.98679868	0.00516522
-717.95379538	-0.00923096
-717.92079208	-0.01948979
-717.88778878	-0.02637542
-717.85478548	-0.03156930
-717.82178218	-0.03737627
-717.78877888	-0.04672549
-717.75577558	-0.06186353
-717.72277228	-0.08328763
-717.68976898	-0.10961821
-717.65676568	-0.13710753
-717.62376238	-0.16147594
-717.59075908	-0.17947895
-717.55775578	-0.18902200
-717.52475248	-0.19024445
-717.49174917	-0.18340754
-717.45874587	-0.16903567
-717.42574257	-0.14683740
-717.39273927	-0.11705488
-717.35973597	-0.08076688
-717.32673267	-0.04080585
-717.29372937	-0.00082257
-717.26072607	0.03558956
-717.22772277	0.06560030
-717.19471947	0.08775614
-717.16171617	0.10135881
-717.12871287	0.10661866
-717.09570957	0.10388933
-717.06270627	0.09388574
-717.02970297	0.07758243
-716.99669967	0.05633054
-716.96369637	0.03218688
-716.93069307	0.00797198
-716.89768977	-0.01258314
-716.86468647	-0.02532574
-716.83168317	-0.02664710
-716.79867987	-0.01521761
-716.76567657	0.00702033
-716.73267327	0.03459804
-716.69966997	0.06078466
-716.66666667	0.07884602
-716.63366337	0.08594984
-716.60066007	0.08325974
-716.56765677	0.07547998
-716.53465347	0.06852578
-716.50165017	0.06655222
-716.46864686	0.07057115
-716.43564356	0.07871600
-716.40264026	0.08745141
-716.36963696	0.09350190
-716.33663366	0.09485038
-716.30363036	0.09114174
-716.27062706	0.08244804
-716.23762376	0.06936764
-716.20462046	0.05157567
-716.17161716	0.02923742
-716.13861386	0.00249593
-716.10561056	-0.02735325
-716.07260726	-0.05822956
-716.03960396	-0.08770201
-716.00660066	-0.11381002
-715.97359736	-0.13505008
-715.94059406	-0.15077334
-715.90759076	-0.16034206
-715.87458746	-0.16270935
-715.84158416	-0.15728564
-715.80858086	-0.14376643
-715.77557756	-0.12356711
-715.74257426	-0.09988119
-715.70957096	-0.07658401
-715.67656766	-0.05774986
-715.64356436	-0.04512571
-715.61056106	-0.03888710
-715.57755776	-0.03737432
-715.54455446	-0.03884648
-715.51155116	-0.04149614
-715.47854785	-0.04444723
-715.44554455	-0.04633502
-715.41254125	-0.04593197
-715.37953795	-0.04135265
-715.34653465	-0.03115857
-715.31353135	-0.01474624
-715.28052805	0.00684622
-715.24752475	0.03139905
-715.21452145	0.05533169
-715.18151815	0.07519804
-715.14851485	0.08810151
-715.11551155	0.09271060
-715.08250825	0.08890703
-715.04950495	0.07782488
-715.01650165	0.06128233
-714.98349835	0.04184730
-714.95049505	0.02261372
-714.91749175	0.00690385
-714.88448845	-0.00299118
-714.85148515	-0.00613781
-714.81848185	-0.00323457
-714.78547855	0.00416994
-714.75247525	0.01469931
-714.71947195	0.02747256
-714.68646865	0.04184771
-714.65346535	0.05669916
-714.62046205	0.07102950
-714.58745875	0.08376848
-714.55445545	0.09469877
-714.52145215	0.10487663
-714.48844884	0.11600870
-714.45544554	0.12969219
-714.42244224	0.14616085
-714.38943894	0.16347407
-714.35643564	0.17708842
-714.32343234	0.18147937
-714.29042904	0.17082261
-714.25742574	0.14258292
-714.22442244	0.09701284
-714.19141914	0.03824830
-714.15841584	-0.02730342
-714.12541254	-0.09277235
-714.09240924	-0.15154144
-714.05940594	-0.19802153
-714.02640264	-0.22862868
-713.99339934	-0.24157226
-713.96039604	-0.23747219
-713.92739274	-0.21888777
-713.89438944	-0.18998089
-713.86138614	-0.15597767
-713.82838284	-0.12220224
-713.79537954	-0.09308256
-713.76237624	-0.07186433
-713.72937294	-0.05939992
-713.69636964	-0.05445641
-713.66336634	-0.05366683
-713.63036304	-0.05295472
-713.59735974	-0.04835898
-713.56435644	-0.03752320
-713.53135314	-0.02068519
-713.49834983	-0.00017891
-713.46534653	0.02032667
-713.43234323	0.03686413
-713.39933993	0.04663746
-713.36633663	0.04833526
-713.33333333	0.04287346
-713.30033003	0.03284245
-713.26732673	0.02225727
-713.23432343	0.01472106
-713.20132013	0.01328006
-713.16831683	0.01824305
-713.13531353	0.02785013
-713.10231023	0.03899864
-713.06930693	0.04810051
-713.03630363	0.05291692
-713.00330033	0.05330720
-712.97029703	0.05039873
-712.93729373	0.04705919
-712.90429043	0.04542702
-712.87128713	0.04680689
-712.83828383	0.05063758
-712.80528053	0.05566584
-712.77227723	0.05974700
-712.73927393	0.06162922
-712.70627063	0.06047708
-712.67326733	0.05623982
-712.64026403	0.04948910
-712.60726073	0.04082639
-712.57425743	0.03160969
-712.54125413	0.02285482
-712.50825083	0.01514512
-712.47524752	0.00877142
-712.44224422	0.00276274
-712.40924092	-0.00419821
-712.37623762	-0.01337666
-712.34323432	-0.02473174
-712.31023102	-0.03754043
-712.27722772	-0.04972730
-712.24422442	-0.05878092
-712.21122112	-0.06388261
-712.17821782	-0.06536923
-712.14521452	-0.06582516
-712.11221122	-0.06786827
-712.07920792	-0.07396456
-712.04620462	-0.08427562
-712.01320132	-0.09695085
-711.98019802	-0.10862379
-711.94719472	-0.11596482
-711.91419142	-0.11703520
-711.88118812	-0.11161914
-711.84818482	-0.10051226
-711.81518152	-0.08486666
-711.78217822	-0.06504351
-711.74917492	-0.04117456
-711.71617162	-0.01257138
-711.68316832	0.02069037
-711.65016502	0.05758583
-711.61716172	0.09622106
-711.58415842	0.13321355
-711.55115512	0.16501248
-711.51815182	0.18860530
-711.48514851	0.20141679
-711.45214521	0.20242982
-711.41914191	0.19135782
-711.38613861	0.16842946
-711.35313531	0.13393304
-711.32013201	0.08881295
-711.28712871	0.03514413
-711.25412541	-0.02307775
-711.22112211	-0.08043750
-711.18811881	-0.13045212
-711.15511551	-0.16731135
-711.12211221	-0.18715993
-711.08910891	-0.18860322
-711.05610561	-0.17253063
-711.02310231	-0.14160296
-710.99009901	-0.09942399
-710.95709571	-0.04991978
-710.92409241	0.00271100
-710.89108911	0.05469726
-710.85808581	0.10253587
-710.82508251	0.14250241
-710.79207921	0.17126014
-710.75907591	0.18559660
-710.72607261	0.18386012
-710.69306931	0.16635297
-710.66006601	0.13549552
-710.62706271	0.09518507
-710.59405941	0.05006766
-710.56105611	0.00437256
-710.52805281	-0.03855639
-710.49504950	-0.07567530
-710.46204620	-0.10491184
-710.42904290	-0.12422564
-710.39603960	-0.13267315
-710.36303630	-0.13019602
-710.33003300	-0.11847666
-710.29702970	-0.10038863
-710.26402640	-0.07905520
-710.23102310	-0.05782096
-710.19801980	-0.03871927
-710.16501650	-0.02344143
-710.13201320	-0.01275409
-710.09900990	-0.00774554
-710.06600660	-0.00873461
-710.03300330	-0.01542013
-710.00000000	-0.02633658
-709.96699670	-0.03790770
-709.93399340	-0.04602920
-709.90099010	-0.04640143
-709.86798680	-0.03683660
-709.83498350	-0.01748902
-709.80198020	0.00874846
-709.76897690	0.03759805
-709.73597360	0.06407332
-709.70297030	0.08392509
-709.66996700	0.09379277
-709.63696370	0.09238064
-709.60396040	0.08023399
-709.57095710	0.05916984
-709.53795380	0.03254554
-709.50495050	0.00339430
-709.47194719	-0.02481442
-709.43894389	-0.04943587
-709.40594059	-0.06758451
-709.37293729	-0.07674068
-709.33993399	-0.07542251
-709.30693069	-0.06254633
-709.27392739	-0.03870102
-709.24092409	-0.00562939
-709.20792079	0.03383209
-709.17491749	0.07608690
-709.14191419	0.11728685
-709.10891089	0.15349559
-709.07590759	0.18141511
-709.04290429	0.19821632
-709.00990099	0.20102343
-708.97689769	0.18762552
-708.94389439	0.15734807
-708.91089109	0.11221530
-708.87788779	0.05732097
-708.84488449	0.00050563
-708.81188119	-0.04986237
-708.77887789	-0.08699407
-708.74587459	-0.10748396
-708.71287129	-0.11170123
-708.67986799	-0.10312686
-708.64686469	-0.08732930
-708.61386139	-0.07055804
-708.58085809	-0.05867199
-708.54785479	-0.05638742
-708.51485149	-0.06615918
-708.48184818	-0.08732751
-708.44884488	-0.11621540
-708.41584158	-0.14653517
-708.38283828	-0.17115947
-708.34983498	-0.18437214
-708.31683168	-0.18271671
-708.28382838	-0.16565325
-708.25082508	-0.13505857
-708.21782178	-0.09498821
-708.18481848	-0.04999770
-708.15181518	-0.00505788
-708.11881188	0.03678276
-708.08580858	0.07350614
-708.05280528	0.10476474
-708.01980198	0.13035980
-707.98679868	0.14983978
-707.95379538	0.16149508
-707.92079208	0.16314591
-707.88778878	0.15309168
-707.85478548	0.13095976
-707.82178218	0.09806638
-707.78877888	0.05762860
-707.75577558	0.01401427
-707.72277228	-0.02749743
-707.68976898	-0.06259146
-707.65676568	-0.08769739
-707.62376238	-0.10087017
-707.59075908	-0.10178529
-707.55775578	-0.09108507
-707.52475248	-0.06996124
-707.49174917	-0.03979592
-707.45874587	-0.00213773
-707.42574257	0.04092846
-707.39273927	0.08661398
-707.35973597	0.13044812
-707.32673267	0.16718888
-707.29372937	0.19157478
-707.26072607	0.19924361
-707.22772277	0.18854878
-707.19471947	0.16029393
-707.16171617	0.11859929
-707.12871287	0.06924708
-707.09570957	0.01879438
-707.06270627	-0.02721116
-707.02970297	-0.06549633
-706.99669967	-0.09495391
-706.96369637	-0.11640407
-706.93069307	-0.13180425
-706.89768977	-0.14334375
-706.86468647	-0.15296543
-706.83168317	-0.16217253
-706.79867987	-0.17119515
-706.76567657	-0.17875606
-706.73267327	-0.18213329
-706.69966997	-0.17778350
-706.66666667	-0.16233109
-706.63366337	-0.13404787
-706.60066007	-0.09360769
-706.56765677	-0.04420343
-706.53465347	0.00875717
-706.50165017	0.05949623
-706.46864686	0.10260276
-706.43564356	0.13419997
-706.40264026	0.15229185
-706.36963696	0.15672429
-706.33663366	0.14835543
-706.30363036	0.12895345
-706.27062706	0.10090412
-706.23762376	0.06715446
-706.20462046	0.03172598
-706.17161716	-0.00135244
-706.13861386	-0.02767132
-706.10561056	-0.04410045
-706.07260726	-0.04909216
-706.03960396	-0.04383977
-706.00660066	-0.03160467
-705.97359736	-0.01659500
-705.94059406	-0.00320055
-705.90759076	0.00558638
-705.87458746	0.00827068
-705.84158416	0.00502839
-705.80858086	-0.00300252
-705.77557756	-0.01358987
-705.74257426	-0.02410648
-705.70957096	-0.03201038
-705.67656766	-0.03518621
-705.64356436	-0.03241714
-705.61056106	-0.02352578
-705.57755776	-0.00906391
-705.54455446	0.00952620
-705.51155116	0.03086611
-705.47854785	0.05303411
-705.44554455	0.07395542
-705.41254125	0.09118729
-705.37953795	0.10221918
-705.34653465	0.10495200
-705.31353135	0.09832892
-705.28052805	0.08259433
-705.24752475	0.05973002
-705.21452145	0.03268302
-705.18151815	0.00485491
-705.14851485	-0.02117443
-705.11551155	-0.04359903
-705.08250825	-0.06201293
-705.04950495	-0.07633694
-705.01650165	-0.08637743
-704.98349835	-0.09165065
-704.95049505	-0.09193063
-704.91749175	-0.08700451
-704.88448845	-0.07802379
-704.85148515	-0.06636723
-704.81848185	-0.05354752
-704.78547855	-0.04117452
-704.75247525	-0.03038772
-704.71947195	-0.02173999
-704.68646865	-0.01550844
-704.65346535	-0.01133790
-704.62046205	-0.00835772
-704.58745875	-0.00592544
-704.55445545	-0.00319250
-704.52145215	0.00047673
-704.48844884	0.00484121
-704.45544554	0.00958816
-704.42244224	0.01405400
-704.38943894	0.01730785
-704.35643564	0.01869686
-704.32343234	0.01746285
-704.29042904	0.01320556
-704.25742574	0.00600475
-704.22442244	-0.00363745
-704.19141914	-0.01427793
-704.15841584	-0.02436503
-704.12541254	-0.03204964
-704.09240924	-0.03580678
-704.05940594	-0.03422787
-704.02640264	-0.02680501
-703.99339934	-0.01367308
-703.96039604	0.00396063
-703.92739274	0.02435226
-703.89438944	0.04578472
-703.86138614	0.06671339
-703.82838284	0.08589802
-703.79537954	0.10215782
-703.76237624	0.11408364
-703.72937294	0.12026530
-703.69636964	0.12009683
-703.66336634	0.11323082
-703.63036304	0.10047736
-703.59735974	0.08321915
-703.56435644	0.06297687
-703.53135314	0.04155098
-703.49834983	0.02012586
-703.46534653	-0.00048511
-703.43234323	-0.01950348
-703.39933993	-0.03650541
-703.36633663	-0.05104928
-703.33333333	-0.06252380
-703.30033003	-0.07080013
-703.26732673	-0.07560532
-703.23432343	-0.07745934
-703.20132013	-0.07759345
-703.16831683	-0.07731884
-703.13531353	-0.07788378
-703.10231023	-0.07954726
-703.06930693	-0.08119592
-703.03630363	-0.08064355
-703.00330033	-0.07560709
-702.97029703	-0.06460270
-702.93729373	-0.04809716
-702.90429043	-0.02812045
-702.87128713	-0.00806688
-702.83828383	0.00818799
-702.80528053	0.01808263
-702.77227723	0.02007867
-702.73927393	0.01476134
-702.70627063	0.00400192
-702.67326733	-0.00943589
-702.64026403	-0.02278997
-702.60726073	-0.03389548
-702.57425743	-0.04076513
-702.54125413	-0.04216061
-702.50825083	-0.03722952
-702.47524752	-0.02580551
-702.44224422	-0.00825785
-702.40924092	0.01409694
-702.37623762	0.03925157
-702.34323432	0.06494702
-702.31023102	0.08877677
-702.27722772	0.10849506
-702.24422442	0.12285754
-702.21122112	0.13061067
-702.17821782	0.13106866
-702.14521452	0.12381094
-702.11221122	0.10902114
-702.07920792	0.08733839
-702.04620462	0.05956747
-702.01320132	0.02783838
-701.98019802	-0.00575986
-701.94719472	-0.03818616
-701.91419142	-0.06575347
-701.88118812	-0.08545565
-701.84818482	-0.09512623
-701.81518152	-0.09436466
-701.78217822	-0.08447224
-701.74917492	-0.06826540
-701.71617162	-0.04899168
-701.68316832	-0.02966390
-701.65016502	-0.01268046
-701.61716172	0.00009026
-701.58415842	0.00798073
-701.55115512	0.01067636
-701.51815182	0.00849546
-701.48514851	0.00230815
-701.45214521	-0.00734484
-701.41914191	-0.01946316
-701.38613861	-0.03274280
-701.35313531	-0.04566204
-701.32013201	-0.05654490
-701.28712871	-0.06360585
-701.25412541	-0.06546626
-701.22112211	-0.06157928
-701.18811881	-0.05214002
-701.15511551	-0.03790615
-701.12211221	-0.02045312
-701.08910891	-0.00144349
-701.05610561	0.01684254
-701.02310231	0.03237678
-700.99009901	0.04323741
-700.95709571	0.04832380
-700.92409241	0.04761978
-700.89108911	0.04143259
-700.85808581	0.03107029
-700.82508251	0.01835645
-700.79207921	0.00456759
-700.75907591	-0.00842314
-700.72607261	-0.01884284
-700.69306931	-0.02578114
-700.66006601	-0.02890319
-700.62706271	-0.02846339
-700.59405941	-0.02501109
-700.56105611	-0.01903953
-700.52805281	-0.01096258
-700.49504950	-0.00058748
-700.46204620	0.01152368
-700.42904290	0.02500846
-700.39603960	0.03865185
-700.36303630	0.05092136
-700.33003300	0.06053592
-700.29702970	0.06617207
-700.26402640	0.06713137
-700.23102310	0.06360023
-700.19801980	0.05592245
-700.16501650	0.04490556
-700.13201320	0.03170072
-700.09900990	0.01722187
-700.06600660	0.00253980
-700.03300330	-0.01124568
-700.00000000	-0.02336656
-699.96699670	-0.03282437
-699.93399340	-0.03862639
-699.90099010	-0.04029631
-699.86798680	-0.03740262
-699.83498350	-0.03039807
-699.80198020	-0.02023674
-699.76897690	-0.00897148
-699.73597360	0.00133722
-699.70297030	0.00882293
-699.66996700	0.01242549
-699.63696370	0.01231942
-699.60396040	0.00983604
-699.57095710	0.00602311
-699.53795380	0.00198579
-699.50495050	-0.00218381
-699.47194719	-0.00691485
-699.43894389	-0.01240411
-699.40594059	-0.01894974
-699.37293729	-0.02574541
-699.33993399	-0.03217043
-699.30693069	-0.03762163
-699.27392739	-0.04195142
-699.24092409	-0.04519724
-699.20792079	-0.04746230
-699.17491749	-0.04894693
-699.14191419	-0.04963544
-699.10891089	-0.04975002
-699.07590759	-0.04946214
-699.04290429	-0.04886088
-699.00990099	-0.04798119
-698.97689769	-0.04654860
-698.94389439	-0.04421784
-698.91089109	-0.04080933
-698.87788779	-0.03629317
-698.84488449	-0.03036547
-698.81188119	-0.02248508
-698.77887789	-0.01149803
-698.74587459	0.00394283
-698.71287129	0.02449294
-698.67986799	0.04979180
-698.64686469	0.07760101
-698.61386139	0.10483719
-698.58085809	0.12727732
-698.54785479	0.14120731
-698.51485149	0.14389770
-698.48184818	0.13416388
-698.44884488	0.11286222
-698.41584158	0.08213926
-698.38283828	0.04554103
-698.34983498	0.00739921
-698.31683168	-0.02787157
-698.28382838	-0.05601569
-698.25082508	-0.07349075
-698.21782178	-0.07827699
-698.18481848	-0.07012822
-698.15181518	-0.05063517
-698.11881188	-0.02318667
-698.08580858	0.00768190
-698.05280528	0.03665599
-698.01980198	0.05893181
-697.98679868	0.07093967
-697.95379538	0.07080316
-697.92079208	0.05878591
-697.88778878	0.03646181
-697.85478548	0.00650843
-697.82178218	-0.02746188
-697.78877888	-0.06144600
-697.75577558	-0.09182112
-697.72277228	-0.11495399
-697.68976898	-0.12834715
-697.65676568	-0.13120221
-697.62376238	-0.12364677
-697.59075908	-0.10794528
-697.55775578	-0.08714563
-697.52475248	-0.06466216
-697.49174917	-0.04357359
-697.45874587	-0.02606562
-697.42574257	-0.01291017
-697.39273927	-0.00387023
-697.35973597	0.00186272
-697.32673267	0.00577609
-697.29372937	0.00930924
-697.26072607	0.01357681
-697.22772277	0.01940886
-697.19471947	0.02704935
-697.16171617	0.03597060
-697.12871287	0.04529096
-697.09570957	0.05380188
-697.06270627	0.06030321
-697.02970297	0.06410614
-696.99669967	0.06509099
-696.96369637	0.06350084
-696.93069307	0.06026908
-696.89768977	0.05637366
-696.86468647	0.05246432
-696.83168317	0.04935741
-696.79867987	0.04723433
-696.76567657	0.04596103
-696.73267327	0.04482902
-696.69966997	0.04237638
-696.66666667	0.03748381
-696.63366337	0.02915066
-696.60066007	0.01736116
-696.56765677	0.00290335
-696.53465347	-0.01275040
-696.50165017	-0.02767610
-696.46864686	-0.04030718
-696.43564356	-0.04932775
-696.40264026	-0.05367373
-696.36963696	-0.05330260
-696.33663366	-0.04830570
-696.30363036	-0.03973678
-696.27062706	-0.02846050
-696.23762376	-0.01534312
-696.20462046	-0.00180737
-696.17161716	0.01093681
-696.13861386	0.02114974
-696.10561056	0.02723449
-696.07260726	0.02832209
-696.03960396	0.02459948
-696.00660066	0.01680949
-695.97359736	0.00663570
-695.94059406	-0.00397373
-695.90759076	-0.01360986
-695.87458746	-0.02095663
-695.84158416	-0.02584444
-695.80858086	-0.02854209
-695.77557756	-0.02983955
-695.74257426	-0.03082297
-695.70957096	-0.03223625
-695.67656766	-0.03440228
-695.64356436	-0.03723719
-695.61056106	-0.04024906
-695.57755776	-0.04229196
-695.54455446	-0.04226046
-695.51155116	-0.03927228
-695.47854785	-0.03243061
-695.44554455	-0.02145673
-695.41254125	-0.00708935
-695.37953795	0.00976763
-695.34653465	0.02781718
-695.31353135	0.04534080
-695.28052805	0.06084423
-695.24752475	0.07289066
-695.21452145	0.08028103
-695.18151815	0.08155364
-695.14851485	0.07618073
-695.11551155	0.06474857
-695.08250825	0.04846922
-695.04950495	0.02973328
-695.01650165	0.01128580
-694.98349835	-0.00499688
-694.95049505	-0.01752762
-694.91749175	-0.02576738
-694.88448845	-0.02989723
-694.85148515	-0.03029718
-694.81848185	-0.02759879
-694.78547855	-0.02268563
-694.75247525	-0.01654789
-694.71947195	-0.00998361
-694.68646865	-0.00355008
-694.65346535	0.00233023
-694.62046205	0.00741419
-694.58745875	0.01193103
-694.55445545	0.01604942
-694.52145215	0.02017355
-694.48844884	0.02453790
-694.45544554	0.02948078
-694.42244224	0.03478403
-694.38943894	0.03975638
-694.35643564	0.04334501
-694.32343234	0.04398372
-694.29042904	0.04067811
-694.25742574	0.03296941
-694.22442244	0.02161006
-694.19141914	0.00792773
-694.15841584	-0.00643450
-694.12541254	-0.02022944
-694.09240924	-0.03293416
-694.05940594	-0.04458327
-694.02640264	-0.05507390
-693.99339934	-0.06461279
-693.96039604	-0.07274801
-693.92739274	-0.07870462
-693.89438944	-0.08195019
-693.86138614	-0.08176186
-693.82838284	-0.07802431
-693.79537954	-0.07111483
-693.76237624	-0.06135504
-693.72937294	-0.04947850
-693.69636964	-0.03585010
-693.66336634	-0.02128291
-693.63036304	-0.00683539
-693.59735974	0.00612381
-693.56435644	0.01628306
-693.53135314	0.02246124
-693.49834983	0.02405277
-693.46534653	0.02146939
-693.43234323	0.01584378
-693.39933993	0.00882488
-693.36633663	0.00275585
-693.33333333	-0.00035650
-693.30033003	0.00071238
-693.26732673	0.00644869
-693.23432343	0.01638203
-693.20132013	0.02891235
-693.16831683	0.04266620
-693.13531353	0.05587250
-693.10231023	0.06707849
-693.06930693	0.07499386
-693.03630363	0.07846896
-693.00330033	0.07639366
-692.97029703	0.06830581
-692.93729373	0.05487447
-692.90429043	0.03738675
-692.87128713	0.01779014
-692.83828383	-0.00171931
-692.80528053	-0.01944496
-692.77227723	-0.03414787
-692.73927393	-0.04528807
-692.70627063	-0.05249386
-692.67326733	-0.05598194
-692.64026403	-0.05578716
-692.60726073	-0.05221736
-692.57425743	-0.04636887
-692.54125413	-0.03941542
-692.50825083	-0.03281138
-692.47524752	-0.02793385
-692.44224422	-0.02547900
-692.40924092	-0.02542249
-692.37623762	-0.02732408
-692.34323432	-0.03038238
-692.31023102	-0.03407129
-692.27722772	-0.03791120
-692.24422442	-0.04140845
-692.21122112	-0.04410891
-692.17821782	-0.04549262
-692.14521452	-0.04485444
-692.11221122	-0.04196093
-692.07920792	-0.03672289
-692.04620462	-0.02965083
-692.01320132	-0.02119769
-691.98019802	-0.01204023
-691.94719472	-0.00237179
-691.91419142	0.00719202
-691.88118812	0.01625209
-691.84818482	0.02432095
-691.81518152	0.03071082
-691.78217822	0.03531477
-691.74917492	0.03804803
-691.71617162	0.03886767
-691.68316832	0.03808665
-691.65016502	0.03594569
-691.61716172	0.03296873
-691.58415842	0.02981724
-691.55115512	0.02709593
-691.51815182	0.02544755
-691.48514851	0.02530383
-691.45214521	0.02723537
-691.41914191	0.03149279
-691.38613861	0.03749255
-691.35313531	0.04431427
-691.32013201	0.05069443
-691.28712871	0.05488006
-691.25412541	0.05546262
-691.22112211	0.05137685
-691.18811881	0.04216724
-691.15511551	0.02860491
-691.12211221	0.01227233
-691.08910891	-0.00449591
-691.05610561	-0.01916523
-691.02310231	-0.02991760
-690.99009901	-0.03550832
-690.95709571	-0.03582419
-690.92409241	-0.03169686
-690.89108911	-0.02421165
-690.85808581	-0.01479989
-690.82508251	-0.00546150
-690.79207921	0.00220349
-690.75907591	0.00675369
-690.72607261	0.00673475
-690.69306931	0.00213409
-690.66006601	-0.00658063
-690.62706271	-0.01849242
-690.59405941	-0.03157062
-690.56105611	-0.04388029
-690.52805281	-0.05311643
-690.49504950	-0.05703981
-690.46204620	-0.05407215
-690.42904290	-0.04358432
-690.39603960	-0.02635024
-690.36303630	-0.00434437
-690.33003300	0.01906047
-690.29702970	0.04067888
-690.26402640	0.05733937
-690.23102310	0.06641373
-690.19801980	0.06626611
-690.16501650	0.05642959
-690.13201320	0.03753473
-690.09900990	0.01178786
-690.06600660	-0.01741004
-690.03300330	-0.04596948
-690.00000000	-0.06949407
-689.96699670	-0.08480150
-689.93399340	-0.09032430
-689.90099010	-0.08582441
-689.86798680	-0.07286394
-689.83498350	-0.05419515
-689.80198020	-0.03244810
-689.76897690	-0.01007763
-689.73597360	0.01076933
-689.70297030	0.02845341
-689.66996700	0.04212266
-689.63696370	0.05078284
-689.60396040	0.05450225
-689.57095710	0.05371619
-689.53795380	0.04947891
-689.50495050	0.04330487
-689.47194719	0.03623261
-689.43894389	0.02930053
-689.40594059	0.02304692
-689.37293729	0.01706220
-689.33993399	0.01107267
-689.30693069	0.00495923
-689.27392739	-0.00145742
-689.24092409	-0.00776541
-689.20792079	-0.01303924
-689.17491749	-0.01661796
-689.14191419	-0.01749204
-689.10891089	-0.01506239
-689.07590759	-0.00973003
-689.04290429	-0.00192459
-689.00990099	0.00682865
-688.97689769	0.01508702
-688.94389439	0.02142121
-688.91089109	0.02426454
-688.87788779	0.02278889
-688.84488449	0.01703513
-688.81188119	0.00765627
-688.77887789	-0.00364616
-688.74587459	-0.01488311
-688.71287129	-0.02437420
-688.67986799	-0.03128373
-688.64686469	-0.03539565
-688.61386139	-0.03734648
-688.58085809	-0.03814423
-688.54785479	-0.03849494
-688.51485149	-0.03874525
-688.48184818	-0.03899656
-688.44884488	-0.03913124
-688.41584158	-0.03905394
-688.38283828	-0.03889491
-688.34983498	-0.03874977
-688.31683168	-0.03894658
-688.28382838	-0.03948731
-688.25082508	-0.03984714
-688.21782178	-0.03952047
-688.18481848	-0.03736309
-688.15181518	-0.03201847
-688.11881188	-0.02278780
-688.08580858	-0.00902809
-688.05280528	0.00851737
-688.01980198	0.02838381
-687.98679868	0.04826700
-687.95379538	0.06590529
-687.92079208	0.07960210
-687.88778878	0.08833380
-687.85478548	0.09183565
-687.82178218	0.09065848
-687.78877888	0.08497339
-687.75577558	0.07489241
-687.72277228	0.06149191
-687.68976898	0.04517477
-687.65676568	0.02717697
-687.62376238	0.00925972
-687.59075908	-0.00708904
-687.55775578	-0.02099945
-687.52475248	-0.03177537
-687.49174917	-0.03893261
-687.45874587	-0.04230882
-687.42574257	-0.04150086
-687.39273927	-0.03641649
-687.35973597	-0.02741466
-687.32673267	-0.01518942
-687.29372937	-0.00177561
-687.26072607	0.01063758
-687.22772277	0.01982075
-687.19471947	0.02374756
-687.16171617	0.02119012
-687.12871287	0.01256379
-687.09570957	-0.00108899
-687.06270627	-0.01762160
-687.02970297	-0.03460085
-686.99669967	-0.04941874
-686.96369637	-0.06008198
-686.93069307	-0.06549944
-686.89768977	-0.06516772
-686.86468647	-0.05949861
-686.83168317	-0.04989335
-686.79867987	-0.03816575
-686.76567657	-0.02626405
-686.73267327	-0.01600080
-686.69966997	-0.00874711
-686.66666667	-0.00485572
-686.63366337	-0.00425031
-686.60066007	-0.00647181
-686.56765677	-0.01028346
-686.53465347	-0.01470394
-686.50165017	-0.01878619
-686.46864686	-0.02165328
-686.43564356	-0.02304606
-686.40264026	-0.02235026
-686.36963696	-0.01926089
-686.33663366	-0.01342523
-686.30363036	-0.00489813
-686.27062706	0.00624811
-686.23762376	0.01899074
-686.20462046	0.03217790
-686.17161716	0.04487245
-686.13861386	0.05602286
-686.10561056	0.06485126
-686.07260726	0.07065621
-686.03960396	0.07274282
-686.00660066	0.07050385
-685.97359736	0.06377042
-685.94059406	0.05259855
-685.90759076	0.03786526
-685.87458746	0.02098761
-685.84158416	0.00388601
-685.80858086	-0.01193196
-685.77557756	-0.02492331
-685.74257426	-0.03372697
-685.70957096	-0.03795400
-685.67656766	-0.03762152
-685.64356436	-0.03323187
-685.61056106	-0.02533189
-685.57755776	-0.01497836
-685.54455446	-0.00297402
-685.51155116	0.00984113
-685.47854785	0.02256527
-685.44554455	0.03423882
-685.41254125	0.04404608
-685.37953795	0.05141804
-685.34653465	0.05613077
-685.31353135	0.05758119
-685.28052805	0.05598017
-685.24752475	0.05136685
-685.21452145	0.04450416
-685.18151815	0.03647587
-685.14851485	0.02854211
-685.11551155	0.02186940
-685.08250825	0.01721707
-685.04950495	0.01524563
-685.01650165	0.01557057
-684.98349835	0.01740110
-684.95049505	0.01963247
-684.91749175	0.02077624
-684.88448845	0.01982704
-684.85148515	0.01645981
-684.81848185	0.01119165
-684.78547855	0.00511173
-684.75247525	-0.00091260
-684.71947195	-0.00602190
-684.68646865	-0.01003631
-684.65346535	-0.01298840
-684.62046205	-0.01481806
-684.58745875	-0.01560522
-684.55445545	-0.01501112
-684.52145215	-0.01294084
-684.48844884	-0.00952622
-684.45544554	-0.00529650
-684.42244224	-0.00130393
-684.38943894	0.00158061
-684.35643564	0.00250129
-684.32343234	0.00169718
-684.29042904	-0.00004261
-684.25742574	-0.00141865
-684.22442244	-0.00131723
-684.19141914	0.00053603
-684.15841584	0.00374521
-684.12541254	0.00750174
-684.09240924	0.01099006
-684.05940594	0.01369523
-684.02640264	0.01544072
-683.99339934	0.01632773
-683.96039604	0.01639443
-683.92739274	0.01545099
-683.89438944	0.01316658
-683.86138614	0.00910289
-683.82838284	0.00297841
-683.79537954	-0.00491362
-683.76237624	-0.01403475
-683.72937294	-0.02343157
-683.69636964	-0.03164871
-683.66336634	-0.03776211
-683.63036304	-0.04112770
-683.59735974	-0.04183650
-683.56435644	-0.04077563
-683.53135314	-0.03900959
-683.49834983	-0.03777726
-683.46534653	-0.03806600
-683.43234323	-0.04002425
-683.39933993	-0.04379479
-683.36633663	-0.04869803
-683.33333333	-0.05384144
-683.30033003	-0.05832848
-683.26732673	-0.06128082
-683.23432343	-0.06187295
-683.20132013	-0.05939937
-683.16831683	-0.05388956
-683.13531353	-0.04594227
-683.10231023	-0.03665505
-683.06930693	-0.02768096
-683.03630363	-0.02041320
-683.00330033	-0.01566045
-682.97029703	-0.01384347
-682.93729373	-0.01433599
-682.90429043	-0.01688736
-682.87128713	-0.02128711
-682.83828383	-0.02705150
-682.80528053	-0.03391794
-682.77227723	-0.04092946
-682.73927393	-0.04656388
-682.70627063	-0.04973462
-682.67326733	-0.04901236
-682.64026403	-0.04375408
-682.60726073	-0.03445592
-682.57425743	-0.02132984
-682.54125413	-0.00580955
-682.50825083	0.01029233
-682.47524752	0.02547402
-682.44224422	0.03809283
-682.40924092	0.04712548
-682.37623762	0.05261160
-682.34323432	0.05472920
-682.31023102	0.05413379
-682.27722772	0.05153865
-682.24422442	0.04742322
-682.21122112	0.04199111
-682.17821782	0.03532284
-682.14521452	0.02763181
-682.11221122	0.01897179
-682.07920792	0.00990850
-682.04620462	0.00108933
-682.01320132	-0.00683281
-681.98019802	-0.01344188
-681.94719472	-0.01871193
-681.91419142	-0.02272605
-681.88118812	-0.02591894
-681.84818482	-0.02867804
-681.81518152	-0.03103691
-681.78217822	-0.03318009
-681.74917492	-0.03477213
-681.71617162	-0.03553966
-681.68316832	-0.03518371
-681.65016502	-0.03340280
-681.61716172	-0.03032518
-681.58415842	-0.02615103
-681.55115512	-0.02091355
-681.51815182	-0.01460150
-681.48514851	-0.00722986
-681.45214521	0.00118052
-681.41914191	0.00996282
-681.38613861	0.01838046
-681.35313531	0.02534236
-681.32013201	0.02976443
-681.28712871	0.03175985
-681.25412541	0.03158066
-681.22112211	0.03004507
-681.18811881	0.02785626
-681.15511551	0.02538945
-681.12211221	0.02253177
-681.08910891	0.01933808
-681.05610561	0.01601104
-681.02310231	0.01339404
-680.99009901	0.01192544
-680.95709571	0.01246901
-680.92409241	0.01489108
-680.89108911	0.01883824
-680.85808581	0.02339516
-680.82508251	0.02757230
-680.79207921	0.03058575
-680.75907591	0.03168952
-680.72607261	0.03084243
-680.69306931	0.02825076
-680.66006601	0.02466259
-680.62706271	0.02104279
-680.59405941	0.01772172
-680.56105611	0.01545432
-680.52805281	0.01427617
-680.49504950	0.01410152
-680.46204620	0.01496372
-680.42904290	0.01636327
-680.39603960	0.01803372
-680.36303630	0.01898345
-680.33003300	0.01830783
-680.29702970	0.01515668
-680.26402640	0.00909801
-680.23102310	0.00046891
-680.19801980	-0.00982538
-680.16501650	-0.02014275
-680.13201320	-0.02915518
-680.09900990	-0.03523920
-680.06600660	-0.03777929
-680.03300330	-0.03648476
-680.00000000	-0.03188020
-679.96699670	-0.02505660
-679.93399340	-0.01722771
-679.90099010	-0.00902214
-679.86798680	-0.00078622
-679.83498350	0.00751398
-679.80198020	0.01591670
-679.76897690	0.02395881
-679.73597360	0.03085104
-679.70297030	0.03564610
-679.66996700	0.03717123
-679.63696370	0.03503452
-679.60396040	0.02924516
-679.57095710	0.02034171
-679.53795380	0.00918293
-679.50495050	-0.00318445
-679.47194719	-0.01560717
-679.43894389	-0.02759717
-679.40594059	-0.03815516
-679.37293729	-0.04654330
-679.33993399	-0.05189920
-679.30693069	-0.05335924
-679.27392739	-0.05057486
-679.24092409	-0.04355976
-679.20792079	-0.03318806
-679.17491749	-0.02041749
-679.14191419	-0.00655358
-679.10891089	0.00703273
-679.07590759	0.01920215
-679.04290429	0.02884980
-679.00990099	0.03552383
-678.97689769	0.03922978
-678.94389439	0.04062968
-678.91089109	0.04039994
-678.87788779	0.03937179
-678.84488449	0.03799271
-678.81188119	0.03645396
-678.77887789	0.03424500
-678.74587459	0.03127143
-678.71287129	0.02711233
-678.67986799	0.02208209
-678.64686469	0.01643897
-678.61386139	0.01038849
-678.58085809	0.00459157
-678.54785479	-0.00075059
-678.51485149	-0.00542470
-678.48184818	-0.00888085
-678.44884488	-0.01140279
-678.41584158	-0.01300946
-678.38283828	-0.01395980
-678.34983498	-0.01474489
-678.31683168	-0.01560050
-678.28382838	-0.01660846
-678.25082508	-0.01757580
-678.21782178	-0.01827898
-678.18481848	-0.01817764
-678.15181518	-0.01708910
-678.11881188	-0.01492331
-678.08580858	-0.01193379
-678.05280528	-0.00860571
-678.01980198	-0.00518949
-677.98679868	-0.00218194
-677.95379538	0.00031879
-677.92079208	0.00190944
-677.88778878	0.00186703
-677.85478548	-0.00058946
-677.82178218	-0.00647404
-677.78877888	-0.01598578
-677.75577558	-0.02871144
-677.72277228	-0.04288258
-677.68976898	-0.05595646
-677.65676568	-0.06519928
-677.62376238	-0.06878682
-677.59075908	-0.06560738
-677.55775578	-0.05591853
-677.52475248	-0.04124268
-677.49174917	-0.02360087
-677.45874587	-0.00516296
-677.42574257	0.01179526
-677.39273927	0.02608297
-677.35973597	0.03670447
-677.32673267	0.04393813
-677.29372937	0.04829793
-677.26072607	0.05080292
-677.22772277	0.05232146
-677.19471947	0.05316012
-677.16171617	0.05320569
-677.12871287	0.05206117
-677.09570957	0.04941139
-677.06270627	0.04506167
-677.02970297	0.03937857
-676.99669967	0.03302227
-676.96369637	0.02667733
-676.93069307	0.02105076
-676.89768977	0.01652919
-676.86468647	0.01317589
-676.83168317	0.01076514
-676.79867987	0.00888381
-676.76567657	0.00744342
-676.73267327	0.00610244
-676.69966997	0.00496837
-676.66666667	0.00377341
-676.63366337	0.00209006
-676.60066007	-0.00063610
-676.56765677	-0.00504625
-676.53465347	-0.01129645
-676.50165017	-0.01905281
-676.46864686	-0.02782778
-676.43564356	-0.03611859
-676.40264026	-0.04281686
-676.36963696	-0.04670251
-676.33663366	-0.04732768
-676.30363036	-0.04446015
-676.27062706	-0.03863840
-676.23762376	-0.03062182
-676.20462046	-0.02105228
-676.17161716	-0.01113847
-676.13861386	-0.00213008
-676.10561056	0.00488153
-676.07260726	0.00896437
-676.03960396	0.00994483
-676.00660066	0.00827515
-675.97359736	0.00506315
-675.94059406	0.00139089
-675.90759076	-0.00159767
-675.87458746	-0.00350867
-675.84158416	-0.00380448
-675.80858086	-0.00248981
-675.77557756	0.00032419
-675.74257426	0.00434803
-675.70957096	0.00912612
-675.67656766	0.01384062
-675.64356436	0.01768323
-675.61056106	0.02000079
-675.57755776	0.02073259
-675.54455446	0.01996747
-675.51155116	0.01817851
-675.47854785	0.01573514
-675.44554455	0.01297888
-675.41254125	0.00995008
-675.37953795	0.00679482
-675.34653465	0.00356667
-675.31353135	0.00009441
-675.28052805	-0.00324186
-675.24752475	-0.00660253
-675.21452145	-0.00983280
-675.18151815	-0.01262746
-675.14851485	-0.01467284
-675.11551155	-0.01539877
-675.08250825	-0.01455622
-675.04950495	-0.01174346
-675.01650165	-0.00716702
-674.98349835	-0.00112729
-674.95049505	0.00539459
-674.91749175	0.01169156
-674.88448845	0.01676439
-674.85148515	0.01949672
-674.81848185	0.01932985
-674.78547855	0.01549614
-674.75247525	0.00829269
-674.71947195	-0.00129723
-674.68646865	-0.01192640
-674.65346535	-0.02172283
-674.62046205	-0.02936242
-674.58745875	-0.03411547
-674.55445545	-0.03597797
-674.52145215	-0.03577378
-674.48844884	-0.03414724
-674.45544554	-0.03183074
-674.42244224	-0.02930769
-674.38943894	-0.02678274
-674.35643564	-0.02393575
-674.32343234	-0.02061531
-674.29042904	-0.01686166
-674.25742574	-0.01243875
-674.22442244	-0.00750780
-674.19141914	-0.00242015
-674.15841584	0.00245401
-674.12541254	0.00680703
-674.09240924	0.01004316
-674.05940594	0.01236216
-674.02640264	0.01372413
-673.99339934	0.01386338
-673.96039604	0.01325491
-673.92739274	0.01196624
-673.89438944	0.01008243
-673.86138614	0.00789300
-673.82838284	0.00555462
-673.79537954	0.00305988
-673.76237624	0.00031976
-673.72937294	-0.00275021
-673.69636964	-0.00609011
-673.66336634	-0.00936891
-673.63036304	-0.01200220
-673.59735974	-0.01344413
-673.56435644	-0.01337644
-673.53135314	-0.01173971
-673.49834983	-0.00906931
-673.46534653	-0.00598814
-673.43234323	-0.00310147
-673.39933993	-0.00042901
-673.36633663	0.00206404
-673.33333333	0.00487324
-673.30033003	0.00827185
-673.26732673	0.01245297
-673.23432343	0.01721983
-673.20132013	0.02189009
-673.16831683	0.02602633
-673.13531353	0.02875052
-673.10231023	0.02968016
-673.06930693	0.02841923
-673.03630363	0.02445154
-673.00330033	0.01781820
-672.97029703	0.00866733
-672.93729373	-0.00243245
-672.90429043	-0.01469731
-672.87128713	-0.02699158
-672.83828383	-0.03808904
-672.80528053	-0.04717341
-672.77227723	-0.05321879
-672.73927393	-0.05618691
-672.70627063	-0.05589454
-672.67326733	-0.05285341
-672.64026403	-0.04736048
-672.60726073	-0.04011452
-672.57425743	-0.03149056
-672.54125413	-0.02203076
-672.50825083	-0.01268339
-672.47524752	-0.00401082
-672.44224422	0.00316846
-672.40924092	0.00824159
-672.37623762	0.01118184
-672.34323432	0.01227680
-672.31023102	0.01186758
-672.27722772	0.01055124
-672.24422442	0.00882935
-672.21122112	0.00709685
-672.17821782	0.00555094
-672.14521452	0.00472831
-672.11221122	0.00441022
-672.07920792	0.00498034
-672.04620462	0.00608903
-672.01320132	0.00730197
-671.98019802	0.00827609
-671.94719472	0.00811659
-671.91419142	0.00668727
-671.88118812	0.00375880
-671.84818482	-0.00008578
-671.81518152	-0.00388661
-671.78217822	-0.00664092
-671.74917492	-0.00743197
-671.71617162	-0.00570359
-671.68316832	-0.00172311
-671.65016502	0.00407151
-671.61716172	0.01065586
-671.58415842	0.01729905
-671.55115512	0.02305692
-671.51815182	0.02711029
-671.48514851	0.02880245
-671.45214521	0.02776308
-671.41914191	0.02363220
-671.38613861	0.01658800
-671.35313531	0.00724787
-671.32013201	-0.00341837
-671.28712871	-0.01432482
-671.25412541	-0.02412497
-671.22112211	-0.03224116
-671.18811881	-0.03802226
-671.15511551	-0.04160089
-671.12211221	-0.04330941
-671.08910891	-0.04341837
-671.05610561	-0.04231752
-671.02310231	-0.04006004
-670.99009901	-0.03689875
-670.95709571	-0.03287186
-670.92409241	-0.02818393
-670.89108911	-0.02281060
-670.85808581	-0.01693988
-670.82508251	-0.01060481
-670.79207921	-0.00375135
-670.75907591	0.00335972
-670.72607261	0.01044501
-670.69306931	0.01738546
-670.66006601	0.02337090
-670.62706271	0.02811831
-670.59405941	0.03099375
-670.56105611	0.03173793
-670.52805281	0.03045767
-670.49504950	0.02741718
-670.46204620	0.02356664
-670.42904290	0.01957773
-670.39603960	0.01613517
-670.36303630	0.01343050
-670.33003300	0.01150181
-670.29702970	0.00986804
-670.26402640	0.00834636
-670.23102310	0.00663634
-670.19801980	0.00483928
-670.16501650	0.00272281
-670.13201320	0.00097229
-670.09900990	-0.00056927
-670.06600660	-0.00157377
-670.03300330	-0.00199321
-670.00000000	-0.00184294
-669.96699670	-0.00100942
-669.93399340	0.00056920
-669.90099010	0.00273744
-669.86798680	0.00557925
-669.83498350	0.00855830
-669.80198020	0.01132961
-669.76897690	0.01360666
-669.73597360	0.01496119
-669.70297030	0.01509486
-669.66996700	0.01403171
-669.63696370	0.01165153
-669.60396040	0.00827996
-669.57095710	0.00404435
-669.53795380	-0.00060890
-669.50495050	-0.00518991
-669.47194719	-0.00934563
-669.43894389	-0.01284872
-669.40594059	-0.01521236
-669.37293729	-0.01634472
-669.33993399	-0.01550720
-669.30693069	-0.01277218
-669.27392739	-0.00764529
-669.24092409	-0.00078046
-669.20792079	0.00739825
-669.17491749	0.01592596
-669.14191419	0.02371879
-669.10891089	0.02970292
-669.07590759	0.03347602
-669.04290429	0.03474217
-669.00990099	0.03370623
-668.97689769	0.03035811
-668.94389439	0.02519704
-668.91089109	0.01804960
-668.87788779	0.00948263
-668.84488449	0.00014402
-668.81188119	-0.00938955
-668.77887789	-0.01790948
-668.74587459	-0.02473282
-668.71287129	-0.02918709
-668.67986799	-0.03139606
-668.64686469	-0.03149854
-668.61386139	-0.03044016
-668.58085809	-0.02891363
-668.54785479	-0.02776464
-668.51485149	-0.02743477
-668.48184818	-0.02807600
-668.44884488	-0.02935038
-668.41584158	-0.03052590
-668.38283828	-0.03064936
-668.34983498	-0.02881474
-668.31683168	-0.02429857
-668.28382838	-0.01686853
-668.25082508	-0.00683041
-668.21782178	0.00482666
-668.18481848	0.01679074
-668.15181518	0.02757696
-668.11881188	0.03613176
-668.08580858	0.04193599
-668.05280528	0.04512625
-668.01980198	0.04643807
-667.98679868	0.04638744
-667.95379538	0.04558672
-667.92079208	0.04416443
-667.88778878	0.04218087
-667.85478548	0.03938291
-667.82178218	0.03566185
-667.78877888	0.03107618
-667.75577558	0.02549092
-667.72277228	0.01936084
-667.68976898	0.01257964
-667.65676568	0.00580866
-667.62376238	-0.00086997
-667.59075908	-0.00675267
-667.55775578	-0.01144655
-667.52475248	-0.01446661
-667.49174917	-0.01554377
-667.45874587	-0.01475379
-667.42574257	-0.01239683
-667.39273927	-0.00910376
-667.35973597	-0.00558232
-667.32673267	-0.00270888
-667.29372937	-0.00125543
-667.26072607	-0.00165190
-667.22772277	-0.00432055
-667.19471947	-0.00910399
-667.16171617	-0.01529414
-667.12871287	-0.02188385
-667.09570957	-0.02797874
-667.06270627	-0.03239871
-667.02970297	-0.03473535
-666.99669967	-0.03456021
-666.96369637	-0.03245218
-666.93069307	-0.02862298
-666.89768977	-0.02411848
-666.86468647	-0.01952234
-666.83168317	-0.01537724
-666.79867987	-0.01208179
-666.76567657	-0.00931939
-666.73267327	-0.00700307
-666.69966997	-0.00467302
-666.66666667	-0.00211540
-666.63366337	0.00088658
-666.60066007	0.00450689
-666.56765677	0.00844548
-666.53465347	0.01269401
-666.50165017	0.01699865
-666.46864686	0.02083458
-666.43564356	0.02429277
-666.40264026	0.02697080
-666.36963696	0.02879903
-666.33663366	0.02978867
-666.30363036	0.02965833
-666.27062706	0.02846662
-666.23762376	0.02627853
-666.20462046	0.02313920
-666.17161716	0.01933872
-666.13861386	0.01516743
-666.10561056	0.01095413
-666.07260726	0.00675110
-666.03960396	0.00280696
-666.00660066	-0.00110889
-665.97359736	-0.00477779
-665.94059406	-0.00839547
-665.90759076	-0.01182487
-665.87458746	-0.01467869
-665.84158416	-0.01731044
-665.80858086	-0.01898209
-665.77557756	-0.02022307
-665.74257426	-0.02066820
-665.70957096	-0.02069871
-665.67656766	-0.02049394
-665.64356436	-0.02029303
-665.61056106	-0.02047141
-665.57755776	-0.02109498
-665.54455446	-0.02194537
-665.51155116	-0.02275720
-665.47854785	-0.02309359
-665.44554455	-0.02262416
-665.41254125	-0.02121207
-665.37953795	-0.01877817
-665.34653465	-0.01568247
-665.31353135	-0.01220709
-665.28052805	-0.00829134
-665.24752475	-0.00437983
-665.21452145	-0.00045975
-665.18151815	0.00305338
-665.14851485	0.00579353
-665.11551155	0.00714721
-665.08250825	0.00696753
-665.04950495	0.00542234
-665.01650165	0.00277357
-664.98349835	0.00003064
-664.95049505	-0.00207209
-664.91749175	-0.00272885
-664.88448845	-0.00174314
-664.85148515	0.00076032
-664.81848185	0.00419369
-664.78547855	0.00796855
-664.75247525	0.01153581
-664.71947195	0.01434492
-664.68646865	0.01593823
-664.65346535	0.01634252
-664.62046205	0.01519640
-664.58745875	0.01256301
-664.55445545	0.00849651
-664.52145215	0.00352331
-664.48844884	-0.00194426
-664.45544554	-0.00683723
-664.42244224	-0.01067485
-664.38943894	-0.01273507
-664.35643564	-0.01296033
-664.32343234	-0.01164781
-664.29042904	-0.00879288
-664.25742574	-0.00490895
-664.22442244	-0.00032835
-664.19141914	0.00447538
-664.15841584	0.00895944
-664.12541254	0.01263562
-664.09240924	0.01475738
-664.05940594	0.01517367
-664.02640264	0.01367487
-663.99339934	0.01047010
-663.96039604	0.00584131
-663.92739274	0.00078048
-663.89438944	-0.00443008
-663.86138614	-0.00860771
-663.82838284	-0.01145695
-663.79537954	-0.01262985
-663.76237624	-0.01242784
-663.72937294	-0.01133026
-663.69636964	-0.00981993
-663.66336634	-0.00829352
-663.63036304	-0.00693583
-663.59735974	-0.00581229
-663.56435644	-0.00486253
-663.53135314	-0.00403538
-663.49834983	-0.00374141
-663.46534653	-0.00390911
-663.43234323	-0.00506062
-663.39933993	-0.00711453
-663.36633663	-0.01012849
-663.33333333	-0.01372581
-663.30033003	-0.01749884
-663.26732673	-0.02111783
-663.23432343	-0.02442514
-663.20132013	-0.02714352
-663.16831683	-0.02902994
-663.13531353	-0.02985226
-663.10231023	-0.02935529
-663.06930693	-0.02734660
-663.03630363	-0.02338235
-663.00330033	-0.01809600
-662.97029703	-0.01112973
-662.93729373	-0.00327292
-662.90429043	0.00468659
-662.87128713	0.01206552
-662.83828383	0.01808063
-662.80528053	0.02226762
-662.77227723	0.02459156
-662.73927393	0.02529948
-662.70627063	0.02458596
-662.67326733	0.02301303
-662.64026403	0.02049712
-662.60726073	0.01767958
-662.57425743	0.01488082
-662.54125413	0.01270704
-662.50825083	0.01187702
-662.47524752	0.01247449
-662.44224422	0.01441926
-662.40924092	0.01703231
-662.37623762	0.01958825
-662.34323432	0.02118112
-662.31023102	0.02115187
-662.27722772	0.01896399
-662.24422442	0.01420104
-662.21122112	0.00716941
-662.17821782	-0.00180432
-662.14521452	-0.01160661
-662.11221122	-0.02150103
-662.07920792	-0.03004203
-662.04620462	-0.03663524
-662.01320132	-0.04052778
-661.98019802	-0.04122908
-661.94719472	-0.03877331
-661.91419142	-0.03370038
-661.88118812	-0.02671183
-661.84818482	-0.01903365
-661.81518152	-0.01185454
-661.78217822	-0.00593875
-661.74917492	-0.00191096
-661.71617162	0.00009998
-661.68316832	0.00059199
-661.65016502	-0.00041950
-661.61716172	-0.00243528
-661.58415842	-0.00521348
-661.55115512	-0.00840495
-661.51815182	-0.01159631
-661.48514851	-0.01420534
-661.45214521	-0.01557005
-661.41914191	-0.01539308
-661.38613861	-0.01333412
-661.35313531	-0.01006535
-661.32013201	-0.00566953
-661.28712871	-0.00085209
-661.25412541	0.00411919
-661.22112211	0.00905550
-661.18811881	0.01413221
-661.15511551	0.01890971
-661.12211221	0.02345538
-661.08910891	0.02737093
-661.05610561	0.03040002
-661.02310231	0.03247596
-660.99009901	0.03335588
-660.95709571	0.03326531
-660.92409241	0.03212941
-660.89108911	0.03002963
-660.85808581	0.02719645
-660.82508251	0.02382774
-660.79207921	0.02009937
-660.75907591	0.01622241
-660.72607261	0.01235048
-660.69306931	0.00850325
-660.66006601	0.00495433
-660.62706271	0.00166572
-660.59405941	-0.00121018
-660.56105611	-0.00360944
-660.52805281	-0.00576538
-660.49504950	-0.00777960
-660.46204620	-0.00975885
-660.42904290	-0.01193472
-660.39603960	-0.01448014
-660.36303630	-0.01744771
-660.33003300	-0.02064254
-660.29702970	-0.02372682
-660.26402640	-0.02621028
-660.23102310	-0.02738333
-660.19801980	-0.02702271
-660.16501650	-0.02477235
-660.13201320	-0.02079112
-660.09900990	-0.01536556
-660.06600660	-0.00905643
-660.03300330	-0.00204972
-660.00000000	0.00455528
-659.96699670	0.01025659
-659.93399340	0.01453141
-659.90099010	0.01692308
-659.86798680	0.01721321
-659.83498350	0.01578365
-659.80198020	0.01299988
-659.76897690	0.00951644
-659.73597360	0.00581313
-659.70297030	0.00248264
-659.66996700	-0.00057664
-659.63696370	-0.00301865
-659.60396040	-0.00468950
-659.57095710	-0.00550537
-659.53795380	-0.00521811
-659.50495050	-0.00379342
-659.47194719	-0.00145629
-659.43894389	0.00138255
-659.40594059	0.00422781
-659.37293729	0.00656004
-659.33993399	0.00821684
-659.30693069	0.00910246
-659.27392739	0.00919316
-659.24092409	0.00885391
-659.20792079	0.00798495
-659.17491749	0.00708526
-659.14191419	0.00611074
-659.10891089	0.00515084
-659.07590759	0.00443631
-659.04290429	0.00364361
-659.00990099	0.00302002
-658.97689769	0.00234711
-658.94389439	0.00185053
-658.91089109	0.00132616
-658.87788779	0.00107238
-658.84488449	0.00069656
-658.81188119	0.00036270
-658.77887789	0.00006733
-658.74587459	-0.00024628
-658.71287129	-0.00034812
-658.67986799	-0.00014954
-658.64686469	0.00094827
-658.61386139	0.00272070
-658.58085809	0.00537234
-658.54785479	0.00804309
-658.51485149	0.01020204
-658.48184818	0.01057200
-658.44884488	0.00851814
-658.41584158	0.00387403
-658.38283828	-0.00235766
-658.34983498	-0.00941272
-658.31683168	-0.01603955
-658.28382838	-0.02121648
-658.25082508	-0.02430160
-658.21782178	-0.02512450
-658.18481848	-0.02387923
-658.15181518	-0.02080885
-658.11881188	-0.01682704
-658.08580858	-0.01261566
-658.05280528	-0.00915405
-658.01980198	-0.00676085
-657.98679868	-0.00600059
-657.95379538	-0.00652574
-657.92079208	-0.00790258
-657.88778878	-0.00951012
-657.85478548	-0.01038292
-657.82178218	-0.01022319
-657.78877888	-0.00877053
-657.75577558	-0.00634115
-657.72277228	-0.00326027
-657.68976898	-0.00021769
-657.65676568	0.00264972
-657.62376238	0.00504943
-657.59075908	0.00704921
-657.55775578	0.00896643
-657.52475248	0.01083095
-657.49174917	0.01295721
-657.45874587	0.01508380
-657.42574257	0.01684697
-657.39273927	0.01783488
-657.35973597	0.01767113
-657.32673267	0.01659751
-657.29372937	0.01475398
-657.26072607	0.01285018
-657.22772277	0.01130160
-657.19471947	0.01011673
-657.16171617	0.00907214
-657.12871287	0.00785686
-657.09570957	0.00635723
-657.06270627	0.00448899
-657.02970297	0.00268504
-656.99669967	0.00128550
-656.96369637	0.00075942
-656.93069307	0.00099505
-656.89768977	0.00194455
-656.86468647	0.00324478
-656.83168317	0.00435558
-656.79867987	0.00469953
-656.76567657	0.00381038
-656.73267327	0.00172086
-656.69966997	-0.00161163
-656.66666667	-0.00561774
-656.63366337	-0.01011197
-656.60066007	-0.01463250
-656.56765677	-0.01869101
-656.53465347	-0.02195417
-656.50165017	-0.02387223
-656.46864686	-0.02408553
-656.43564356	-0.02261370
-656.40264026	-0.01991993
-656.36963696	-0.01655198
-656.33663366	-0.01331528
-656.30363036	-0.01067444
-656.27062706	-0.00887682
-656.23762376	-0.00770641
-656.20462046	-0.00680169
-656.17161716	-0.00611933
-656.13861386	-0.00534064
-656.10561056	-0.00436166
-656.07260726	-0.00344647
-656.03960396	-0.00228528
-656.00660066	-0.00069410
-655.97359736	0.00152060
-655.94059406	0.00425667
-655.90759076	0.00735959
-655.87458746	0.01026358
-655.84158416	0.01273182
-655.80858086	0.01450201
-655.77557756	0.01562341
-655.74257426	0.01616762
-655.70957096	0.01643572
-655.67656766	0.01621058
-655.64356436	0.01572214
-655.61056106	0.01490754
-655.57755776	0.01388285
-655.54455446	0.01290671
-655.51155116	0.01218383
-655.47854785	0.01144200
-655.44554455	0.01047823
-655.41254125	0.00884752
-655.37953795	0.00642152
-655.34653465	0.00304414
-655.31353135	-0.00076534
-655.28052805	-0.00457248
-655.24752475	-0.00779159
-655.21452145	-0.01008982
-655.18151815	-0.01136259
-655.14851485	-0.01168607
-655.11551155	-0.01142458
-655.08250825	-0.01069733
-655.04950495	-0.00960497
-655.01650165	-0.00838882
-654.98349835	-0.00711498
-654.95049505	-0.00597021
-654.91749175	-0.00500606
-654.88448845	-0.00439942
-654.85148515	-0.00412980
-654.81848185	-0.00400894
-654.78547855	-0.00381433
-654.75247525	-0.00352321
-654.71947195	-0.00277757
-654.68646865	-0.00169009
-654.65346535	-0.00039550
-654.62046205	0.00108555
-654.58745875	0.00269039
-654.55445545	0.00429049
-654.52145215	0.00555468
-654.48844884	0.00632434
-654.45544554	0.00613119
-654.42244224	0.00489287
-654.38943894	0.00220462
-654.35643564	-0.00162213
-654.32343234	-0.00624576
-654.29042904	-0.01132013
-654.25742574	-0.01588437
-654.22442244	-0.01955551
-654.19141914	-0.02159560
-654.15841584	-0.02166989
-654.12541254	-0.01980927
-654.09240924	-0.01634743
-654.05940594	-0.01192075
-654.02640264	-0.00734862
-653.99339934	-0.00346136
-653.96039604	-0.00094811
-653.92739274	-0.00000097
-653.89438944	-0.00023669
-653.86138614	-0.00119781
-653.82838284	-0.00219020
-653.79537954	-0.00251106
-653.76237624	-0.00186738
-653.72937294	-0.00017775
-653.69636964	0.00254660
-653.66336634	0.00566504
-653.63036304	0.00857301
-653.59735974	0.01082434
-653.56435644	0.01201141
-653.53135314	0.01198498
-653.49834983	0.01072668
-653.46534653	0.00846395
-653.43234323	0.00554228
-653.39933993	0.00230241
-653.36633663	-0.00066027
-653.33333333	-0.00314050
-653.30033003	-0.00454536
-653.26732673	-0.00504667
-653.23432343	-0.00468926
-653.20132013	-0.00390948
-653.16831683	-0.00312227
-653.13531353	-0.00274903
-653.10231023	-0.00304140
-653.06930693	-0.00422806
-653.03630363	-0.00627540
-653.00330033	-0.00895232
-652.97029703	-0.01179082
-652.93729373	-0.01389665
-652.90429043	-0.01478178
-652.87128713	-0.01398873
-652.83828383	-0.01143363
-652.80528053	-0.00756514
-652.77227723	-0.00327667
-652.73927393	0.00056745
-652.70627063	0.00315023
-652.67326733	0.00388775
-652.64026403	0.00270272
-652.60726073	-0.00018897
-652.57425743	-0.00427976
-652.54125413	-0.00897630
-652.50825083	-0.01349071
-652.47524752	-0.01719833
-652.44224422	-0.01950084
-652.40924092	-0.02024428
-652.37623762	-0.01944925
-652.34323432	-0.01741734
-652.31023102	-0.01470517
-652.27722772	-0.01165054
-652.24422442	-0.00844526
-652.21122112	-0.00525879
-652.17821782	-0.00219851
-652.14521452	0.00071869
-652.11221122	0.00336820
-652.07920792	0.00523155
-652.04620462	0.00643242
-652.01320132	0.00690768
-651.98019802	0.00723283
-651.94719472	0.00773486
-651.91419142	0.00896771
-651.88118812	0.01086157
-651.84818482	0.01338115
-651.81518152	0.01623538
-651.78217822	0.01895486
-651.74917492	0.02110990
-651.71617162	0.02229191
-651.68316832	0.02237637
-651.65016502	0.02114673
-651.61716172	0.01873835
-651.58415842	0.01539358
-651.55115512	0.01149871
-651.51815182	0.00734014
-651.48514851	0.00316364
-651.45214521	-0.00105389
-651.41914191	-0.00546491
-651.38613861	-0.01019259
-651.35313531	-0.01505749
-651.32013201	-0.01988444
-651.28712871	-0.02434303
-651.25412541	-0.02775177
-651.22112211	-0.02972642
-651.18811881	-0.02983082
-651.15511551	-0.02806507
-651.12211221	-0.02476767
-651.08910891	-0.02026501
-651.05610561	-0.01530117
-651.02310231	-0.01035186
-650.99009901	-0.00591721
-650.95709571	-0.00230854
-650.92409241	0.00033892
-650.89108911	0.00197404
-650.85808581	0.00252798
-650.82508251	0.00224492
-650.79207921	0.00131697
-650.75907591	0.00014713
-650.72607261	-0.00108856
-650.69306931	-0.00192540
-650.66006601	-0.00231320
-650.62706271	-0.00205462
-650.59405941	-0.00105380
-650.56105611	0.00060279
-650.52805281	0.00267249
-650.49504950	0.00490612
-650.46204620	0.00702964
-650.42904290	0.00849762
-650.39603960	0.00945226
-650.36303630	0.00972460
-650.33003300	0.00970224
-650.29702970	0.00965148
-650.26402640	0.00972197
-650.23102310	0.00982770
-650.19801980	0.00992032
-650.16501650	0.00979378
-650.13201320	0.00925135
-650.09900990	0.00834392
-650.06600660	0.00743358
-650.03300330	0.00646005
-650.00000000	0.00576877
