# Menlo Systems GmbH ScanControl
# Program Version 1.14.3
# Start: -733.80000000 ps, Average over 3000 waveforms. Timestamp: 2025-11-05T15:49:28
# Window type: Tukey, parameters: alpha = 0.1, thickness 0.5 mm
# User time axis shift: 0 ps
# Time axis offset: 0 ps
# Time [ps]	THz Signal [a.u.]
-733.80000000	0.00000000
-733.76700680	-0.00000127
-733.73401361	-0.00000511
-733.70102041	-0.00001083
-733.66802721	-0.00001856
-733.63503401	-0.00002715
-733.60204082	-0.00003515
-733.56904762	-0.00004262
-733.53605442	-0.00004691
-733.50306122	-0.00005160
-733.47006803	-0.00004738
-733.43707483	-0.00004309
-733.40408163	-0.00002909
-733.37108844	0.00000031
-733.33809524	0.00002552
-733.30510204	0.00005792
-733.27210884	0.00009711
-733.23911565	0.00014666
-733.20612245	0.00018804
-733.17312925	0.00022973
-733.14013605	0.00029555
-733.10714286	0.00033334
-733.07414966	0.00039058
-733.04115646	0.00044419
-733.00816327	0.00047438
-732.97517007	0.00050787
-732.94217687	0.00053050
-732.90918367	0.00052613
-732.87619048	0.00057141
-732.84319728	0.00054750
-732.81020408	0.00056136
-732.77721088	0.00052219
-732.74421769	0.00054036
-732.71122449	0.00050521
-732.67823129	0.00047924
-732.64523810	0.00046832
-732.61224490	0.00045252
-732.57925170	0.00039799
-732.54625850	0.00038885
-732.51326531	0.00032916
-732.48027211	0.00031148
-732.44727891	0.00033742
-732.41428571	0.00032245
-732.38129252	0.00033035
-732.34829932	0.00027075
-732.31530612	0.00028371
-732.28231293	0.00031559
-732.24931973	0.00027683
-732.21632653	0.00024155
-732.18333333	0.00026022
-732.15034014	0.00031847
-732.11734694	0.00032735
-732.08435374	0.00028424
-732.05136054	0.00034514
-732.01836735	0.00040054
-731.98537415	0.00038083
-731.95238095	0.00035980
-731.91938776	0.00041175
-731.88639456	0.00043876
-731.85340136	0.00045141
-731.82040816	0.00042411
-731.78741497	0.00042092
-731.75442177	0.00041480
-731.72142857	0.00040901
-731.68843537	0.00043628
-731.65544218	0.00036986
-731.62244898	0.00033758
-731.58945578	0.00036714
-731.55646259	0.00035483
-731.52346939	0.00033334
-731.49047619	0.00040345
-731.45748299	0.00036628
-731.42448980	0.00040027
-731.39149660	0.00032978
-731.35850340	0.00040172
-731.32551020	0.00040061
-731.29251701	0.00040508
-731.25952381	0.00036967
-731.22653061	0.00037991
-731.19353741	0.00041526
-731.16054422	0.00041838
-731.12755102	0.00038786
-731.09455782	0.00046581
-731.06156463	0.00047557
-731.02857143	0.00051294
-730.99557823	0.00049968
-730.96258503	0.00047891
-730.92959184	0.00046522
-730.89659864	0.00052343
-730.86360544	0.00053517
-730.83061224	0.00056418
-730.79761905	0.00057620
-730.76462585	0.00059375
-730.73163265	0.00055846
-730.69863946	0.00059288
-730.66564626	0.00061702
-730.63265306	0.00066443
-730.59965986	0.00071495
-730.56666667	0.00076232
-730.53367347	0.00079981
-730.50068027	0.00083625
-730.46768707	0.00084267
-730.43469388	0.00093811
-730.40170068	0.00100875
-730.36870748	0.00107373
-730.33571429	0.00114805
-730.30272109	0.00120942
-730.26972789	0.00127220
-730.23673469	0.00132047
-730.20374150	0.00139396
-730.17074830	0.00143596
-730.13775510	0.00150306
-730.10476190	0.00152581
-730.07176871	0.00152360
-730.03877551	0.00153132
-730.00578231	0.00149483
-729.97278912	0.00150559
-729.93979592	0.00142235
-729.90680272	0.00127305
-729.87380952	0.00113118
-729.84081633	0.00100470
-729.80782313	0.00079297
-729.77482993	0.00056698
-729.74183673	0.00020286
-729.70884354	-0.00011329
-729.67585034	-0.00052776
-729.64285714	-0.00090982
-729.60986395	-0.00128289
-729.57687075	-0.00164221
-729.54387755	-0.00192497
-729.51088435	-0.00222032
-729.47789116	-0.00241937
-729.44489796	-0.00256194
-729.41190476	-0.00264470
-729.37891156	-0.00264225
-729.34591837	-0.00264906
-729.31292517	-0.00252868
-729.27993197	-0.00233679
-729.24693878	-0.00210023
-729.21394558	-0.00186673
-729.18095238	-0.00155728
-729.14795918	-0.00124712
-729.11496599	-0.00083860
-729.08197279	-0.00052730
-729.04897959	-0.00021591
-729.01598639	0.00012579
-728.98299320	0.00053036
-728.95000000	0.00082080
-728.91700680	0.00105364
-728.88401361	0.00127667
-728.85102041	0.00148171
-728.81802721	0.00163185
-728.78503401	0.00172737
-728.75204082	0.00182855
-728.71904762	0.00191592
-728.68605442	0.00193189
-728.65306122	0.00191258
-728.62006803	0.00189864
-728.58707483	0.00185993
-728.55408163	0.00177244
-728.52108844	0.00174259
-728.48809524	0.00156091
-728.45510204	0.00150998
-728.42210884	0.00143415
-728.38911565	0.00131823
-728.35612245	0.00114801
-728.32312925	0.00104058
-728.29013605	0.00097351
-728.25714286	0.00080962
-728.22414966	0.00070513
-728.19115646	0.00061531
-728.15816327	0.00048325
-728.12517007	0.00041988
-728.09217687	0.00034571
-728.05918367	0.00028032
-728.02619048	0.00025738
-727.99319728	0.00024660
-727.96020408	0.00030176
-727.92721088	0.00032457
-727.89421769	0.00032813
-727.86122449	0.00046151
-727.82823129	0.00051424
-727.79523810	0.00058153
-727.76224490	0.00066210
-727.72925170	0.00070016
-727.69625850	0.00080741
-727.66326531	0.00091899
-727.63027211	0.00087731
-727.59727891	0.00096837
-727.56428571	0.00105422
-727.53129252	0.00104016
-727.49829932	0.00108107
-727.46530612	0.00110150
-727.43231293	0.00113941
-727.39931973	0.00116113
-727.36632653	0.00115028
-727.33333333	0.00122452
-727.30034014	0.00131885
-727.26734694	0.00135264
-727.23435374	0.00132957
-727.20136054	0.00139046
-727.16836735	0.00154662
-727.13537415	0.00151928
-727.10238095	0.00158784
-727.06938776	0.00160828
-727.03639456	0.00163956
-727.00340136	0.00160878
-726.97040816	0.00155513
-726.93741497	0.00148639
-726.90442177	0.00147705
-726.87142857	0.00134580
-726.83843537	0.00125027
-726.80544218	0.00113226
-726.77244898	0.00094076
-726.73945578	0.00078446
-726.70646259	0.00060290
-726.67346939	0.00038415
-726.64047619	0.00006896
-726.60748299	-0.00027139
-726.57448980	-0.00060640
-726.54149660	-0.00092330
-726.50850340	-0.00132470
-726.47551020	-0.00173290
-726.44251701	-0.00215969
-726.40952381	-0.00266937
-726.37653061	-0.00293812
-726.34353741	-0.00336522
-726.31054422	-0.00367435
-726.27755102	-0.00389273
-726.24455782	-0.00407172
-726.21156463	-0.00413562
-726.17857143	-0.00405399
-726.14557823	-0.00389724
-726.11258503	-0.00367143
-726.07959184	-0.00342186
-726.04659864	-0.00305166
-726.01360544	-0.00254994
-725.98061224	-0.00217796
-725.94761905	-0.00169103
-725.91462585	-0.00121179
-725.88163265	-0.00074166
-725.84863946	-0.00029524
-725.81564626	0.00015072
-725.78265306	0.00048958
-725.74965986	0.00091404
-725.71666667	0.00115784
-725.68367347	0.00147726
-725.65068027	0.00170369
-725.61768707	0.00182976
-725.58469388	0.00186463
-725.55170068	0.00188882
-725.51870748	0.00184635
-725.48571429	0.00168877
-725.45272109	0.00152523
-725.41972789	0.00120450
-725.38673469	0.00079633
-725.35374150	0.00033920
-725.32074830	-0.00017708
-725.28775510	-0.00073442
-725.25476190	-0.00146792
-725.22176871	-0.00217711
-725.18877551	-0.00295108
-725.15578231	-0.00384846
-725.12278912	-0.00477649
-725.08979592	-0.00576350
-725.05680272	-0.00678144
-725.02380952	-0.00796566
-724.99081633	-0.00901779
-724.95782313	-0.01020828
-724.92482993	-0.01150102
-724.89183673	-0.01277874
-724.85884354	-0.01403976
-724.82585034	-0.01536158
-724.79285714	-0.01663977
-724.75986395	-0.01778852
-724.72687075	-0.01888851
-724.69387755	-0.01982043
-724.66088435	-0.02051748
-724.62789116	-0.02107220
-724.59489796	-0.02132290
-724.56190476	-0.02126084
-724.52891156	-0.02095020
-724.49591837	-0.02041873
-724.46292517	-0.01970518
-724.42993197	-0.01861616
-724.39693878	-0.01755418
-724.36394558	-0.01628020
-724.33095238	-0.01484678
-724.29795918	-0.01341802
-724.26496599	-0.01200767
-724.23197279	-0.01055392
-724.19897959	-0.00913996
-724.16598639	-0.00782687
-724.13299320	-0.00653654
-724.10000000	-0.00535322
-724.06700680	-0.00435512
-724.03401361	-0.00344422
-724.00102041	-0.00263560
-723.96802721	-0.00194770
-723.93503401	-0.00140476
-723.90204082	-0.00103089
-723.86904762	-0.00071089
-723.83605442	-0.00047111
-723.80306122	-0.00027232
-723.77006803	-0.00008986
-723.73707483	-0.00001017
-723.70408163	0.00021915
-723.67108844	0.00041235
-723.63809524	0.00077439
-723.60510204	0.00113276
-723.57210884	0.00163789
-723.53911565	0.00219527
-723.50612245	0.00304877
-723.47312925	0.00388076
-723.44013605	0.00499316
-723.40714286	0.00631690
-723.37414966	0.00783522
-723.34115646	0.00953288
-723.30816327	0.01166411
-723.27517007	0.01401235
-723.24217687	0.01669041
-723.20918367	0.01977574
-723.17619048	0.02328645
-723.14319728	0.02715738
-723.11020408	0.03156996
-723.07721088	0.03641140
-723.04421769	0.04175673
-723.01122449	0.04754077
-722.97823129	0.05384214
-722.94523810	0.06063177
-722.91224490	0.06779972
-722.87925170	0.07547607
-722.84625850	0.08367148
-722.81326531	0.09231692
-722.78027211	0.10148640
-722.74727891	0.11123859
-722.71428571	0.12155986
-722.68129252	0.13268521
-722.64829932	0.14462656
-722.61530612	0.15752412
-722.58231293	0.17139539
-722.54931973	0.18657167
-722.51632653	0.20277104
-722.48333333	0.22025147
-722.45034014	0.23903887
-722.41734694	0.25890835
-722.38435374	0.27970379
-722.35136054	0.30128779
-722.31836735	0.32304213
-722.28537415	0.34473089
-722.25238095	0.36550743
-722.21938776	0.38498085
-722.18639456	0.40209693
-722.15340136	0.41625269
-722.12040816	0.42646129
-722.08741497	0.43188683
-722.05442177	0.43166350
-722.02142857	0.42533426
-721.98843537	0.41213253
-721.95544218	0.39174386
-721.92244898	0.36390181
-721.88945578	0.32856193
-721.85646259	0.28584029
-721.82346939	0.23570451
-721.79047619	0.17853804
-721.75748299	0.11427498
-721.72448980	0.04302582
-721.69149660	-0.03526824
-721.65850340	-0.12084612
-721.62551020	-0.21393563
-721.59251701	-0.31460350
-721.55952381	-0.42319460
-721.52653061	-0.53928106
-721.49353741	-0.66211071
-721.46054422	-0.79024277
-721.42755102	-0.92144749
-721.39455782	-1.05232170
-721.36156463	-1.17899962
-721.32857143	-1.29675178
-721.29557823	-1.40034737
-721.26258503	-1.48486325
-721.22959184	-1.54551956
-721.19659864	-1.57866018
-721.16360544	-1.58160331
-721.13061224	-1.55298046
-721.09761905	-1.49283353
-721.06462585	-1.40246648
-721.03163265	-1.28409027
-720.99863946	-1.14097395
-720.96564626	-0.97701632
-720.93265306	-0.79666938
-720.89965986	-0.60479011
-720.86666667	-0.40626259
-720.83367347	-0.20629060
-720.80068027	-0.00979838
-720.76768707	0.17870041
-720.73469388	0.35540198
-720.70170068	0.51662675
-720.66870748	0.65971017
-720.63571429	0.78262853
-720.60272109	0.88378519
-720.56972789	0.96232423
-720.53673469	1.01823474
-720.50374150	1.05179816
-720.47074830	1.06467828
-720.43775510	1.05895876
-720.40476190	1.03701922
-720.37176871	1.00163708
-720.33877551	0.95559105
-720.30578231	0.90144311
-720.27278912	0.84139654
-720.23979592	0.77730619
-720.20680272	0.71081551
-720.17380952	0.64316958
-720.14081633	0.57560841
-720.10782313	0.50882516
-720.07482993	0.44360505
-720.04183673	0.38037382
-720.00884354	0.31945027
-719.97585034	0.26133280
-719.94285714	0.20619531
-719.90986395	0.15476089
-719.87687075	0.10778717
-719.84387755	0.06617623
-719.81088435	0.03095248
-719.77789116	0.00319741
-719.74489796	-0.01653336
-719.71190476	-0.02800364
-719.67891156	-0.03126721
-719.64591837	-0.02723308
-719.61292517	-0.01706272
-719.57993197	-0.00229146
-719.54693878	0.01519059
-719.51394558	0.03369255
-719.48095238	0.05121858
-719.44795918	0.06603782
-719.41496599	0.07669023
-719.38197279	0.08172045
-719.34897959	0.08036440
-719.31598639	0.07240759
-719.28299320	0.05823688
-719.25000000	0.03901345
-719.21700680	0.01642767
-719.18401361	-0.00812754
-719.15102041	-0.03270606
-719.11802721	-0.05632440
-719.08503401	-0.07768383
-719.05204082	-0.09639540
-719.01904762	-0.11188176
-718.98605442	-0.12383117
-718.95306122	-0.13231442
-718.92006803	-0.13704860
-718.88707483	-0.13794667
-718.85408163	-0.13524806
-718.82108844	-0.12911891
-718.78809524	-0.12025648
-718.75510204	-0.10935624
-718.72210884	-0.09695752
-718.68911565	-0.08406521
-718.65612245	-0.07128432
-718.62312925	-0.05885199
-718.59013605	-0.04738916
-718.55714286	-0.03710317
-718.52414966	-0.02836622
-718.49115646	-0.02127561
-718.45816327	-0.01637220
-718.42517007	-0.01331328
-718.39217687	-0.01217298
-718.35918367	-0.01259866
-718.32619048	-0.01424091
-718.29319728	-0.01710230
-718.26020408	-0.02092039
-718.22721088	-0.02564903
-718.19421769	-0.03118411
-718.16122449	-0.03721152
-718.12823129	-0.04340453
-718.09523810	-0.04919012
-718.06224490	-0.05388592
-718.02925170	-0.05689647
-717.99625850	-0.05758798
-717.96326531	-0.05568103
-717.93027211	-0.05087606
-717.89727891	-0.04313057
-717.86428571	-0.03268409
-717.83129252	-0.01975164
-717.79829932	-0.00450288
-717.76530612	0.01222360
-717.73231293	0.02995251
-717.69931973	0.04748506
-717.66632653	0.06373410
-717.63333333	0.07762420
-717.60034014	0.08788482
-717.56734694	0.09331696
-717.53435374	0.09371234
-717.50136054	0.08881571
-717.46836735	0.07891102
-717.43537415	0.06522134
-717.40238095	0.04843865
-717.36938776	0.03010127
-717.33639456	0.01113909
-717.30340136	-0.00732192
-717.27040816	-0.02436529
-717.23741497	-0.03893822
-717.20442177	-0.05075763
-717.17142857	-0.05899726
-717.13843537	-0.06407435
-717.10544218	-0.06645657
-717.07244898	-0.06668903
-717.03945578	-0.06578497
-717.00646259	-0.06436580
-716.97346939	-0.06289026
-716.94047619	-0.06178483
-716.90748299	-0.06114277
-716.87448980	-0.06122689
-716.84149660	-0.06198468
-716.80850340	-0.06357738
-716.77551020	-0.06606535
-716.74251701	-0.06904090
-716.70952381	-0.07253180
-716.67653061	-0.07628508
-716.64353741	-0.07987617
-716.61054422	-0.08315940
-716.57755102	-0.08545743
-716.54455782	-0.08649265
-716.51156463	-0.08560728
-716.47857143	-0.08266644
-716.44557823	-0.07738262
-716.41258503	-0.06983119
-716.37959184	-0.06027670
-716.34659864	-0.04901093
-716.31360544	-0.03641770
-716.28061224	-0.02325314
-716.24761905	-0.01006495
-716.21462585	0.00259688
-716.18163265	0.01423228
-716.14863946	0.02457742
-716.11564626	0.03355925
-716.08265306	0.04140884
-716.04965986	0.04836803
-716.01666667	0.05476223
-715.98367347	0.06034053
-715.95068027	0.06508420
-715.91768707	0.06832589
-715.88469388	0.06975012
-715.85170068	0.06922109
-715.81870748	0.06703619
-715.78571429	0.06358142
-715.75272109	0.05941853
-715.71972789	0.05503137
-715.68673469	0.05039179
-715.65374150	0.04551845
-715.62074830	0.04023861
-715.58775510	0.03440546
-715.55476190	0.02789400
-715.52176871	0.02066663
-715.48877551	0.01264378
-715.45578231	0.00372387
-715.42278912	-0.00605330
-715.38979592	-0.01638277
-715.35680272	-0.02725649
-715.32380952	-0.03787233
-715.29081633	-0.04795040
-715.25782313	-0.05683095
-715.22482993	-0.06430499
-715.19183673	-0.06996945
-715.15884354	-0.07361453
-715.12585034	-0.07495161
-715.09285714	-0.07398154
-715.05986395	-0.07038863
-715.02687075	-0.06468630
-714.99387755	-0.05684238
-714.96088435	-0.04756255
-714.92789116	-0.03726757
-714.89489796	-0.02629738
-714.86190476	-0.01527395
-714.82891156	-0.00443950
-714.79591837	0.00563824
-714.76292517	0.01465653
-714.72993197	0.02229153
-714.69693878	0.02852308
-714.66394558	0.03304815
-714.63095238	0.03625082
-714.59795918	0.03833811
-714.56496599	0.03998058
-714.53197279	0.04135092
-714.49897959	0.04290466
-714.46598639	0.04463600
-714.43299320	0.04633422
-714.40000000	0.04776644
-714.36700680	0.04866250
-714.33401361	0.04882003
-714.30102041	0.04849782
-714.26802721	0.04802937
-714.23503401	0.04788936
-714.20204082	0.04814768
-714.16904762	0.04897111
-714.13605442	0.05004523
-714.10306122	0.05089020
-714.07006803	0.05131920
-714.03707483	0.05083299
-714.00408163	0.04957107
-713.97108844	0.04742604
-713.93809524	0.04442088
-713.90510204	0.04038774
-713.87210884	0.03505058
-713.83911565	0.02834515
-713.80612245	0.02001185
-713.77312925	0.01032228
-713.74013605	-0.00034993
-713.70714286	-0.01170619
-713.67414966	-0.02314005
-713.64115646	-0.03434591
-713.60816327	-0.04494946
-713.57517007	-0.05457281
-713.54217687	-0.06292854
-713.50918367	-0.06981750
-713.47619048	-0.07482876
-713.44319728	-0.07821940
-713.41020408	-0.08003327
-713.37721088	-0.08045408
-713.34421769	-0.07986841
-713.31122449	-0.07831309
-713.27823129	-0.07596958
-713.24523810	-0.07274100
-713.21224490	-0.06876221
-713.17925170	-0.06411424
-713.14625850	-0.05884234
-713.11326531	-0.05324547
-713.08027211	-0.04707742
-713.04727891	-0.04038669
-713.01428571	-0.03308843
-712.98129252	-0.02517596
-712.94829932	-0.01679352
-712.91530612	-0.00838765
-712.88231293	-0.00008696
-712.84931973	0.00751228
-712.81632653	0.01417390
-712.78333333	0.01993038
-712.75034014	0.02448834
-712.71734694	0.02805722
-712.68435374	0.03073135
-712.65136054	0.03245586
-712.61836735	0.03351365
-712.58537415	0.03425831
-712.55238095	0.03475776
-712.51938776	0.03536116
-712.48639456	0.03600173
-712.45340136	0.03682736
-712.42040816	0.03793468
-712.38741497	0.03932028
-712.35442177	0.04117586
-712.32142857	0.04340105
-712.28843537	0.04621665
-712.25544218	0.04940776
-712.22244898	0.05333180
-712.18945578	0.05779510
-712.15646259	0.06285026
-712.12346939	0.06840186
-712.09047619	0.07388203
-712.05748299	0.07882787
-712.02448980	0.08240527
-711.99149660	0.08366315
-711.95850340	0.08195431
-711.92551020	0.07686940
-711.89251701	0.06849055
-711.85952381	0.05706346
-711.82653061	0.04337971
-711.79353741	0.02782748
-711.76054422	0.01137792
-711.72755102	-0.00552077
-711.69455782	-0.02202748
-711.66156463	-0.03766596
-711.62857143	-0.05187114
-711.59557823	-0.06437218
-711.56258503	-0.07487359
-711.52959184	-0.08347657
-711.49659864	-0.09012775
-711.46360544	-0.09484165
-711.43061224	-0.09785386
-711.39761905	-0.09899336
-711.36462585	-0.09837442
-711.33163265	-0.09565168
-711.29863946	-0.09095793
-711.26564626	-0.08438706
-711.23265306	-0.07620585
-711.19965986	-0.06689311
-711.16666667	-0.05694045
-711.13367347	-0.04705207
-711.10068027	-0.03743557
-711.06768707	-0.02842924
-711.03469388	-0.02035306
-711.00170068	-0.01279961
-710.96870748	-0.00592863
-710.93571429	0.00060798
-710.90272109	0.00685308
-710.86972789	0.01288367
-710.83673469	0.01844664
-710.80374150	0.02355469
-710.77074830	0.02784308
-710.73775510	0.03140046
-710.70476190	0.03417344
-710.67176871	0.03645445
-710.63877551	0.03828801
-710.60578231	0.04000571
-710.57278912	0.04175111
-710.53979592	0.04337125
-710.50680272	0.04485758
-710.47380952	0.04585750
-710.44081633	0.04632953
-710.40782313	0.04622967
-710.37482993	0.04546498
-710.34183673	0.04416374
-710.30884354	0.04237458
-710.27585034	0.04013308
-710.24285714	0.03739255
-710.20986395	0.03423051
-710.17687075	0.03065067
-710.14387755	0.02659909
-710.11088435	0.02210790
-710.07789116	0.01701457
-710.04489796	0.01157485
-710.01190476	0.00569040
-709.97891156	-0.00053560
-709.94591837	-0.00683210
-709.91292517	-0.01320432
-709.87993197	-0.01946056
-709.84693878	-0.02565932
-709.81394558	-0.03181262
-709.78095238	-0.03795483
-709.74795918	-0.04413967
-709.71496599	-0.05008345
-709.68197279	-0.05533473
-709.64897959	-0.05982846
-709.61598639	-0.06288373
-709.58299320	-0.06450188
-709.55000000	-0.06460930
-709.51700680	-0.06315300
-709.48401361	-0.06010371
-709.45102041	-0.05525710
-709.41802721	-0.04865945
-709.38503401	-0.04009552
-709.35204082	-0.02956639
-709.31904762	-0.01740304
-709.28605442	-0.00410643
-709.25306122	0.00976975
-709.22006803	0.02347557
-709.18707483	0.03616210
-709.15408163	0.04767120
-709.12108844	0.05696852
-709.08809524	0.06406047
-709.05510204	0.06835404
-709.02210884	0.06941215
-708.98911565	0.06745584
-708.95612245	0.06205151
-708.92312925	0.05405395
-708.89013605	0.04397978
-708.85714286	0.03271720
-708.82414966	0.02129968
-708.79115646	0.01023292
-708.75816327	0.00062258
-708.72517007	-0.00749725
-708.69217687	-0.01326469
-708.65918367	-0.01673424
-708.62619048	-0.01764125
-708.59319728	-0.01596933
-708.56020408	-0.01203580
-708.52721088	-0.00612152
-708.49421769	0.00108312
-708.46122449	0.00881292
-708.42823129	0.01630594
-708.39523810	0.02285759
-708.36224490	0.02806754
-708.32925170	0.03145059
-708.29625850	0.03305589
-708.26326531	0.03277145
-708.23027211	0.03048050
-708.19727891	0.02652847
-708.16428571	0.02089671
-708.13129252	0.01406702
-708.09829932	0.00651060
-708.06530612	-0.00130837
-708.03231293	-0.00899403
-707.99931973	-0.01613920
-707.96632653	-0.02263001
-707.93333333	-0.02821890
-707.90034014	-0.03302739
-707.86734694	-0.03675736
-707.83435374	-0.03959243
-707.80136054	-0.04148580
-707.76836735	-0.04246746
-707.73537415	-0.04272792
-707.70238095	-0.04240495
-707.66938776	-0.04141413
-707.63639456	-0.03954864
-707.60340136	-0.03683527
-707.57040816	-0.03284498
-707.53741497	-0.02774718
-707.50442177	-0.02154119
-707.47142857	-0.01482619
-707.43843537	-0.00796854
-707.40544218	-0.00132851
-707.37244898	0.00466485
-707.33945578	0.00968531
-707.30646259	0.01361796
-707.27346939	0.01648279
-707.24047619	0.01805974
-707.20748299	0.01873749
-707.17448980	0.01849681
-707.14149660	0.01752277
-707.10850340	0.01619071
-707.07551020	0.01499251
-707.04251701	0.01406358
-707.00952381	0.01411933
-706.97653061	0.01536161
-706.94353741	0.01787037
-706.91054422	0.02183085
-706.87755102	0.02704697
-706.84455782	0.03321215
-706.81156463	0.04017630
-706.77857143	0.04710088
-706.74557823	0.05372730
-706.71258503	0.05947999
-706.67959184	0.06350110
-706.64659864	0.06555111
-706.61360544	0.06515344
-706.58061224	0.06220400
-706.54761905	0.05708937
-706.51462585	0.05034911
-706.48163265	0.04255158
-706.44863946	0.03414732
-706.41564626	0.02561238
-706.38265306	0.01680216
-706.34965986	0.00765852
-706.31666667	-0.00197285
-706.28367347	-0.01229430
-706.25068027	-0.02327125
-706.21768707	-0.03479162
-706.18469388	-0.04649202
-706.15170068	-0.05808605
-706.11870748	-0.06882815
-706.08571429	-0.07814535
-706.05272109	-0.08555932
-706.01972789	-0.09060368
-705.98673469	-0.09289223
-705.95374150	-0.09238480
-705.92074830	-0.08925180
-705.88775510	-0.08362928
-705.85476190	-0.07591272
-705.82176871	-0.06645744
-705.78877551	-0.05558360
-705.75578231	-0.04339297
-705.72278912	-0.03044647
-705.68979592	-0.01705969
-705.65680272	-0.00383205
-705.62380952	0.00833559
-705.59081633	0.01915313
-705.55782313	0.02784001
-705.52482993	0.03426323
-705.49183673	0.03828563
-705.45884354	0.04019449
-705.42585034	0.04022676
-705.39285714	0.03888166
-705.35986395	0.03651499
-705.32687075	0.03363608
-705.29387755	0.03058525
-705.26088435	0.02782539
-705.22789116	0.02565783
-705.19489796	0.02454434
-705.16190476	0.02471866
-705.12891156	0.02646562
-705.09591837	0.02956215
-705.06292517	0.03405221
-705.02993197	0.03918011
-704.99693878	0.04455005
-704.96394558	0.04919893
-704.93095238	0.05257605
-704.89795918	0.05433582
-704.86496599	0.05411336
-704.83197279	0.05206445
-704.79897959	0.04825302
-704.76598639	0.04284990
-704.73299320	0.03601694
-704.70000000	0.02774438
-704.66700680	0.01820128
-704.63401361	0.00726964
-704.60102041	-0.00476868
-704.56802721	-0.01755513
-704.53503401	-0.03090891
-704.50204082	-0.04407800
-704.46904762	-0.05660120
-704.43605442	-0.06767366
-704.40306122	-0.07674306
-704.37006803	-0.08290399
-704.33707483	-0.08603989
-704.30408163	-0.08568760
-704.27108844	-0.08193257
-704.23809524	-0.07511341
-704.20510204	-0.06582879
-704.17210884	-0.05479195
-704.13911565	-0.04267601
-704.10612245	-0.03028745
-704.07312925	-0.01814449
-704.04013605	-0.00677572
-704.00714286	0.00321210
-703.97414966	0.01165097
-703.94115646	0.01821933
-703.90816327	0.02287785
-703.87517007	0.02572563
-703.84217687	0.02702159
-703.80918367	0.02716676
-703.77619048	0.02648710
-703.74319728	0.02527389
-703.71020408	0.02379101
-703.67721088	0.02194704
-703.64421769	0.01973999
-703.61122449	0.01725577
-703.57823129	0.01449324
-703.54523810	0.01158498
-703.51224490	0.00867308
-703.47925170	0.00591814
-703.44625850	0.00349666
-703.41326531	0.00150497
-703.38027211	0.00012803
-703.34727891	-0.00059466
-703.31428571	-0.00048195
-703.28129252	0.00060602
-703.24829932	0.00270676
-703.21530612	0.00569095
-703.18231293	0.00956423
-703.14931973	0.01389255
-703.11632653	0.01853944
-703.08333333	0.02298392
-703.05034014	0.02693461
-703.01734694	0.02995163
-702.98435374	0.03182319
-702.95136054	0.03239725
-702.91836735	0.03179413
-702.88537415	0.02974868
-702.85238095	0.02666070
-702.81938776	0.02255810
-702.78639456	0.01745131
-702.75340136	0.01148786
-702.72040816	0.00512406
-702.68741497	-0.00179653
-702.65442177	-0.00855139
-702.62142857	-0.01492119
-702.58843537	-0.02062698
-702.55544218	-0.02553069
-702.52244898	-0.02954331
-702.48945578	-0.03262421
-702.45646259	-0.03496049
-702.42346939	-0.03637968
-702.39047619	-0.03705247
-702.35748299	-0.03695473
-702.32448980	-0.03609396
-702.29149660	-0.03456119
-702.25850340	-0.03226582
-702.22551020	-0.02969600
-702.19251701	-0.02657042
-702.15952381	-0.02317745
-702.12653061	-0.01982512
-702.09353741	-0.01643963
-702.06054422	-0.01331445
-702.02755102	-0.01051295
-701.99455782	-0.00813062
-701.96156463	-0.00628216
-701.92857143	-0.00476398
-701.89557823	-0.00361748
-701.86258503	-0.00265165
-701.82959184	-0.00165027
-701.79659864	-0.00044376
-701.76360544	0.00123478
-701.73061224	0.00349514
-701.69761905	0.00628219
-701.66462585	0.00991498
-701.63163265	0.01418185
-701.59863946	0.01886106
-701.56564626	0.02403306
-701.53265306	0.02921820
-701.49965986	0.03441657
-701.46666667	0.03948567
-701.43367347	0.04401280
-701.40068027	0.04787934
-701.36768707	0.05083904
-701.33469388	0.05274382
-701.30170068	0.05360854
-701.26870748	0.05330928
-701.23571429	0.05177846
-701.20272109	0.04902635
-701.16972789	0.04507664
-701.13673469	0.04010043
-701.10374150	0.03410540
-701.07074830	0.02723326
-701.03775510	0.01971085
-701.00476190	0.01174918
-700.97176871	0.00349634
-700.93877551	-0.00482023
-700.90578231	-0.01294149
-700.87278912	-0.02069041
-700.83979592	-0.02806705
-700.80680272	-0.03467971
-700.77380952	-0.04050528
-700.74081633	-0.04518820
-700.70782313	-0.04863128
-700.67482993	-0.05058786
-700.64183673	-0.05103194
-700.60884354	-0.05013255
-700.57585034	-0.04807561
-700.54285714	-0.04529304
-700.50986395	-0.04205126
-700.47687075	-0.03883101
-700.44387755	-0.03581704
-700.41088435	-0.03289110
-700.37789116	-0.03017714
-700.34489796	-0.02756888
-700.31190476	-0.02478127
-700.27891156	-0.02184898
-700.24591837	-0.01859211
-700.21292517	-0.01505614
-700.17993197	-0.01089634
-700.14693878	-0.00601755
-700.11394558	-0.00046513
-700.08095238	0.00585480
-700.04795918	0.01258591
-700.01496599	0.01976219
-699.98197279	0.02690588
-699.94897959	0.03386987
-699.91598639	0.04031687
-699.88299320	0.04591410
-699.85000000	0.05034497
-699.81700680	0.05334842
-699.78401361	0.05456453
-699.75102041	0.05401905
-699.71802721	0.05158258
-699.68503401	0.04731597
-699.65204082	0.04150328
-699.61904762	0.03460554
-699.58605442	0.02709808
-699.55306122	0.01942521
-699.52006803	0.01197028
-699.48707483	0.00507256
-699.45408163	-0.00112363
-699.42108844	-0.00649158
-699.38809524	-0.01104621
-699.35510204	-0.01479961
-699.32210884	-0.01786361
-699.28911565	-0.02029109
-699.25612245	-0.02217799
-699.22312925	-0.02353663
-699.19013605	-0.02455274
-699.15714286	-0.02538422
-699.12414966	-0.02609881
-699.09115646	-0.02685520
-699.05816327	-0.02765467
-699.02517007	-0.02838495
-698.99217687	-0.02890178
-698.95918367	-0.02902280
-698.92619048	-0.02858704
-698.89319728	-0.02763037
-698.86020408	-0.02606782
-698.82721088	-0.02387504
-698.79421769	-0.02123956
-698.76122449	-0.01837920
-698.72823129	-0.01529306
-698.69523810	-0.01221408
-698.66224490	-0.00915919
-698.62925170	-0.00626755
-698.59625850	-0.00370847
-698.56326531	-0.00164341
-698.53027211	0.00002354
-698.49727891	0.00113967
-698.46428571	0.00182828
-698.43129252	0.00210760
-698.39829932	0.00213617
-698.36530612	0.00201604
-698.33231293	0.00185248
-698.29931973	0.00191445
-698.26632653	0.00214032
-698.23333333	0.00260729
-698.20034014	0.00362795
-698.16734694	0.00517577
-698.13435374	0.00724623
-698.10136054	0.00980189
-698.06836735	0.01265214
-698.03537415	0.01563859
-698.00238095	0.01854000
-697.96938776	0.02121461
-697.93639456	0.02341667
-697.90340136	0.02501725
-697.87040816	0.02606368
-697.83741497	0.02642540
-697.80442177	0.02601297
-697.77142857	0.02484650
-697.73843537	0.02299649
-697.70544218	0.02057139
-697.67244898	0.01773241
-697.63945578	0.01471715
-697.60646259	0.01169730
-697.57346939	0.00893387
-697.54047619	0.00653197
-697.50748299	0.00449586
-697.47448980	0.00281447
-697.44149660	0.00140673
-697.40850340	0.00020371
-697.37551020	-0.00100128
-697.34251701	-0.00213660
-697.30952381	-0.00319729
-697.27653061	-0.00417953
-697.24353741	-0.00503139
-697.21054422	-0.00584722
-697.17755102	-0.00675160
-697.14455782	-0.00788504
-697.11156463	-0.00934086
-697.07857143	-0.01113947
-697.04557823	-0.01320557
-697.01258503	-0.01544792
-696.97959184	-0.01790845
-696.94659864	-0.02028278
-696.91360544	-0.02259536
-696.88061224	-0.02475640
-696.84761905	-0.02674760
-696.81462585	-0.02850426
-696.78163265	-0.03002555
-696.74863946	-0.03110126
-696.71564626	-0.03180598
-696.68265306	-0.03201918
-696.64965986	-0.03162862
-696.61666667	-0.03066082
-696.58367347	-0.02906681
-696.55068027	-0.02673394
-696.51768707	-0.02368093
-696.48469388	-0.01982212
-696.45170068	-0.01520592
-696.41870748	-0.00973724
-696.38571429	-0.00358035
-696.35272109	0.00290333
-696.31972789	0.00946555
-696.28673469	0.01572051
-696.25374150	0.02105356
-696.22074830	0.02533681
-696.18775510	0.02824059
-696.15476190	0.02969540
-696.12176871	0.02981221
-696.08877551	0.02874544
-696.05578231	0.02676761
-696.02278912	0.02415401
-695.98979592	0.02109552
-695.95680272	0.01802099
-695.92380952	0.01500039
-695.89081633	0.01235107
-695.85782313	0.01007996
-695.82482993	0.00822286
-695.79183673	0.00677015
-695.75884354	0.00556716
-695.72585034	0.00453152
-695.69285714	0.00354730
-695.65986395	0.00255638
-695.62687075	0.00157452
-695.59387755	0.00063762
-695.56088435	-0.00027009
-695.52789116	-0.00108968
-695.49489796	-0.00178458
-695.46190476	-0.00231475
-695.42891156	-0.00265329
-695.39591837	-0.00281364
-695.36292517	-0.00279417
-695.32993197	-0.00260919
-695.29693878	-0.00231220
-695.26394558	-0.00194343
-695.23095238	-0.00154975
-695.19795918	-0.00115837
-695.16496599	-0.00080207
-695.13197279	-0.00050387
-695.09897959	-0.00027199
-695.06598639	-0.00011330
-695.03299320	-0.00002588
-695.00000000	0.00000000
