# Menlo Systems GmbH ScanControl
# Program Version 1.14.3
# Start: -733.80000000 ps, Average over 3000 waveforms. Timestamp: 2025-11-05T15:49:28
# Window type: Tukey, parameters: alpha = 0.1, thickness 0.5 mm
# User time axis shift: 0 ps
# Time axis offset: 0 ps
# Frequency [THz]	THz Signal [a.u.]
0.00000000	-42.42714318
0.01480668	-43.63045189
0.02961336	-50.54924474
0.04442005	-50.55867634
0.05922673	-43.47925987
0.07403341	-35.79839325
0.08884009	-31.61263745
0.10364678	-27.55730250
0.11845346	-23.25036765
0.13326014	-20.60745833
0.14806682	-17.81645939
0.16287350	-14.42229078
0.17768019	-12.19382787
0.19248687	-10.67251476
0.20729355	-9.22843291
0.22210023	-7.98644640
0.23690691	-6.80798998
0.25171360	-5.91091961
0.26652028	-5.14977901
0.28132696	-4.38778248
0.29613364	-4.09683768
0.31094033	-3.67666288
0.32574701	-3.02743066
0.34055369	-2.72600813
0.35536037	-1.95230390
0.37016705	-1.14547882
0.38497374	-0.87615933
0.39978042	-0.55497083
0.41458710	-0.70286023
0.42939378	-1.13689231
0.44420046	-0.84917977
0.45900715	-0.77465955
0.47381383	-0.54218183
0.48862051	-0.12218350
0.50342719	-0.44108575
0.51823388	0.00000000
0.53304056	-0.02580296
0.54784724	-3.36746784
0.56265392	-5.10521286
0.57746060	-1.41883130
0.59226729	-0.95091202
0.60707397	-1.55303403
0.62188065	-1.29469754
0.63668733	-1.46600235
0.65149401	-1.87493559
0.66630070	-2.12998676
0.68110738	-2.62592972
0.69591406	-3.17661884
0.71072074	-3.15452339
0.72552743	-3.11246426
0.74033411	-4.85149347
0.75514079	-6.78289089
0.76994747	-4.82003712
0.78475415	-4.35133427
0.79956084	-5.65284203
0.81436752	-5.81012012
0.82917420	-6.03668981
0.84398088	-6.78712080
0.85878756	-6.78539546
0.87359425	-7.26253811
0.88840093	-7.82845275
0.90320761	-8.07180532
0.91801429	-8.83874201
0.93282098	-9.28496694
0.94762766	-9.50119013
0.96243434	-10.30685336
0.97724102	-11.79635292
0.99204770	-13.13705881
1.00685439	-12.07446569
1.02166107	-11.68149917
1.03646775	-13.17162608
1.05127443	-13.38738434
1.06608111	-13.45093102
1.08088780	-16.95509124
1.09569448	-29.34411195
1.11050116	-23.37490329
1.12530784	-17.32007207
1.14011453	-17.26224669
1.15492121	-25.08245953
1.16972789	-24.33098151
1.18453457	-18.44115472
1.19934125	-20.32968332
1.21414794	-25.17569156
1.22895462	-22.59216341
1.24376130	-20.37240926
1.25856798	-19.13296307
1.27337466	-19.37557086
1.28818135	-19.99985768
1.30298803	-20.08528513
1.31779471	-21.22523185
1.33260139	-21.55357295
1.34740808	-21.29974345
1.36221476	-22.19158201
1.37702144	-21.73148599
1.39182812	-23.01142626
1.40663480	-33.98075734
1.42144149	-27.80140567
1.43624817	-23.37316003
1.45105485	-24.44732483
1.46586153	-25.06925764
1.48066821	-24.60465220
1.49547490	-25.38133312
1.51028158	-25.50407075
1.52508826	-25.43793830
1.53989494	-26.48142158
1.55470163	-27.12083190
1.56950831	-26.89621274
1.58431499	-28.98925136
1.59912167	-35.03182559
1.61392835	-31.32717510
1.62873504	-29.65118614
1.64354172	-33.60127248
1.65834840	-44.72591482
1.67315508	-56.86548241
1.68796176	-43.40794026
1.70276845	-39.85310089
1.71757513	-42.47246814
1.73238181	-37.07644914
1.74718849	-35.03359533
1.76199518	-35.76614065
1.77680186	-36.19300387
1.79160854	-40.23762297
1.80641522	-39.58632129
1.82122190	-34.71262318
1.83602859	-34.76885332
1.85083527	-38.27653494
1.86564195	-52.83418539
1.88044863	-40.31220601
1.89525531	-36.46687981
1.91006200	-41.42483207
1.92486868	-46.14729039
1.93967536	-37.50432781
1.95448204	-37.84093360
1.96928873	-38.77239675
1.98409541	-38.28387808
1.99890209	-38.97955583
2.01370877	-39.18144580
2.02851545	-42.09642309
2.04332214	-45.36357007
2.05812882	-41.85327717
2.07293550	-43.24263190
2.08774218	-42.76873550
2.10254886	-40.27493705
2.11735555	-40.51415510
2.13216223	-41.63875746
2.14696891	-44.94846709
2.16177559	-58.28402048
2.17658228	-52.35046747
2.19138896	-53.01344374
2.20619564	-73.32616995
2.22100232	-57.48999109
2.23580900	-52.29813989
2.25061569	-51.31479643
2.26542237	-58.16551413
2.28022905	-47.65151700
2.29503573	-44.01233815
2.30984241	-45.40074108
2.32464910	-48.90845675
2.33945578	-51.40094186
2.35426246	-56.36707720
2.36906914	-54.59873230
2.38387583	-57.02519637
2.39868251	-56.18966598
2.41348919	-49.26779227
2.42829587	-49.00062480
2.44310255	-52.72926553
2.45790924	-61.34969968
2.47271592	-56.46502085
2.48752260	-50.03186278
2.50232928	-49.15141668
2.51713596	-50.46268157
2.53194265	-49.84077494
2.54674933	-50.07310419
2.56155601	-52.05144531
2.57636269	-51.64582621
2.59116938	-51.67385460
2.60597606	-55.28536816
2.62078274	-62.54159309
2.63558942	-67.93266758
2.65039610	-70.76738522
2.66520279	-68.61114899
2.68000947	-62.68091985
2.69481615	-57.26550815
2.70962283	-54.53971619
2.72442951	-54.16885135
2.73923620	-56.46311395
2.75404288	-62.56280112
2.76884956	-68.41031989
2.78365624	-66.30959260
2.79846293	-60.17996926
2.81326961	-56.10554271
2.82807629	-54.93612739
2.84288297	-55.39411744
2.85768965	-57.25454158
2.87249634	-63.35410793
2.88730302	-65.51448700
2.90210970	-57.12522085
2.91691638	-55.30473179
2.93172306	-57.19140610
2.94652975	-62.65538432
2.96133643	-71.12053054
2.97614311	-74.14188091
2.99094979	-84.70890768
3.00575648	-84.19908922
3.02056316	-93.27905589
3.03536984	-79.65614739
3.05017652	-66.95733806
3.06498320	-60.50980021
3.07978989	-58.03160076
3.09459657	-58.62069528
3.10940325	-62.70833330
3.12420993	-72.05287729
3.13901661	-77.95275702
3.15382330	-74.55886560
3.16862998	-74.47346217
3.18343666	-67.24823400
3.19824334	-62.59165064
3.21305003	-63.71592242
3.22785671	-81.70492671
3.24266339	-62.38119297
3.25747007	-58.66902963
3.27227675	-58.68306767
3.28708344	-59.24007632
3.30189012	-60.61966967
3.31669680	-65.37128358
3.33150348	-72.49821550
3.34631016	-66.69393875
3.36111685	-61.08784476
3.37592353	-59.00670405
3.39073021	-60.07807245
3.40553689	-60.33570143
3.42034358	-59.33456666
3.43515026	-60.78743091
3.44995694	-60.74319162
3.46476362	-59.34782688
3.47957030	-62.02627851
3.49437699	-65.05682497
3.50918367	-62.26537236
3.52399035	-65.38108764
3.53879703	-75.46243688
3.55360371	-63.06659636
3.56841040	-62.14064890
3.58321708	-66.07821487
3.59802376	-73.06586765
3.61283044	-74.52182713
3.62763713	-75.52870272
3.64244381	-81.90551394
3.65725049	-85.44568895
3.67205717	-78.00371822
3.68686385	-71.33797183
3.70167054	-66.23607085
3.71647722	-63.90900805
3.73128390	-63.75239605
3.74609058	-64.61284593
3.76089726	-66.24249696
3.77570395	-70.14608810
3.79051063	-77.32685437
3.80531731	-78.77436245
3.82012399	-76.15380655
3.83493068	-71.82060319
3.84973736	-68.85536535
3.86454404	-66.93970893
3.87935072	-65.69372529
3.89415740	-65.35965818
3.90896409	-66.43638245
3.92377077	-69.33923251
3.93857745	-74.25033533
3.95338413	-83.30118742
3.96819081	-94.84985640
3.98299750	-88.42727395
3.99780418	-81.64196409
4.01261086	-74.27713856
4.02741754	-70.61533802
4.04222423	-70.22076229
4.05703091	-72.02712296
4.07183759	-72.46504602
4.08664427	-70.30959074
4.10145095	-69.61917818
4.11625764	-70.64655105
4.13106432	-73.30712231
4.14587100	-79.31786858
4.16067768	-94.06627286
4.17548436	-86.93024157
4.19029105	-88.03680698
4.20509773	-100.38782840
4.21990441	-89.30654747
4.23471109	-82.52651954
4.24951778	-76.08784949
4.26432446	-72.80449714
4.27913114	-71.69572130
4.29393782	-72.53208986
4.30874450	-73.26585290
4.32355119	-73.30602922
4.33835787	-74.14359121
4.35316455	-74.00571287
4.36797123	-73.17503103
4.38277791	-73.70972811
4.39758460	-74.50574032
4.41239128	-74.73232216
4.42719796	-76.95917350
4.44200464	-83.53151654
4.45681133	-84.94952853
4.47161801	-92.24635340
4.48642469	-88.42205290
4.50123137	-93.62923662
4.51603805	-93.92461679
4.53084474	-101.96892695
4.54565142	-93.99398452
4.56045810	-99.80293608
4.57526478	-92.69557689
4.59007146	-91.31004246
4.60487815	-107.17638783
4.61968483	-87.70097401
4.63449151	-83.85291004
4.64929819	-85.00037765
4.66410488	-86.41621882
4.67891156	-87.76570318
4.69371824	-93.64681009
4.70852492	-93.55478378
4.72333160	-89.65406090
4.73813829	-94.37972433
4.75294497	-96.13063933
4.76775165	-91.17842145
4.78255833	-87.73275894
4.79736501	-87.84071422
4.81217170	-87.30842092
4.82697838	-88.48901431
4.84178506	-91.96037218
4.85659174	-91.23541385
4.87139843	-85.93894843
4.88620511	-84.33466605
4.90101179	-86.38875761
4.91581847	-87.76887545
4.93062515	-88.20624302
4.94543184	-87.49811952
4.96023852	-86.99977092
4.97504520	-88.50071763
4.98985188	-93.65991968
5.00465856	-100.94342798
5.01946525	-93.40969022
5.03427193	-91.57734337
5.04907861	-97.11314195
5.06388529	-96.44615153
5.07869198	-92.30201116
5.09349866	-96.36657471
5.10830534	-96.10085344
5.12311202	-93.90086041
5.13791870	-105.33589301
5.15272539	-91.60685895
5.16753207	-94.39435453
5.18233875	-91.59934487
5.19714543	-92.12238727
5.21195211	-94.58767777
5.22675880	-88.81165831
5.24156548	-94.31099148
5.25637216	-91.00447667
5.27117884	-99.16536468
5.28598553	-90.66872291
5.30079221	-92.66454366
5.31559889	-97.13310315
5.33040557	-103.60810918
5.34521225	-94.96247215
5.36001894	-89.13989251
5.37482562	-86.81791330
5.38963230	-87.59286965
5.40443898	-86.64141850
5.41924567	-86.62868412
5.43405235	-95.04662159
5.44885903	-95.61765744
5.46366571	-91.06167323
5.47847239	-88.94306103
5.49327908	-89.31801487
5.50808576	-93.64594900
5.52289244	-103.41166087
5.53769912	-95.42846272
5.55250580	-87.55618659
5.56731249	-87.21705674
5.58211917	-92.88068453
5.59692585	-97.03094440
5.61173253	-94.23978327
5.62653922	-93.20401650
5.64134590	-93.26079607
5.65615258	-93.37020136
5.67095926	-113.37345512
5.68576594	-97.14970364
5.70057263	-93.48899877
5.71537931	-93.05463303
5.73018599	-100.99825836
5.74499267	-90.98423761
5.75979935	-107.37315263
5.77460604	-91.74529427
5.78941272	-96.03936250
5.80421940	-96.10173605
5.81902608	-92.29238778
5.83383277	-89.77448848
5.84863945	-87.87392592
5.86344613	-90.56412047
5.87825281	-95.68590278
5.89305949	-113.25331316
5.90786618	-99.01337396
5.92267286	-97.23059111
5.93747954	-94.83019019
5.95228622	-92.46924268
5.96709290	-104.19229670
5.98189959	-94.68756397
5.99670627	-92.66935597
6.01151295	-90.80105811
6.02631963	-90.79835176
6.04112632	-96.90446204
6.05593300	-94.40361653
6.07073968	-92.40448912
6.08554636	-98.28051557
6.10035304	-89.25378550
6.11515973	-88.60960059
6.12996641	-93.63115940
6.14477309	-93.40433976
6.15957977	-105.43482856
6.17438645	-92.25204285
6.18919314	-97.94281758
6.20399982	-92.47564017
6.21880650	-100.59958341
6.23361318	-92.57784793
6.24841987	-103.34134383
6.26322655	-92.40777973
6.27803323	-91.15913205
6.29283991	-91.73572728
6.30764659	-107.45470188
6.32245328	-91.51359677
6.33725996	-91.92706730
6.35206664	-96.60723770
6.36687332	-102.54821720
6.38168000	-92.41715375
6.39648669	-103.79415217
6.41129337	-93.97133315
6.42610005	-97.66846289
6.44090673	-96.72222198
6.45571342	-109.58959536
6.47052010	-89.32469332
6.48532678	-87.78331118
6.50013346	-94.50253286
6.51494014	-103.18180824
6.52974683	-102.04625200
6.54455351	-105.40621867
6.55936019	-100.05231183
6.57416687	-107.15824116
6.58897355	-96.63440596
6.60378024	-103.25531126
6.61858692	-100.28853100
6.63339360	-108.34683361
6.64820028	-97.38390753
6.66300697	-97.09103687
6.67781365	-107.87953082
6.69262033	-101.92956442
6.70742701	-97.40055450
6.72223369	-104.42647786
6.73704038	-92.83375961
6.75184706	-91.72358299
6.76665374	-96.72398276
6.78146042	-98.07475693
6.79626710	-89.64826768
6.81107379	-89.85742875
6.82588047	-98.74813899
6.84068715	-101.74480202
6.85549383	-95.40721738
6.87030052	-92.40160689
6.88510720	-116.17971797
6.89991388	-95.51380502
6.91472056	-107.13362727
6.92952724	-93.54705950
6.94433393	-94.62546434
6.95914061	-95.12760411
6.97394729	-92.10641905
6.98875397	-88.37723317
7.00356065	-86.45636839
7.01836734	-94.12971704
7.03317402	-95.38233991
7.04798070	-96.33715708
7.06278738	-99.20258120
7.07759407	-106.03068521
7.09240075	-99.12701775
7.10720743	-94.60663581
7.12201411	-89.82561361
7.13682079	-88.55475358
7.15162748	-94.30373316
7.16643416	-90.15406532
7.18124084	-94.36574833
7.19604752	-94.90978323
7.21085420	-92.53554503
7.22566089	-89.31365068
7.24046757	-97.30518310
7.25527425	-91.84464922
7.27008093	-92.24204361
7.28488762	-98.40564127
7.29969430	-96.15293448
7.31450098	-93.89985078
7.32930766	-118.78937653
7.34411434	-94.53328890
7.35892103	-105.91607392
7.37372771	-94.30959705
7.38853439	-103.49608235
7.40334107	-94.62351913
7.41814775	-101.89823747
7.43295444	-90.97370036
7.44776112	-91.17738206
7.46256780	-98.20517329
7.47737448	-94.06810220
7.49218117	-89.75606621
7.50698785	-92.71266597
7.52179453	-92.75126523
7.53660121	-91.66544868
7.55140789	-99.60296549
7.56621458	-95.95574739
7.58102126	-90.19471158
7.59582794	-90.97968646
7.61063462	-98.77911617
7.62544130	-98.03264833
7.64024799	-93.50909712
7.65505467	-97.88147901
7.66986135	-96.87041711
7.68466803	-91.66841742
7.69947472	-95.91358898
7.71428140	-90.79280141
7.72908808	-88.30855560
7.74389476	-100.34524364
7.75870144	-91.27602616
7.77350813	-91.66859856
7.78831481	-102.24757253
7.80312149	-92.65900032
7.81792817	-109.06609026
7.83273485	-90.93175390
7.84754154	-93.99478399
7.86234822	-92.30584767
7.87715490	-91.76672891
7.89196158	-112.58854090
7.90676827	-95.01046593
7.92157495	-93.72754368
7.93638163	-95.37890597
7.95118831	-95.25592347
7.96599499	-95.17895641
7.98080168	-104.48026398
7.99560836	-96.17283180
8.01041504	-106.42666680
8.02522172	-92.36598249
8.04002840	-96.95035404
8.05483509	-92.83673626
8.06964177	-89.38366912
8.08444845	-96.63050229
8.09925513	-103.00181456
8.11406182	-97.97529373
8.12886850	-102.35240413
8.14367518	-99.29488566
8.15848186	-98.68562021
8.17328854	-102.99265682
8.18809523	-93.29898906
8.20290191	-95.15158989
8.21770859	-118.45179835
8.23251527	-108.01686761
8.24732195	-91.62278822
8.26212864	-92.45905142
8.27693532	-106.68603237
8.29174200	-97.09989915
8.30654868	-97.47122077
8.32135537	-93.19717341
8.33616205	-93.14550212
8.35096873	-98.06469330
8.36577541	-96.11285538
8.38058209	-92.40432022
8.39538878	-92.38204963
8.41019546	-94.25105000
8.42500214	-112.90365995
8.43980882	-92.98762617
8.45461550	-94.22042045
8.46942219	-92.73004791
8.48422887	-97.24889154
8.49903555	-96.18951927
8.51384223	-95.05127992
8.52864892	-95.12962288
8.54345560	-99.52959551
8.55826228	-96.04683909
8.57306896	-97.97261734
8.58787564	-94.02434775
8.60268233	-92.33725355
8.61748901	-97.56801790
8.63229569	-90.32936665
8.64710237	-92.69176905
8.66190905	-99.67675010
8.67671574	-101.89307365
8.69152242	-94.51511991
8.70632910	-91.01131863
8.72113578	-96.58936828
8.73594247	-97.66056365
8.75074915	-90.28703061
8.76555583	-88.99915446
8.78036251	-91.43568097
8.79516919	-98.04584301
8.80997588	-91.05980703
8.82478256	-90.33795079
8.83958924	-91.98542560
8.85439592	-100.79282212
8.86920260	-100.07926056
8.88400929	-103.55295767
8.89881597	-92.04996823
8.91362265	-88.88719232
8.92842933	-88.38434999
8.94323602	-88.49986785
8.95804270	-90.19413996
8.97284938	-96.01706351
8.98765606	-88.62713518
9.00246274	-89.88395758
9.01726943	-99.32770076
9.03207611	-89.52712948
9.04688279	-96.50818098
9.06168947	-93.48414147
9.07649615	-92.17203131
9.09130284	-107.55307866
9.10610952	-92.46126936
9.12091620	-92.40837090
9.13572288	-93.66888212
9.15052957	-95.85481835
9.16533625	-92.22323226
9.18014293	-88.67363781
9.19494961	-92.00182520
9.20975629	-88.22558179
9.22456298	-84.81854026
9.23936966	-89.42461046
9.25417634	-102.67492626
9.26898302	-91.90219941
9.28378970	-95.46952131
9.29859639	-97.32591909
9.31340307	-101.73143546
9.32820975	-94.32515697
9.34301643	-89.81945553
9.35782312	-90.67128857
9.37262980	-92.64908770
9.38743648	-92.31566534
9.40224316	-89.25089766
9.41704984	-89.67806558
9.43185653	-90.29726587
9.44666321	-91.34598920
9.46146989	-106.50653628
9.47627657	-89.21675069
9.49108325	-87.15584619
9.50588994	-104.16764280
9.52069662	-87.80255731
9.53550330	-88.35960964
9.55030998	-97.40700172
9.56511667	-98.11448920
9.57992335	-112.26080769
9.59473003	-96.12274732
9.60953671	-94.22772942
9.62434339	-100.38684586
9.63915008	-96.82114250
9.65395676	-106.13381984
9.66876344	-102.50340279
9.68357012	-91.00259941
9.69837680	-91.09254633
9.71318349	-102.14459009
9.72799017	-101.42881498
9.74279685	-94.22050294
9.75760353	-87.70637456
9.77241022	-88.63179843
9.78721690	-94.11818400
9.80202358	-99.63339109
9.81683026	-95.39532959
9.83163694	-96.96555362
9.84644363	-99.56243022
9.86125031	-96.51957242
9.87605699	-97.68719575
9.89086367	-100.44946279
9.90567035	-93.53632525
9.92047704	-96.08083097
9.93528372	-96.52072449
9.95009040	-89.45749971
9.96489708	-90.99714479
9.97970377	-94.99913250
9.99451045	-94.05064484
10.00931713	-93.70357717
10.02412381	-101.23072075
10.03893049	-90.66514467
10.05373718	-89.15568740
10.06854386	-93.01241088
10.08335054	-95.30505921
10.09815722	-92.73514942
10.11296390	-93.85159185
10.12777059	-100.16099673
10.14257727	-95.70691818
10.15738395	-89.95834210
10.17219063	-90.02004070
10.18699732	-96.99887540
10.20180400	-106.48250792
10.21661068	-100.03759502
10.23141736	-103.48857485
10.24622404	-93.92198656
10.26103073	-88.06103816
10.27583741	-89.16457769
10.29064409	-91.27118093
10.30545077	-98.21171434
10.32025745	-93.91726169
10.33506414	-87.17368666
10.34987082	-86.78143360
10.36467750	-89.78346723
10.37948418	-90.23435592
10.39429087	-89.59180508
10.40909755	-96.92647141
10.42390423	-90.40758428
10.43871091	-91.08096386
10.45351759	-98.31975590
10.46832428	-97.51755786
10.48313096	-91.04041050
10.49793764	-88.65013103
10.51274432	-91.84226832
10.52755101	-93.45225971
10.54235769	-84.89683428
10.55716437	-84.70201864
10.57197105	-90.13166544
10.58677773	-98.47932217
10.60158442	-101.99177966
10.61639110	-99.78932304
10.63119778	-91.60470838
10.64600446	-92.40384230
10.66081114	-103.94213540
10.67561783	-94.09739329
10.69042451	-97.90508210
10.70523119	-99.85623610
10.72003787	-92.11716031
10.73484456	-87.57654031
10.74965124	-88.01275958
10.76445792	-96.11730504
10.77926460	-95.42936942
10.79407128	-92.14425803
10.80887797	-95.59716628
10.82368465	-95.55484505
10.83849133	-89.83207881
10.85329801	-91.82332908
10.86810469	-98.32947305
10.88291138	-94.35623865
10.89771806	-97.27002284
10.91252474	-99.08430416
10.92733142	-94.81238676
10.94213811	-91.20075008
10.95694479	-90.15500806
10.97175147	-92.04585103
10.98655815	-99.03832828
11.00136483	-105.00209372
11.01617152	-92.62723574
11.03097820	-86.47602119
11.04578488	-88.17393713
11.06059156	-113.71036688
11.07539824	-88.25258015
11.09020493	-88.04011488
11.10501161	-91.50194755
11.11981829	-89.88592698
11.13462497	-90.71542241
11.14943166	-91.89020443
11.16423834	-92.91546482
11.17904502	-100.13445104
11.19385170	-91.45518822
11.20865838	-86.33519667
11.22346507	-88.03171125
11.23827175	-100.41991444
11.25307843	-93.78005477
11.26788511	-94.47519700
11.28269179	-104.63402341
11.29749848	-98.25742135
11.31230516	-97.33613009
11.32711184	-87.84883411
11.34191852	-85.59008806
11.35672521	-88.98469124
11.37153189	-96.72324513
11.38633857	-97.87558461
11.40114525	-90.40565797
11.41595193	-88.20168919
11.43075862	-94.18237328
11.44556530	-94.81544820
11.46037198	-95.17911771
11.47517866	-100.16184474
11.48998534	-88.03431978
11.50479203	-84.94615039
11.51959871	-88.37047609
11.53440539	-103.52894873
11.54921207	-103.13361214
11.56401876	-96.59393778
11.57882544	-89.65336397
11.59363212	-86.77103777
11.60843880	-90.82293411
11.62324548	-116.79983493
11.63805217	-88.47704022
11.65285885	-86.73079176
11.66766553	-96.95113629
11.68247221	-91.39796042
11.69727889	-92.54958155
11.71208558	-107.66802475
11.72689226	-91.34638791
11.74169894	-92.95028115
11.75650562	-100.84093857
11.77131231	-95.24935112
11.78611899	-93.46643937
11.80092567	-92.85065476
11.81573235	-109.68934898
11.83053903	-98.34492413
11.84534572	-97.46578697
11.86015240	-97.23610635
11.87495908	-92.33920047
11.88976576	-89.00252780
11.90457244	-91.82761363
11.91937913	-94.19807461
11.93418581	-90.83862435
11.94899249	-88.49085259
11.96379917	-98.84651803
11.97860586	-90.54834938
11.99341254	-89.34031672
12.00821922	-91.07991861
12.02302590	-87.09112985
12.03783258	-86.96840085
12.05263927	-90.25226195
12.06744595	-91.24381551
12.08225263	-91.35293203
12.09705931	-98.87893923
12.11186599	-96.85191952
12.12667268	-90.02191655
12.14147936	-92.47249601
12.15628604	-93.83583722
12.17109272	-93.58665818
12.18589941	-106.28024745
12.20070609	-101.06701589
12.21551277	-91.64401527
12.23031945	-89.55982526
12.24512613	-94.89565992
12.25993282	-110.03611757
12.27473950	-95.53394657
12.28954618	-93.90479303
12.30435286	-104.69423742
12.31915954	-96.84675518
12.33396623	-98.47028953
12.34877291	-90.64594336
12.36357959	-88.23371618
12.37838627	-88.18510522
12.39319296	-90.66144591
12.40799964	-93.65550320
12.42280632	-94.18881369
12.43761300	-89.07726577
12.45241968	-88.04587615
12.46722637	-92.25425290
12.48203305	-88.96127048
12.49683973	-87.43714251
12.51164641	-89.00983999
12.52645309	-92.00656010
12.54125978	-95.91133890
12.55606646	-94.84029296
12.57087314	-92.29748166
12.58567982	-94.58222762
12.60048651	-100.20940892
12.61529319	-97.16253045
12.63009987	-92.67656008
12.64490655	-91.16461435
12.65971323	-88.94419595
12.67451992	-91.76236688
12.68932660	-98.55362345
12.70413328	-90.07942762
12.71893996	-93.35742290
12.73374664	-98.17021245
12.74855333	-88.17704522
12.76336001	-86.17388998
12.77816669	-88.17905720
12.79297337	-91.59227237
12.80778006	-91.71934085
12.82258674	-91.20397624
12.83739342	-95.63798926
12.85220010	-91.96932463
12.86700678	-90.94861492
12.88181347	-103.99350229
12.89662015	-96.08873732
12.91142683	-93.51701545
12.92623351	-91.47153191
12.94104019	-89.07823691
12.95584688	-88.42124772
12.97065356	-90.34555542
12.98546024	-90.90999534
13.00026692	-91.12533569
13.01507361	-94.36047892
13.02988029	-92.60963140
13.04468697	-99.93668189
13.05949365	-102.99487488
13.07430033	-103.47275295
13.08910702	-104.47416996
13.10391370	-100.04629250
13.11872038	-102.98952889
13.13352706	-107.89405093
13.14833374	-101.39662835
13.16314043	-97.19803068
13.17794711	-91.81245806
13.19275379	-88.16719829
13.20756047	-88.54937773
13.22236716	-91.69597567
13.23717384	-92.15350877
13.25198052	-92.67284398
13.26678720	-94.19470682
13.28159388	-92.51957308
13.29640057	-92.33233022
13.31120725	-98.78948340
13.32601393	-123.39689067
13.34082061	-104.99741656
13.35562729	-92.23967316
13.37043398	-86.49176067
13.38524066	-85.19540660
13.40004734	-87.65005444
13.41485402	-91.57832970
13.42966071	-92.86953198
13.44446739	-95.53043874
13.45927407	-105.12106565
13.47408075	-92.65461754
13.48888743	-92.66722095
13.50369412	-99.72862285
13.51850080	-98.80899949
13.53330748	-92.20893896
13.54811416	-92.33767545
13.56292084	-93.20679835
13.57772753	-93.51133392
13.59253421	-97.20742254
13.60734089	-94.59673715
13.62214757	-95.07582206
13.63695426	-97.69241944
13.65176094	-93.52168893
13.66656762	-90.95460065
13.68137430	-91.99811253
13.69618098	-96.20678660
13.71098767	-109.76126937
13.72579435	-100.52151002
13.74060103	-95.26337823
13.75540771	-90.26306928
13.77021439	-91.23102327
13.78502108	-94.71908696
13.79982776	-116.79407750
13.81463444	-94.08072376
13.82944112	-94.06413437
13.84424781	-107.47380004
13.85905449	-96.86332112
13.87386117	-93.35731981
13.88866785	-93.96122821
13.90347453	-99.57442698
13.91828122	-102.30314569
13.93308790	-95.46403836
13.94789458	-101.13609534
13.96270126	-94.22646229
13.97750794	-92.32330913
13.99231463	-92.09249494
14.00712131	-91.03898275
14.02192799	-95.62957704
14.03673467	-105.67563595
14.05154136	-92.64742984
14.06634804	-91.59413282
14.08115472	-97.01488975
14.09596140	-103.31038991
14.11076808	-97.38879935
14.12557477	-105.18952190
14.14038145	-101.04284392
14.15518813	-110.68937084
14.16999481	-92.19877981
14.18480149	-85.98985213
14.19960818	-85.91638305
14.21441486	-90.63062327
14.22922154	-95.60631513
14.24402822	-94.98915051
14.25883491	-98.12722637
14.27364159	-98.28390710
14.28844827	-91.67170216
14.30325495	-87.94230280
14.31806163	-89.64777178
14.33286832	-93.69053613
14.34767500	-89.98428771
14.36248168	-90.51006796
14.37728836	-96.28447101
14.39209504	-100.11913445
14.40690173	-91.22308589
14.42170841	-90.83886288
14.43651509	-95.33136380
14.45132177	-98.59239087
14.46612846	-94.76899522
14.48093514	-98.98287327
14.49574182	-107.88228145
14.51054850	-93.14188085
14.52535518	-87.34540023
14.54016187	-89.36454983
14.55496855	-97.30316830
14.56977523	-93.93616753
14.58458191	-86.69496113
14.59938859	-85.22381383
14.61419528	-90.19550215
14.62900196	-92.06814001
14.64380864	-90.60406378
14.65861532	-91.67990111
14.67342201	-95.16722522
14.68822869	-91.49671161
14.70303537	-90.93191566
14.71784205	-94.08301775
14.73264873	-88.55218270
14.74745542	-89.18323923
14.76226210	-98.93040630
14.77706878	-91.71853450
14.79187546	-93.47788484
14.80668214	-92.65803437
14.82148883	-94.76682922
14.83629551	-97.34661520
14.85110219	-97.19503910
14.86590887	-95.17408700
14.88071556	-97.48432509
14.89552224	-106.63921223
14.91032892	-90.59041341
14.92513560	-87.54177287
14.93994228	-90.65802782
14.95474897	-98.79485935
14.96955565	-92.67557585
14.98436233	-90.70948356
14.99916901	-92.12912295
15.01397569	-102.43704251
15.02878238	-95.34894085
15.04358906	-103.63223553
15.05839574	-93.44252576
15.07320242	-97.27729168
15.08800911	-87.29246690
15.10281579	-90.55470687
15.11762247	-99.81407577
15.13242915	-99.82742401
15.14723583	-90.00920126
