6.5413E-12  2.0152
6.56E-12	2.042
6.58E-12	2.066
6.60E-12	2.0954
6.62E-12	2.1177
6.64E-12	2.1396
6.66E-12	2.1641
6.68E-12	2.2097
6.70E-12	2.2591
6.72E-12	2.3016
6.73E-12	2.322
6.75E-12	2.3365
6.77E-12	2.3683
6.79E-12	2.4148
6.81E-12	2.4616
6.83E-12	2.4811
6.85E-12	2.4904
6.87E-12	2.5044
6.89E-12	2.5471
6.91E-12	2.6006
6.93E-12	2.6427
6.95E-12	2.6654
6.97E-12	2.6764
6.99E-12	2.6959
7.01E-12	2.7458
7.02E-12	2.809
7.04E-12	2.8706
7.06E-12	2.8976
7.08E-12	2.9266
7.10E-12	2.962
7.12E-12	2.9961
7.14E-12	3.0237
7.16E-12	3.0615
7.18E-12	3.1093
7.20E-12	3.1417
7.22E-12	3.1805
7.24E-12	3.2274
7.26E-12	3.2908
7.28E-12	3.3393
7.30E-12	3.3799
7.31E-12	3.4283
7.33E-12	3.4935
7.35E-12	3.5625
7.37E-12	3.6051
7.39E-12	3.6378
7.41E-12	3.6642
7.43E-12	3.7251
7.45E-12	3.8
7.47E-12	3.8791
7.49E-12	3.9381
7.51E-12	3.9885
7.53E-12	4.036
7.55E-12	4.0829
7.57E-12	4.1237
7.59E-12	4.1883
7.60E-12	4.2545
7.62E-12	4.323
7.64E-12	4.3945
7.66E-12	4.4936
7.68E-12	4.5861
7.70E-12	4.6632
7.72E-12	4.6987
7.74E-12	4.7731
7.76E-12	4.8522
7.78E-12	4.9233
7.80E-12	4.9665
7.82E-12	5.0176
7.84E-12	5.0913
7.86E-12	5.1831
7.88E-12	5.3042
7.89E-12	5.4136
7.91E-12	5.5074
7.93E-12	5.5498
7.95E-12	5.5889
7.97E-12	5.6481
7.99E-12	5.737
8.01E-12	5.8393
8.03E-12	5.926
8.05E-12	6.0033
8.07E-12	6.0834
8.09E-12	6.2044
8.11E-12	6.2866
8.13E-12	6.3491
8.15E-12	6.3825
8.17E-12	6.4118
8.18E-12	6.4383
8.20E-12	6.4946
8.22E-12	6.5718
8.24E-12	6.6526
8.26E-12	6.6937
8.28E-12	6.7323
8.30E-12	6.7801
8.32E-12	6.847
8.34E-12	6.9183
8.36E-12	6.9805
8.38E-12	7.0313
8.40E-12	7.0785
8.42E-12	7.1494
8.44E-12	7.226
8.46E-12	7.3002
8.47E-12	7.3581
8.49E-12	7.4087
8.51E-12	7.4504
8.53E-12	7.4887
8.55E-12	7.5431
8.57E-12	7.6072
8.59E-12	7.6704
8.61E-12	7.7137
8.63E-12	7.7505
8.65E-12	7.7881
8.67E-12	7.8246
8.69E-12	7.8565
8.71E-12	7.9163
8.73E-12	8.0086
8.75E-12	8.1114
8.76E-12	8.1913
8.78E-12	8.2614
8.80E-12	8.3339
8.82E-12	8.411
8.84E-12	8.482
8.86E-12	8.5604
8.88E-12	8.6488
8.90E-12	8.7435
8.92E-12	8.8327
8.94E-12	8.9094
8.96E-12	8.9812
8.98E-12	9.0477
9.00E-12	9.1142
9.02E-12	9.1773
9.04E-12	9.245
9.05E-12	9.3209
9.07E-12	9.4093
9.09E-12	9.4693
9.11E-12	9.5175
9.13E-12	9.5538
9.15E-12	9.6238
9.17E-12	9.7013
9.19E-12	9.769
9.21E-12	9.8072
9.23E-12	9.8209
9.25E-12	9.8597
9.27E-12	9.9149
9.29E-12	9.9777
9.31E-12	10.03
9.33E-12	10.084
9.34E-12	10.131
9.36E-12	10.151
9.38E-12	10.163
9.40E-12	10.187
9.42E-12	10.222
9.44E-12	10.245
9.46E-12	10.262
9.48E-12	10.289
9.50E-12	10.34
9.52E-12	10.389
9.54E-12	10.405
9.56E-12	10.389
9.58E-12	10.36
9.60E-12	10.344
9.62E-12	10.368
9.63E-12	10.401
9.65E-12	10.429
9.67E-12	10.416
9.69E-12	10.402
9.71E-12	10.409
9.73E-12	10.445
9.75E-12	10.506
9.77E-12	10.513
9.79E-12	10.492
9.81E-12	10.441
9.83E-12	10.502
9.85E-12	10.578
9.87E-12	10.643
9.89E-12	10.659
9.91E-12	10.69
9.92E-12	10.75
9.94E-12	10.825
9.96E-12	10.879
9.98E-12	10.91
1.00E-11	10.941
1.00E-11	10.988
1.00E-11	11.061
1.01E-11	11.134
1.01E-11	11.193
1.01E-11	11.239
1.01E-11	11.305
1.01E-11	11.403
1.02E-11	11.5
1.02E-11	11.578
1.02E-11	11.641
1.02E-11	11.713
1.02E-11	11.811
1.03E-11	11.929
1.03E-11	12.06
1.03E-11	12.175
1.03E-11	12.278
1.03E-11	12.359
1.04E-11	12.448
1.04E-11	12.547
1.04E-11	12.655
1.04E-11	12.762
1.04E-11	12.871
1.04E-11	12.975
1.05E-11	13.077
1.05E-11	13.194
1.05E-11	13.315
1.05E-11	13.421
1.05E-11	13.505
1.06E-11	13.59
1.06E-11	13.679
1.06E-11	13.766
1.06E-11	13.851
1.06E-11	13.921
1.07E-11	13.969
1.07E-11	14.026
1.07E-11	14.11
1.07E-11	14.211
1.07E-11	14.281
1.08E-11	14.313
1.08E-11	14.327
1.08E-11	14.383
1.08E-11	14.468
1.08E-11	14.547
1.09E-11	14.585
1.09E-11	14.624
1.09E-11	14.682
1.09E-11	14.743
1.09E-11	14.789
1.09E-11	14.815
1.10E-11	14.827
1.10E-11	14.84
1.10E-11	14.873
1.10E-11	14.935
1.10E-11	14.982
1.11E-11	15.011
1.11E-11	15.037
1.11E-11	15.078
1.11E-11	15.118
1.11E-11	15.152
1.12E-11	15.162
1.12E-11	15.188
1.12E-11	15.224
1.12E-11	15.27
1.12E-11	15.304
1.13E-11	15.345
1.13E-11	15.39
1.13E-11	15.436
1.13E-11	15.491
1.13E-11	15.576
1.14E-11	15.654
1.14E-11	15.703
1.14E-11	15.725
1.14E-11	15.763
1.14E-11	15.824
1.15E-11	15.903
1.15E-11	15.974
1.15E-11	16.042
1.15E-11	16.113
1.15E-11	16.196
1.15E-11	16.276
1.16E-11	16.357
1.16E-11	16.426
1.16E-11	16.476
1.16E-11	16.526
1.16E-11	16.605
1.17E-11	16.694
1.17E-11	16.779
1.17E-11	16.844
1.17E-11	16.9
1.17E-11	16.954
1.18E-11	17.025
1.18E-11	17.106
1.18E-11	17.163
1.18E-11	17.201
1.18E-11	17.207
1.19E-11	17.234
1.19E-11	17.271
1.19E-11	17.308
1.19E-11	17.308
1.19E-11	17.291
1.20E-11	17.278
1.20E-11	17.274
1.20E-11	17.276
1.20E-11	17.276
1.20E-11	17.266
1.21E-11	17.232
1.21E-11	17.189
1.21E-11	17.158
1.21E-11	17.116
1.21E-11	17.059
1.21E-11	16.958
1.22E-11	16.87
1.22E-11	16.786
1.22E-11	16.702
1.22E-11	16.579
1.22E-11	16.432
1.23E-11	16.273
1.23E-11	16.124
1.23E-11	16.016
1.23E-11	15.884
1.23E-11	15.726
1.24E-11	15.501
1.24E-11	15.27
1.24E-11	15.058
1.24E-11	14.863
1.24E-11	14.66
1.25E-11	14.415
1.25E-11	14.163
1.25E-11	13.914
1.25E-11	13.688
1.25E-11	13.433
1.26E-11	13.158
1.26E-11	12.854
1.26E-11	12.539
1.26E-11	12.234
1.26E-11	11.941
1.27E-11	11.652
1.27E-11	11.34
1.27E-11	10.996
1.27E-11	10.643
1.27E-11	10.279
1.27E-11	9.9161
1.28E-11	9.5377
1.28E-11	9.1297
1.28E-11	8.7035
1.28E-11	8.2705
1.28E-11	7.8287
1.29E-11	7.3797
1.29E-11	6.9092
1.29E-11	6.411
1.29E-11	5.8983
1.29E-11	5.3743
1.30E-11	4.8487
1.30E-11	4.2753
1.30E-11	3.662
1.30E-11	3.0403
1.30E-11	2.417
1.31E-11	1.7878
1.31E-11	1.1373
1.31E-11	0.44625
1.31E-11	-0.27925
1.31E-11	-1.0437
1.32E-11	-1.849
1.32E-11	-2.6683
1.32E-11	-3.5051
1.32E-11	-4.3616
1.32E-11	-5.2324
1.33E-11	-6.1234
1.33E-11	-7.0222
1.33E-11	-7.9506
1.33E-11	-8.9274
1.33E-11	-9.9302
1.33E-11	-10.977
1.34E-11	-12.018
1.34E-11	-13.06
1.34E-11	-14.128
1.34E-11	-15.249
1.34E-11	-16.416
1.35E-11	-17.608
1.35E-11	-18.806
1.35E-11	-20.021
1.35E-11	-21.302
1.35E-11	-22.613
1.36E-11	-23.969
1.36E-11	-25.325
1.36E-11	-26.693
1.36E-11	-28.109
1.36E-11	-29.558
1.37E-11	-31.079
1.37E-11	-32.645
1.37E-11	-34.223
1.37E-11	-35.826
1.37E-11	-37.494
1.38E-11	-39.222
1.38E-11	-41.002
1.38E-11	-42.796
1.38E-11	-44.644
1.38E-11	-46.567
1.38E-11	-48.523
1.39E-11	-50.535
1.39E-11	-52.578
1.39E-11	-54.634
1.39E-11	-56.746
1.39E-11	-58.919
1.40E-11	-61.194
1.40E-11	-63.53
1.40E-11	-65.891
1.40E-11	-68.305
1.40E-11	-70.814
1.41E-11	-73.381
1.41E-11	-76.038
1.41E-11	-78.745
1.41E-11	-81.51
1.41E-11	-84.348
1.42E-11	-87.228
1.42E-11	-90.213
1.42E-11	-93.315
1.42E-11	-96.447
1.42E-11	-99.65
1.43E-11	-102.92
1.43E-11	-106.31
1.43E-11	-109.81
1.43E-11	-113.35
1.43E-11	-116.95
1.44E-11	-120.7
1.44E-11	-124.5
1.44E-11	-128.42
1.44E-11	-132.39
1.44E-11	-136.45
1.44E-11	-140.66
1.45E-11	-144.94
1.45E-11	-149.4
1.45E-11	-153.95
1.45E-11	-158.56
1.45E-11	-163.29
1.46E-11	-168.16
1.46E-11	-173.18
1.46E-11	-178.36
1.46E-11	-183.62
1.46E-11	-188.99
1.47E-11	-194.54
1.47E-11	-200.19
1.47E-11	-206.06
1.47E-11	-212.09
1.47E-11	-218.25
1.48E-11	-224.58
1.48E-11	-231
1.48E-11	-237.68
1.48E-11	-244.63
1.48E-11	-251.68
1.49E-11	-258.95
1.49E-11	-266.4
1.49E-11	-274.06
1.49E-11	-282.02
1.49E-11	-290.18
1.50E-11	-298.63
1.50E-11	-307.35
1.50E-11	-316.22
1.50E-11	-325.43
1.50E-11	-335.02
1.50E-11	-344.83
1.51E-11	-354.95
1.51E-11	-365.27
1.51E-11	-375.98
1.51E-11	-387.09
1.51E-11	-398.42
1.52E-11	-410.17
1.52E-11	-422.38
1.52E-11	-434.84
1.52E-11	-447.71
1.52E-11	-460.87
1.53E-11	-474.54
1.53E-11	-488.73
1.53E-11	-503.17
1.53E-11	-518.06
1.53E-11	-533.44
1.54E-11	-549.12
1.54E-11	-565.32
1.54E-11	-581.89
1.54E-11	-598.93
1.54E-11	-616.45
1.55E-11	-634.2
1.55E-11	-652.38
1.55E-11	-670.99
1.55E-11	-689.82
1.55E-11	-709.07
1.56E-11	-728.6
1.56E-11	-748.28
1.56E-11	-768.05
1.56E-11	-787.84
1.56E-11	-807.58
1.56E-11	-827.24
1.57E-11	-846.72
1.57E-11	-865.72
1.57E-11	-884.22
1.57E-11	-901.79
1.57E-11	-918.17
1.58E-11	-933.9
1.58E-11	-947.88
1.58E-11	-959.54
1.58E-11	-969.8
1.58E-11	-977.03
1.59E-11	-981.67
1.59E-11	-982.84
1.59E-11	-979.34
1.59E-11	-973.39
1.59E-11	-961.07
1.60E-11	-941.53
1.60E-11	-918.2
1.60E-11	-886.52
1.60E-11	-847.5
1.60E-11	-799.99
1.61E-11	-741.12
1.61E-11	-676.59
1.61E-11	-598.22
1.61E-11	-505.24
1.61E-11	-405.01
1.62E-11	-289.35
1.62E-11	-160.71
1.62E-11	-19.503
1.62E-11	137.71
1.62E-11	302.56
1.62E-11	484.07
1.63E-11	680.38
1.63E-11	882.52
1.63E-11	1095.3
1.63E-11	1315
1.63E-11	1537.7
1.64E-11	1761.6
1.64E-11	1985.3
1.64E-11	2201.3
1.64E-11	2404.4
1.64E-11	2598
1.65E-11	2769.3
1.65E-11	2918.2
1.65E-11	3041.7
1.65E-11	3128.4
1.65E-11	3195.8
1.66E-11	3215.1
1.66E-11	3187.8
1.66E-11	3137.6
1.66E-11	3041
1.66E-11	2904.4
1.67E-11	2736.7
1.67E-11	2531
1.67E-11	2307.5
1.67E-11	2053.9
1.67E-11	1779.5
1.67E-11	1499.5
1.68E-11	1213.3
1.68E-11	927.56
1.68E-11	651.33
1.68E-11	391.22
1.68E-11	140.43
1.69E-11	-81.553
1.69E-11	-272.55
1.69E-11	-446.9
1.69E-11	-587.2
1.69E-11	-697.91
1.70E-11	-784.86
1.70E-11	-841.3
1.70E-11	-882.72
1.70E-11	-896.86
1.70E-11	-889.58
1.71E-11	-874.15
1.71E-11	-844.21
1.71E-11	-803.75
1.71E-11	-757.76
1.71E-11	-706.05
1.72E-11	-652.09
1.72E-11	-596.12
1.72E-11	-539.52
1.72E-11	-483.18
1.72E-11	-428.01
1.73E-11	-374.51
1.73E-11	-323.19
1.73E-11	-274.98
1.73E-11	-228.4
1.73E-11	-185.99
1.73E-11	-147.8
1.74E-11	-111.92
1.74E-11	-80.728
1.74E-11	-53.578
1.74E-11	-29.876
1.74E-11	-10.569
1.75E-11	6.5182
1.75E-11	19.334
1.75E-11	28.626
1.75E-11	36.446
1.75E-11	41.62
1.76E-11	44.756
1.76E-11	46.517
1.76E-11	46.741
1.76E-11	46.241
1.76E-11	44.595
1.77E-11	42.105
1.77E-11	39.302
1.77E-11	35.988
1.77E-11	32.366
1.77E-11	28.648
1.78E-11	24.863
1.78E-11	21.069
1.78E-11	17.514
1.78E-11	14.425
1.78E-11	11.604
1.79E-11	9.3243
1.79E-11	7.5371
1.79E-11	6.2891
1.79E-11	5.723
1.79E-11	5.5073
1.79E-11	5.9913
1.80E-11	7.0014
1.80E-11	8.2223
1.80E-11	9.8101
1.80E-11	11.689
1.80E-11	13.729
1.81E-11	15.892
1.81E-11	18.092
1.81E-11	20.277
1.81E-11	22.415
1.81E-11	24.517
1.82E-11	26.51
1.82E-11	28.358
1.82E-11	30.069
1.82E-11	31.676
1.82E-11	33.244
1.83E-11	34.755
1.83E-11	36.274
1.83E-11	37.852
1.83E-11	39.542
1.83E-11	41.311
1.84E-11	43.18
1.84E-11	45.19
1.84E-11	47.27
1.84E-11	49.452
1.84E-11	51.723
1.85E-11	54.001
1.85E-11	56.256
1.85E-11	58.454
1.85E-11	60.471
1.85E-11	62.236
1.85E-11	63.85
1.86E-11	65.102
1.86E-11	65.914
1.86E-11	66.463
1.86E-11	66.525
1.86E-11	66.235
1.87E-11	65.538
1.87E-11	64.406
1.87E-11	63.062
1.87E-11	61.333
1.87E-11	59.279
1.88E-11	57.093
1.88E-11	54.704
1.88E-11	52.203
1.88E-11	49.702
1.88E-11	47.246
1.89E-11	44.833
1.89E-11	42.553
1.89E-11	40.47
1.89E-11	38.557
1.89E-11	36.944
1.90E-11	35.534
1.90E-11	34.443
1.90E-11	33.696
1.90E-11	33.107
1.90E-11	32.79
1.91E-11	32.736
1.91E-11	32.806
1.91E-11	33.036
1.91E-11	33.344
1.91E-11	33.732
1.91E-11	34.158
1.92E-11	34.596
1.92E-11	35.043
1.92E-11	35.491
1.92E-11	35.92
1.92E-11	36.312
1.93E-11	36.677
1.93E-11	36.987
1.93E-11	37.291
1.93E-11	37.593
1.93E-11	37.887
1.94E-11	38.15
1.94E-11	38.42
1.94E-11	38.694
1.94E-11	38.968
1.94E-11	39.227
1.95E-11	39.451
1.95E-11	39.656
1.95E-11	39.838
1.95E-11	40.039
1.95E-11	40.248
1.96E-11	40.447
1.96E-11	40.633
1.96E-11	40.788
1.96E-11	40.911
1.96E-11	41.017
1.96E-11	41.075
1.97E-11	41.078
1.97E-11	40.982
1.97E-11	40.753
1.97E-11	40.451
1.97E-11	39.973
1.98E-11	39.27
1.98E-11	38.461
1.98E-11	37.442
1.98E-11	36.255
1.98E-11	34.864
1.99E-11	33.226
1.99E-11	31.474
1.99E-11	29.555
1.99E-11	27.539
1.99E-11	25.497
2.00E-11	23.412
2.00E-11	21.31
2.00E-11	19.301
2.00E-11	17.45
2.00E-11	15.695
2.01E-11	14.181
2.01E-11	12.935
2.01E-11	11.817
2.01E-11	10.941
2.01E-11	10.233
2.02E-11	9.8226
2.02E-11	9.7026
2.02E-11	9.705
2.02E-11	9.8906
2.02E-11	10.214
2.02E-11	10.637
2.03E-11	11.187
2.03E-11	11.796
2.03E-11	12.373
2.03E-11	12.906
2.03E-11	13.394
2.04E-11	13.754
2.04E-11	13.934
2.04E-11	13.908
2.04E-11	13.58
2.04E-11	13.088
2.05E-11	12.243
2.05E-11	11.04
2.05E-11	9.6364
2.05E-11	7.8276
2.05E-11	5.6958
2.06E-11	3.355
2.06E-11	0.79624
2.06E-11	-1.8569
2.06E-11	-4.6395
2.06E-11	-7.4874
2.07E-11	-10.301
2.07E-11	-13.002
2.07E-11	-15.57
2.07E-11	-17.911
2.07E-11	-19.972
2.08E-11	-21.874
2.08E-11	-23.423
2.08E-11	-24.596
2.08E-11	-25.567
2.08E-11	-26.192
2.08E-11	-26.59
2.09E-11	-26.791
2.09E-11	-26.795
2.09E-11	-26.714
2.09E-11	-26.517
2.09E-11	-26.301
2.10E-11	-26.094
2.10E-11	-25.931
2.10E-11	-25.808
2.10E-11	-25.848
2.10E-11	-26.031
2.11E-11	-26.287
2.11E-11	-26.687
2.11E-11	-27.202
2.11E-11	-27.79
2.11E-11	-28.5
2.12E-11	-29.278
2.12E-11	-30.149
2.12E-11	-31.033
2.12E-11	-31.918
2.12E-11	-32.809
2.13E-11	-33.712
2.13E-11	-34.591
2.13E-11	-35.418
2.13E-11	-36.217
2.13E-11	-36.955
2.14E-11	-37.65
2.14E-11	-38.326
2.14E-11	-38.939
2.14E-11	-39.48
2.14E-11	-39.946
2.14E-11	-40.402
2.15E-11	-40.861
2.15E-11	-41.324
2.15E-11	-41.722
2.15E-11	-42.105
2.15E-11	-42.483
2.16E-11	-42.874
2.16E-11	-43.261
2.16E-11	-43.668
2.16E-11	-44.09
2.16E-11	-44.552
2.17E-11	-45.03
2.17E-11	-45.538
2.17E-11	-46.082
2.17E-11	-46.642
2.17E-11	-47.193
2.18E-11	-47.769
2.18E-11	-48.349
2.18E-11	-48.922
2.18E-11	-49.481
2.18E-11	-49.984
2.19E-11	-50.356
2.19E-11	-50.654
2.19E-11	-50.791
2.19E-11	-50.725
2.19E-11	-50.53
2.20E-11	-50.072
2.20E-11	-49.431
2.20E-11	-48.588
2.20E-11	-47.462
2.20E-11	-46.202
2.20E-11	-44.676
2.21E-11	-43.008
2.21E-11	-41.318
2.21E-11	-39.59
2.21E-11	-37.836
2.21E-11	-36.14
2.22E-11	-34.585
2.22E-11	-33.116
2.22E-11	-31.847
2.22E-11	-30.767
2.22E-11	-29.852
2.23E-11	-29.17
2.23E-11	-28.597
2.23E-11	-28.17
2.23E-11	-27.828
2.23E-11	-27.5
2.24E-11	-27.18
2.24E-11	-26.854
2.24E-11	-26.476
2.24E-11	-26.033
2.24E-11	-25.56
2.25E-11	-25
2.25E-11	-24.323
2.25E-11	-23.604
2.25E-11	-22.8
2.25E-11	-21.939
2.25E-11	-21.048
2.26E-11	-20.161
2.26E-11	-19.284
2.26E-11	-18.427
2.26E-11	-17.576
2.26E-11	-16.75
2.27E-11	-15.963
2.27E-11	-15.201
2.27E-11	-14.5
2.27E-11	-13.884
2.27E-11	-13.317
2.28E-11	-12.849
2.28E-11	-12.461
2.28E-11	-12.142
2.28E-11	-11.932
2.28E-11	-11.783
2.29E-11	-11.796
2.29E-11	-11.919
2.29E-11	-12.079
2.29E-11	-12.316
2.29E-11	-12.613
2.30E-11	-12.897
2.30E-11	-13.134
2.30E-11	-13.342
2.30E-11	-13.485
2.30E-11	-13.518
2.31E-11	-13.455
2.31E-11	-13.227
2.31E-11	-12.898
2.31E-11	-12.373
2.31E-11	-11.73
2.31E-11	-11.063
2.32E-11	-10.387
2.32E-11	-9.6852
2.32E-11	-9.0077
2.32E-11	-8.4058
2.32E-11	-7.855
2.33E-11	-7.4521
2.33E-11	-7.1968
2.33E-11	-7.0353
2.33E-11	-7.0755
2.33E-11	-7.2848
2.34E-11	-7.6049
2.34E-11	-8.0265
2.34E-11	-8.4945
2.34E-11	-9.0519
2.34E-11	-9.6994
2.35E-11	-10.372
2.35E-11	-11.052
2.35E-11	-11.708
2.35E-11	-12.306
2.35E-11	-12.888
2.36E-11	-13.466
2.36E-11	-14.017
2.36E-11	-14.497
2.36E-11	-14.899
2.36E-11	-15.238
2.37E-11	-15.555
2.37E-11	-15.801
2.37E-11	-15.928
2.37E-11	-15.988
2.37E-11	-15.925
2.37E-11	-15.784
2.38E-11	-15.554
2.38E-11	-15.179
2.38E-11	-14.722
2.38E-11	-14.122
2.38E-11	-13.43
2.39E-11	-12.704
2.39E-11	-11.916
2.39E-11	-11.087
2.39E-11	-10.181
2.39E-11	-9.2913
2.40E-11	-8.4451
2.40E-11	-7.7118
2.40E-11	-7.0797
2.40E-11	-6.5648
2.40E-11	-6.1868
2.41E-11	-5.8809
2.41E-11	-5.7239
2.41E-11	-5.7706
2.41E-11	-5.8894
2.41E-11	-6.1052
2.42E-11	-6.3532
2.42E-11	-6.654
2.42E-11	-7.002
2.42E-11	-7.3418
2.42E-11	-7.6012
2.43E-11	-7.7685
2.43E-11	-7.8734
2.43E-11	-7.8759
2.43E-11	-7.816
2.43E-11	-7.5942
2.43E-11	-7.2729
2.44E-11	-6.932
2.44E-11	-6.5673
2.44E-11	-6.1822
2.44E-11	-5.8093
2.44E-11	-5.4886
2.45E-11	-5.2114
2.45E-11	-5.0473
2.45E-11	-4.9964
2.45E-11	-5.0027
2.45E-11	-5.1189
2.46E-11	-5.3112
2.46E-11	-5.6836
2.46E-11	-6.1914
2.46E-11	-6.7693
2.46E-11	-7.4845
2.47E-11	-8.3182
2.47E-11	-9.2408
2.47E-11	-10.326
2.47E-11	-11.503
2.47E-11	-12.815
2.48E-11	-14.262
2.48E-11	-15.819
2.48E-11	-17.551
2.48E-11	-19.365
2.48E-11	-21.157
2.49E-11	-22.928
2.49E-11	-24.669
2.49E-11	-26.304
2.49E-11	-27.781
2.49E-11	-29.073
2.49E-11	-30.081
2.50E-11	-30.933
2.50E-11	-31.467
2.50E-11	-31.712
2.50E-11	-31.807
2.50E-11	-31.609
2.51E-11	-31.203
2.51E-11	-30.634
2.51E-11	-29.973
2.51E-11	-29.288
2.51E-11	-28.593
2.52E-11	-27.863
2.52E-11	-27.17
2.52E-11	-26.58
2.52E-11	-26.058
2.52E-11	-25.658
2.53E-11	-25.309
2.53E-11	-24.98
2.53E-11	-24.709
2.53E-11	-24.51
2.53E-11	-24.352
2.54E-11	-24.188
2.54E-11	-24.015
2.54E-11	-23.829
2.54E-11	-23.632
2.54E-11	-23.462
2.54E-11	-23.334
2.55E-11	-23.223
2.55E-11	-23.059
2.55E-11	-22.853
2.55E-11	-22.684
2.55E-11	-22.577
2.56E-11	-22.497
2.56E-11	-22.369
2.56E-11	-22.22
2.56E-11	-22.047
2.56E-11	-21.791
2.57E-11	-21.433
2.57E-11	-21.029
2.57E-11	-20.557
2.57E-11	-20.047
2.57E-11	-19.445
2.58E-11	-18.754
2.58E-11	-18.034
2.58E-11	-17.27
2.58E-11	-16.488
2.58E-11	-15.719
2.59E-11	-14.972
2.59E-11	-14.242
2.59E-11	-13.565
2.59E-11	-12.947
2.59E-11	-12.352
2.60E-11	-11.788
2.60E-11	-11.24
2.60E-11	-10.738
2.60E-11	-10.277
2.60E-11	-9.8241
2.60E-11	-9.3826
2.61E-11	-8.9469
2.61E-11	-8.5348
2.61E-11	-8.153
2.61E-11	-7.7993
2.61E-11	-7.5346
2.62E-11	-7.3682
2.62E-11	-7.244
2.62E-11	-7.1972
2.62E-11	-7.1959
2.62E-11	-7.3367
2.63E-11	-7.5652
2.63E-11	-7.8117
2.63E-11	-8.0883
2.63E-11	-8.3911
2.63E-11	-8.7294
2.64E-11	-9.0916
2.64E-11	-9.4533
2.64E-11	-9.7845
2.64E-11	-10.101
2.64E-11	-10.411
2.65E-11	-10.678
2.65E-11	-10.909
2.65E-11	-11.116
2.65E-11	-11.354
2.65E-11	-11.58
2.66E-11	-11.771
2.66E-11	-11.932
2.66E-11	-12.079
2.66E-11	-12.187
2.66E-11	-12.274
2.66E-11	-12.33
2.67E-11	-12.366
2.67E-11	-12.347
2.67E-11	-12.232
2.67E-11	-12.063
2.67E-11	-11.772
2.68E-11	-11.384
2.68E-11	-10.959
2.68E-11	-10.473
2.68E-11	-9.9497
2.68E-11	-9.4157
2.69E-11	-8.8815
2.69E-11	-8.361
2.69E-11	-7.9007
2.69E-11	-7.5284
2.69E-11	-7.2496
2.70E-11	-7.1295
2.70E-11	-7.1023
2.70E-11	-7.287
2.70E-11	-7.6091
2.70E-11	-7.9804
2.71E-11	-8.4733
2.71E-11	-9.0904
2.71E-11	-9.8281
2.71E-11	-10.591
2.71E-11	-11.348
2.72E-11	-12.084
2.72E-11	-12.806
2.72E-11	-13.493
2.72E-11	-14.097
2.72E-11	-14.645
2.72E-11	-15.071
2.73E-11	-15.401
2.73E-11	-15.681
2.73E-11	-15.871
2.73E-11	-16.002
2.73E-11	-16.11
2.74E-11	-16.224
2.74E-11	-16.334
2.74E-11	-16.42
2.74E-11	-16.468
2.74E-11	-16.502
2.75E-11	-16.54
2.75E-11	-16.581
2.75E-11	-16.603
2.75E-11	-16.603
2.75E-11	-16.567
2.76E-11	-16.453
2.76E-11	-16.281
2.76E-11	-16.056
2.76E-11	-15.765
2.76E-11	-15.419
2.77E-11	-14.968
2.77E-11	-14.456
2.77E-11	-13.919
2.77E-11	-13.33
2.77E-11	-12.704
2.78E-11	-11.995
2.78E-11	-11.214
2.78E-11	-10.425
2.78E-11	-9.6231
2.78E-11	-8.8163
2.78E-11	-7.9609
2.79E-11	-7.0664
2.79E-11	-6.1723
2.79E-11	-5.2782
2.79E-11	-4.3738
2.79E-11	-3.4686
2.80E-11	-2.6011
2.80E-11	-1.7587
2.80E-11	-0.95609
2.80E-11	-0.16458
2.80E-11	0.57874
2.81E-11	1.2286
2.81E-11	1.8162
2.81E-11	2.2647
2.81E-11	2.5419
2.81E-11	2.7463
2.82E-11	2.7948
2.82E-11	2.7251
2.82E-11	2.4299
2.82E-11	1.9699
2.82E-11	1.4306
2.83E-11	0.74092
2.83E-11	-0.083393
2.83E-11	-1.0366
2.83E-11	-2.1348
2.83E-11	-3.2903
2.83E-11	-4.4794
2.84E-11	-5.6924
2.84E-11	-6.8955
2.84E-11	-8.0531
2.84E-11	-9.1736
2.84E-11	-10.196
2.85E-11	-11.081
2.85E-11	-11.877
2.85E-11	-12.502
2.85E-11	-13.014
2.85E-11	-13.365
2.86E-11	-13.5
2.86E-11	-13.518
2.86E-11	-13.33
2.86E-11	-13.012
2.86E-11	-12.587
2.87E-11	-11.98
2.87E-11	-11.274
2.87E-11	-10.424
2.87E-11	-9.4398
2.87E-11	-8.3991
2.88E-11	-7.2567
2.88E-11	-6.0573
2.88E-11	-4.8541
2.88E-11	-3.6771
2.88E-11	-2.508
2.89E-11	-1.3693
2.89E-11	-0.29773
2.89E-11	0.62706
2.89E-11	1.3689
2.89E-11	2.0033
2.89E-11	2.3934
2.90E-11	2.5366
2.90E-11	2.5002
2.90E-11	2.182
2.90E-11	1.7166
2.90E-11	1.0021
2.91E-11	0.050938
2.91E-11	-1.0037
2.91E-11	-2.2383
2.91E-11	-3.5756
2.91E-11	-4.9805
2.92E-11	-6.4027
2.92E-11	-7.8033
2.92E-11	-9.1305
2.92E-11	-10.387
2.92E-11	-11.546
2.93E-11	-12.533
2.93E-11	-13.419
2.93E-11	-14.108
2.93E-11	-14.628
2.93E-11	-15.031
2.94E-11	-15.215
2.94E-11	-15.277
2.94E-11	-15.089
2.94E-11	-14.737
2.94E-11	-14.313
2.95E-11	-13.739
2.95E-11	-13.052
2.95E-11	-12.242
2.95E-11	-11.343
2.95E-11	-10.407
2.95E-11	-9.4077
2.96E-11	-8.358
2.96E-11	-7.2935
2.96E-11	-6.2692
2.96E-11	-5.2903
2.96E-11	-4.4494
2.97E-11	-3.6797
2.97E-11	-2.9589
2.97E-11	-2.3654
2.97E-11	-1.858
2.97E-11	-1.5534
2.98E-11	-1.4269
2.98E-11	-1.3615
2.98E-11	-1.3955
2.98E-11	-1.4841
2.98E-11	-1.6445
2.99E-11	-1.858
2.99E-11	-2.0713
2.99E-11	-2.2531
2.99E-11	-2.3985
2.99E-11	-2.5287
3.00E-11	-2.6388
3.00E-11	-2.73
3.00E-11	-2.7622
3.00E-11	-2.77
3.00E-11	-2.7904
3.01E-11	-2.8434
3.01E-11	-2.9198
3.01E-11	-3.0939
3.01E-11	-3.3367
3.01E-11	-3.6267
3.01E-11	-4.0226
3.02E-11	-4.4981
3.02E-11	-5.0394
3.02E-11	-5.5749
3.02E-11	-6.0926
3.02E-11	-6.5862
3.03E-11	-7.0864
3.03E-11	-7.5468
3.03E-11	-7.9179
3.03E-11	-8.2274
3.03E-11	-8.3925
3.04E-11	-8.4057
3.04E-11	-8.2979
3.04E-11	-8.0184
3.04E-11	-7.6518
3.04E-11	-7.1608
3.05E-11	-6.573
3.05E-11	-5.9384
3.05E-11	-5.2443
3.05E-11	-4.5291
3.05E-11	-3.7879
3.06E-11	-3.0331
3.06E-11	-2.306
3.06E-11	-1.648
3.06E-11	-1.0449
3.06E-11	-0.54195
3.06E-11	-0.18141
3.07E-11	0.10503
3.07E-11	0.25647
3.07E-11	0.30292
3.07E-11	0.19961
3.07E-11	-0.10473
3.08E-11	-0.51308
3.08E-11	-1.1019
3.08E-11	-1.8502
3.08E-11	-2.7183
3.08E-11	-3.7708
3.09E-11	-4.9153
3.09E-11	-6.1289
3.09E-11	-7.3088
3.09E-11	-8.4529
3.09E-11	-9.5367
3.10E-11	-10.59
3.10E-11	-11.515
3.10E-11	-12.246
3.10E-11	-12.842
3.10E-11	-13.169
3.11E-11	-13.323
3.11E-11	-13.277
3.11E-11	-12.943
3.11E-11	-12.46
3.11E-11	-11.732
3.12E-11	-10.855
3.12E-11	-9.8727
3.12E-11	-8.7822
3.12E-11	-7.6494
3.12E-11	-6.48
3.12E-11	-5.3031
3.13E-11	-4.1775
3.13E-11	-3.1267
3.13E-11	-2.1149
3.13E-11	-1.2001
3.13E-11	-0.43052
3.14E-11	0.25948
3.14E-11	0.80102
3.14E-11	1.2558
3.14E-11	1.5885
3.14E-11	1.8072
3.15E-11	1.9763
3.15E-11	2.0783
3.15E-11	2.1585
3.15E-11	2.2381
3.15E-11	2.2872
3.16E-11	2.3217
3.16E-11	2.347
3.16E-11	2.3815
3.16E-11	2.429
3.16E-11	2.4882
3.17E-11	2.5483
3.17E-11	2.5956
3.17E-11	2.6341
3.17E-11	2.669
3.17E-11	2.683
3.18E-11	2.6744
3.18E-11	2.5853
3.18E-11	2.402
3.18E-11	2.1597
3.18E-11	1.807
3.18E-11	1.3907
3.19E-11	0.80269
3.19E-11	0.047122
3.19E-11	-0.76576
3.19E-11	-1.6745
3.19E-11	-2.6465
3.20E-11	-3.7136
3.20E-11	-4.8638
3.20E-11	-6.0199
3.20E-11	-7.1284
3.20E-11	-8.1586
3.21E-11	-9.0274
3.21E-11	-9.6693
3.21E-11	-10.174
3.21E-11	-10.395
3.21E-11	-10.354
3.22E-11	-10.095
3.22E-11	-9.5331
3.22E-11	-8.8058
3.22E-11	-7.7608
3.22E-11	-6.4565
3.23E-11	-5.0641
3.23E-11	-3.5557
3.23E-11	-1.9969
3.23E-11	-0.4108
3.23E-11	1.1118
3.24E-11	2.5499
3.24E-11	3.7991
3.24E-11	4.9203
3.24E-11	5.7156
3.24E-11	6.2205
3.24E-11	6.5766
3.25E-11	6.6227
3.25E-11	6.4378
3.25E-11	6.0051
3.25E-11	5.3478
3.25E-11	4.5574
3.26E-11	3.4959
3.26E-11	2.2488
3.26E-11	0.87949
3.26E-11	-0.58528
3.26E-11	-2.0882
3.27E-11	-3.6416
3.27E-11	-5.2209
3.27E-11	-6.7473
3.27E-11	-8.164
3.27E-11	-9.5033
3.28E-11	-10.654
3.28E-11	-11.604
3.28E-11	-12.341
3.28E-11	-12.713
3.28E-11	-12.879
3.29E-11	-12.643
3.29E-11	-12.055
3.29E-11	-11.244
3.29E-11	-10.049
3.29E-11	-8.652
3.30E-11	-7.0285
3.30E-11	-5.2483
3.30E-11	-3.4486
3.30E-11	-1.6402
3.30E-11	0.15939
3.30E-11	1.8301
3.31E-11	3.2626
3.31E-11	4.535
3.31E-11	5.4954
3.31E-11	6.2427
3.31E-11	6.7244
3.32E-11	6.9341
3.32E-11	7.0078
3.32E-11	6.8631
3.32E-11	6.5882
3.32E-11	6.2618
3.33E-11	5.8756
3.33E-11	5.4529
3.33E-11	4.9811
3.33E-11	4.5255
3.33E-11	4.1151
3.34E-11	3.7367
3.34E-11	3.3788
3.34E-11	3.0688
3.34E-11	2.7626
3.34E-11	2.4246
3.35E-11	2.0616
3.35E-11	1.6861
3.35E-11	1.2611
3.35E-11	0.78385
3.35E-11	0.26776
3.35E-11	-0.29695
3.36E-11	-0.88183
3.36E-11	-1.461
3.36E-11	-2.0345
3.36E-11	-2.5758
3.36E-11	-3.0716
3.37E-11	-3.5455
3.37E-11	-3.967
3.37E-11	-4.3017
3.37E-11	-4.6065
3.37E-11	-4.8466
3.38E-11	-5.0392
3.38E-11	-5.1525
3.38E-11	-5.2033
3.38E-11	-5.1971
3.38E-11	-5.0946
3.39E-11	-4.9422
3.39E-11	-4.6987
3.39E-11	-4.3523
3.39E-11	-3.9595
3.39E-11	-3.4876
3.40E-11	-2.958
3.40E-11	-2.3543
3.40E-11	-1.6613
3.40E-11	-0.92539
3.40E-11	-0.11978
3.41E-11	0.73472
3.41E-11	1.6168
3.41E-11	2.4726
3.41E-11	3.2949
3.41E-11	4.0408
3.41E-11	4.7321
3.42E-11	5.3287
3.42E-11	5.766
3.42E-11	6.1067
3.42E-11	6.265
3.42E-11	6.2845
3.43E-11	6.1311
3.43E-11	5.7467
3.43E-11	5.245
3.43E-11	4.5539
3.43E-11	3.7135
3.44E-11	2.7534
3.44E-11	1.612
3.44E-11	0.38541
3.44E-11	-0.92642
3.44E-11	-2.2967
3.45E-11	-3.6683
3.45E-11	-5.0182
3.45E-11	-6.3397
3.45E-11	-7.5496
3.45E-11	-8.6188
3.46E-11	-9.5785
3.46E-11	-10.329
3.46E-11	-10.954
3.46E-11	-11.294
3.46E-11	-11.352
3.47E-11	-11.276
3.47E-11	-10.948
3.47E-11	-10.48
3.47E-11	-9.7745
3.47E-11	-8.8868
3.47E-11	-7.9199
3.48E-11	-6.8213
3.48E-11	-5.6601
3.48E-11	-4.4891
3.48E-11	-3.3416
3.48E-11	-2.2329
3.49E-11	-1.214
3.49E-11	-0.25544
3.49E-11	0.57493
3.49E-11	1.2545
3.49E-11	1.8544
3.50E-11	2.2882
3.50E-11	2.6068
3.50E-11	2.7497
3.50E-11	2.7596
3.50E-11	2.7243
3.51E-11	2.6018
3.51E-11	2.4047
3.51E-11	2.1468
3.51E-11	1.885
3.51E-11	1.6347
3.52E-11	1.4161
3.52E-11	1.2245
3.52E-11	1.0977
3.52E-11	1.0634
3.52E-11	1.0848
3.53E-11	1.2045
3.53E-11	1.3764
3.53E-11	1.5727
3.53E-11	1.7888
3.53E-11	2.0086
3.53E-11	2.2277
3.54E-11	2.44
3.54E-11	2.5887
3.54E-11	2.6463
3.54E-11	2.6527
3.54E-11	2.5584
3.55E-11	2.3946
3.55E-11	2.1713
3.55E-11	1.8483
3.55E-11	1.4797
3.55E-11	1.0649
3.56E-11	0.65289
3.56E-11	0.25091
3.56E-11	-0.12022
3.56E-11	-0.45449
3.56E-11	-0.68345
3.57E-11	-0.83451
3.57E-11	-0.90338
3.57E-11	-0.80488
3.57E-11	-0.60586
3.57E-11	-0.23614
3.58E-11	0.22871
3.58E-11	0.78201
3.58E-11	1.4621
3.58E-11	2.2014
3.58E-11	3.0332
3.59E-11	3.9581
3.59E-11	4.9211
3.59E-11	5.8783
3.59E-11	6.8185
3.59E-11	7.7302
3.59E-11	8.6152
3.60E-11	9.3751
3.60E-11	9.9327
3.60E-11	10.374
3.60E-11	10.576
3.60E-11	10.57
3.61E-11	10.392
3.61E-11	9.934
3.61E-11	9.3171
3.61E-11	8.3986
3.61E-11	7.2515
3.62E-11	5.9701
3.62E-11	4.506
3.62E-11	2.9687
3.62E-11	1.3983
3.62E-11	-0.14188
3.63E-11	-1.6269
3.63E-11	-3.0079
3.63E-11	-4.3077
3.63E-11	-5.3611
3.63E-11	-6.1392
3.64E-11	-6.7061
3.64E-11	-6.9558
3.64E-11	-7.0287
3.64E-11	-6.7242
3.64E-11	-6.0727
3.64E-11	-5.2226
3.65E-11	-4.1
3.65E-11	-2.8476
3.65E-11	-1.378
3.65E-11	0.24499
3.65E-11	1.8975
3.66E-11	3.5375
3.66E-11	5.1347
3.66E-11	6.5745
3.66E-11	7.8922
3.66E-11	9.0781
3.67E-11	9.9958
3.67E-11	10.748
3.67E-11	11.177
3.67E-11	11.329
3.67E-11	11.304
3.68E-11	11.056
3.68E-11	10.696
3.68E-11	10.135
3.68E-11	9.4449
3.68E-11	8.7506
3.69E-11	8.0487
3.69E-11	7.3501
3.69E-11	6.6921
3.69E-11	6.1054
3.69E-11	5.6111
3.70E-11	5.2645
3.70E-11	5.0016
3.70E-11	4.8853
3.70E-11	4.8822
3.70E-11	4.9873
3.70E-11	5.2534
3.71E-11	5.5938
3.71E-11	6.0114
3.71E-11	6.4535
3.71E-11	6.9083
3.71E-11	7.3669
3.72E-11	7.8102
3.72E-11	8.185
3.72E-11	8.5026
3.72E-11	8.7449
3.72E-11	8.8532
3.73E-11	8.8823
3.73E-11	8.7583
3.73E-11	8.4998
3.73E-11	8.1458
3.73E-11	7.7057
3.74E-11	7.23
3.74E-11	6.7027
3.74E-11	6.159
3.74E-11	5.6329
3.74E-11	5.1499
3.75E-11	4.7086
3.75E-11	4.366
3.75E-11	4.0927
3.75E-11	3.9384
3.75E-11	3.9614
3.76E-11	4.0617
3.76E-11	4.2576
3.76E-11	4.4971
3.76E-11	4.7995
3.76E-11	5.1612
3.76E-11	5.5092
3.77E-11	5.7719
3.77E-11	5.9669
3.77E-11	6.1079
3.77E-11	6.1923
3.77E-11	6.2355
3.78E-11	6.17
3.78E-11	6.004
3.78E-11	5.7368
3.78E-11	5.4144
3.78E-11	5.0645
3.79E-11	4.6608
3.79E-11	4.2234
3.79E-11	3.8008
3.79E-11	3.3772
3.79E-11	2.9451
3.80E-11	2.5093
3.80E-11	2.0853
3.80E-11	1.6547
3.80E-11	1.219
3.80E-11	0.79797
3.81E-11	0.40104
3.81E-11	0.01074
3.81E-11	-0.29791
3.81E-11	-0.4645
3.81E-11	-0.56479
3.82E-11	-0.54727
3.82E-11	-0.46781
3.82E-11	-0.2348
3.82E-11	0.1569
3.82E-11	0.63092
3.82E-11	1.2439
3.83E-11	1.9254
3.83E-11	2.7146
3.83E-11	3.5733
3.83E-11	4.4146
3.83E-11	5.2111
3.84E-11	5.9634
3.84E-11	6.5379
3.84E-11	6.922
3.84E-11	7.1904
3.84E-11	7.2752
3.85E-11	7.258
3.85E-11	7.0545
3.85E-11	6.7271
3.85E-11	6.345
3.85E-11	5.8547
3.86E-11	5.3122
3.86E-11	4.7375
3.86E-11	4.1962
3.86E-11	3.7074
3.86E-11	3.3252
3.87E-11	3.0103
3.87E-11	2.8192
3.87E-11	2.7083
3.87E-11	2.7199
3.87E-11	2.8625
3.88E-11	3.0435
3.88E-11	3.265
3.88E-11	3.5209
3.88E-11	3.8397
3.88E-11	4.1966
3.88E-11	4.5491
3.89E-11	4.8739
3.89E-11	5.1783
3.89E-11	5.4672
3.89E-11	5.7467
3.89E-11	6.0026
3.90E-11	6.1879
3.90E-11	6.319
3.90E-11	6.3693
3.90E-11	6.3774
3.90E-11	6.3455
3.91E-11	6.222
3.91E-11	6.0415
3.91E-11	5.76
3.91E-11	5.4098
3.91E-11	5.0429
3.92E-11	4.6303
3.92E-11	4.1988
3.92E-11	3.8288
3.92E-11	3.5545
3.92E-11	3.3054
3.93E-11	3.1429
3.93E-11	3.0578
3.93E-11	3.1635
3.93E-11	3.378
3.93E-11	3.6562
3.93E-11	4.0442
3.94E-11	4.489
3.94E-11	5.003
3.94E-11	5.5381
3.94E-11	6.0592
3.94E-11	6.5639
3.95E-11	7.0514
3.95E-11	7.4877
3.95E-11	7.87
3.95E-11	8.0871
3.95E-11	8.1443
3.96E-11	8.1525
3.96E-11	8.021
3.96E-11	7.7135
3.96E-11	7.1106
3.96E-11	6.6418
3.97E-11	6.2916
3.97E-11	5.9344
3.97E-11	5.4181
3.97E-11	4.0503
3.97E-11	2.709
3.98E-11	2.1246
3.98E-11	2.047
3.98E-11	1.8136
3.98E-11	1.0026
3.98E-11	0.86835
3.99E-11	0.83382
3.99E-11	0.41362
3.99E-11	-0.27199
3.99E-11	-0.8474
3.99E-11	-0.95835
3.99E-11	-0.90667
4.00E-11	-0.71541
4.00E-11	-0.45692
4.00E-11	-0.071912
4.00E-11	0.38555
4.00E-11	0.92262
4.01E-11	1.5511
4.01E-11	2.2134
4.01E-11	2.8963
4.01E-11	3.5633
4.01E-11	4.1581
4.02E-11	4.6767
4.02E-11	5.1378
4.02E-11	5.4486
4.02E-11	5.6513
4.02E-11	5.613
4.03E-11	5.3707
4.03E-11	4.995
4.03E-11	4.3762
4.03E-11	3.6311
4.03E-11	2.705
4.04E-11	1.6528
4.04E-11	0.56044
4.04E-11	-0.57586
4.04E-11	-1.7149
4.04E-11	-2.8072
4.05E-11	-3.8459
4.05E-11	-4.7582
4.05E-11	-5.4682
4.05E-11	-6.0767
4.05E-11	-6.5154
4.05E-11	-6.831
4.06E-11	-6.9481
4.06E-11	-6.8716
4.06E-11	-6.7305
4.06E-11	-6.5083
4.06E-11	-6.2477
4.07E-11	-5.9873
4.07E-11	-5.7171
4.07E-11	-5.4803
4.07E-11	-5.3703
4.07E-11	-5.3609
4.08E-11	-5.5123
4.08E-11	-5.7557
4.08E-11	-6.1058
4.08E-11	-6.6466
4.08E-11	-7.2937
4.09E-11	-8.076
4.09E-11	-8.9048
4.09E-11	-9.7679
4.09E-11	-10.742
4.09E-11	-11.774
4.10E-11	-12.871
4.10E-11	-13.978
4.10E-11	-15.098
4.10E-11	-16.244
4.10E-11	-17.385
4.11E-11	-18.489
4.11E-11	-19.557
4.11E-11	-20.594
4.11E-11	-21.646
4.11E-11	-22.656
4.11E-11	-23.558
4.12E-11	-24.383
4.12E-11	-25.07
4.12E-11	-25.633
4.12E-11	-26.125
4.12E-11	-26.516
4.13E-11	-26.853
4.13E-11	-27.102
4.13E-11	-27.301
4.13E-11	-27.467
4.13E-11	-27.599
4.14E-11	-27.742
4.14E-11	-27.955
4.14E-11	-28.232
4.14E-11	-28.597
4.14E-11	-29.038
4.15E-11	-29.526
4.15E-11	-30.089
4.15E-11	-30.684
4.15E-11	-31.307
4.15E-11	-31.936
4.16E-11	-32.535
4.16E-11	-33.072
4.16E-11	-33.567
4.16E-11	-33.968
4.16E-11	-34.309
4.17E-11	-34.603
4.17E-11	-34.832
4.17E-11	-35.047
4.17E-11	-35.272
4.17E-11	-35.519
4.17E-11	-35.818
4.18E-11	-36.194
4.18E-11	-36.647
4.18E-11	-37.25
4.18E-11	-37.946
4.18E-11	-38.846
4.19E-11	-39.932
4.19E-11	-41.154
4.19E-11	-42.619
4.19E-11	-44.212
4.19E-11	-45.971
4.20E-11	-47.808
4.20E-11	-49.756
4.20E-11	-51.869
4.20E-11	-54.06
4.20E-11	-56.33
4.21E-11	-58.609
4.21E-11	-60.845
4.21E-11	-63.102
4.21E-11	-65.329
4.21E-11	-67.41
4.22E-11	-69.36
4.22E-11	-71.036
4.22E-11	-72.549
4.22E-11	-73.911
4.22E-11	-74.978
4.22E-11	-75.859
4.23E-11	-76.423
4.23E-11	-76.803
4.23E-11	-76.984
4.23E-11	-76.847
4.23E-11	-76.538
4.24E-11	-75.964
4.24E-11	-75.277
4.24E-11	-74.354
4.24E-11	-73.137
4.24E-11	-71.745
4.25E-11	-70.035
4.25E-11	-68.141
4.25E-11	-65.843
4.25E-11	-63.183
4.25E-11	-60.127
4.26E-11	-56.505
4.26E-11	-52.538
4.26E-11	-47.841
4.26E-11	-42.657
4.26E-11	-36.725
4.27E-11	-29.876
4.27E-11	-22.508
4.27E-11	-14.182
4.27E-11	-5.358
4.27E-11	4.4214
4.28E-11	15.082
4.28E-11	26.351
4.28E-11	38.509
4.28E-11	51.121
4.28E-11	64.539
4.28E-11	78.485
4.29E-11	92.855
4.29E-11	107.66
4.29E-11	122.58
4.29E-11	137.57
4.29E-11	152.56
4.30E-11	167.19
4.30E-11	181.28
4.30E-11	194.79
4.30E-11	207.2
4.30E-11	218.91
4.31E-11	229
4.31E-11	237.69
4.31E-11	244.74
4.31E-11	249.5
4.31E-11	252.91
4.32E-11	253.74
4.32E-11	253
4.32E-11	249.72
4.32E-11	243.69
4.32E-11	236.2
4.33E-11	226.13
4.33E-11	214.71
4.33E-11	201.11
4.33E-11	185.86
4.33E-11	169.48
4.34E-11	151.72
4.34E-11	133.44
4.34E-11	114.58
4.34E-11	95.463
4.34E-11	76.5
4.34E-11	58.008
4.35E-11	40.027
4.35E-11	23.176
4.35E-11	7.045
4.35E-11	-7.3928
4.35E-11	-20.247
4.36E-11	-31.771
4.36E-11	-41.245
4.36E-11	-49.607
4.36E-11	-55.895
4.36E-11	-60.803
4.37E-11	-64.203
4.37E-11	-65.903
4.37E-11	-66.782
4.37E-11	-66.273
4.37E-11	-65.101
4.38E-11	-62.996
4.38E-11	-60.185
4.38E-11	-57.061
4.38E-11	-53.524
4.38E-11	-49.828
4.39E-11	-45.957
4.39E-11	-42.033
4.39E-11	-38.163
4.39E-11	-34.343
4.39E-11	-30.596
4.40E-11	-27.03
4.40E-11	-23.573
4.40E-11	-20.302
4.40E-11	-17.206
4.40E-11	-14.226
4.40E-11	-11.471
4.41E-11	-8.8591
4.41E-11	-6.502
4.41E-11	-4.2595
4.41E-11	-2.1373
4.41E-11	-0.28314
4.42E-11	1.4334
4.42E-11	2.9424
4.42E-11	4.3642
4.42E-11	5.6025
4.42E-11	6.6475
4.43E-11	7.5653
4.43E-11	8.3058
4.43E-11	8.9541
4.43E-11	9.4298
4.43E-11	9.8018
4.44E-11	10.046
4.44E-11	10.091
4.44E-11	10.063
4.44E-11	9.9349
4.44E-11	9.759
4.45E-11	9.4483
4.45E-11	9.0453
4.45E-11	8.6068
4.45E-11	8.0941
4.45E-11	7.5492
4.46E-11	6.9714
4.46E-11	6.379
4.46E-11	5.7685
4.46E-11	5.1451
4.46E-11	4.5492
4.46E-11	4.0257
4.47E-11	3.5452
4.47E-11	3.1224
4.47E-11	2.766
4.47E-11	2.4681
4.47E-11	2.263
4.48E-11	2.1259
4.48E-11	2.118
4.48E-11	2.1695
4.48E-11	2.2719
4.48E-11	2.4356
4.49E-11	2.6544
4.49E-11	2.981
4.49E-11	3.3617
4.49E-11	3.7985
4.49E-11	4.2656
4.50E-11	4.7777
4.50E-11	5.3826
4.50E-11	6.0207
4.50E-11	6.6654
4.50E-11	7.2884
4.51E-11	7.9115
4.51E-11	8.5499
4.51E-11	9.1573
4.51E-11	9.705
4.51E-11	10.211
4.51E-11	10.625
4.52E-11	10.97
4.52E-11	11.228
4.52E-11	11.358
4.52E-11	11.411
4.52E-11	11.338
4.53E-11	11.209
4.53E-11	10.989
4.53E-11	10.661
4.53E-11	10.241
4.53E-11	9.733
4.54E-11	9.2059
4.54E-11	8.6586
4.54E-11	8.0838
4.54E-11	7.4696
4.54E-11	6.8412
4.55E-11	6.231
4.55E-11	5.6467
4.55E-11	5.064
4.55E-11	4.4598
4.55E-11	3.8742
4.56E-11	3.3375
4.56E-11	2.8159
4.56E-11	2.2993
4.56E-11	1.8082
4.56E-11	1.3417
4.57E-11	0.94735
4.57E-11	0.63877
4.57E-11	0.40217
4.57E-11	0.29568
4.57E-11	0.27068
4.57E-11	0.39748
4.58E-11	0.61524
4.58E-11	0.99415
4.58E-11	1.5225
4.58E-11	2.1032
4.58E-11	2.8304
4.59E-11	3.6539
4.59E-11	4.5887
4.59E-11	5.5281
4.59E-11	6.4593
4.59E-11	7.3746
4.60E-11	8.2524
4.60E-11	9.0313
4.60E-11	9.7473
4.60E-11	10.294
4.60E-11	10.707
4.61E-11	11.049
4.61E-11	11.277
4.61E-11	11.451
4.61E-11	11.539