0           2.1377
1.93E-14	2.154
3.87E-14	2.1959
5.80E-14	2.2512
7.73E-14	2.3014
9.67E-14	2.3504
1.16E-13	2.4005
1.35E-13	2.4511
1.55E-13	2.4915
1.74E-13	2.5235
1.93E-13	2.5403
2.13E-13	2.5823
2.32E-13	2.64
2.51E-13	2.6942
2.71E-13	2.7292
2.90E-13	2.7591
3.09E-13	2.8138
3.29E-13	2.8801
3.48E-13	2.9575
3.67E-13	3.0077
3.87E-13	3.0476
4.06E-13	3.0787
4.25E-13	3.1129
4.45E-13	3.159
4.64E-13	3.2083
4.83E-13	3.2579
5.03E-13	3.3094
5.22E-13	3.3678
5.41E-13	3.4254
5.61E-13	3.4873
5.80E-13	3.5656
5.99E-13	3.6316
6.19E-13	3.6649
6.38E-13	3.6802
6.57E-13	3.7336
6.77E-13	3.8191
6.96E-13	3.9021
7.15E-13	3.9655
7.35E-13	4.0272
7.54E-13	4.1013
7.73E-13	4.19
7.93E-13	4.2849
8.12E-13	4.3548
8.31E-13	4.4098
8.51E-13	4.4636
8.70E-13	4.5268
8.89E-13	4.5826
9.09E-13	4.6501
9.28E-13	4.7341
9.47E-13	4.8246
9.67E-13	4.9088
9.86E-13	4.9985
1.01E-12	5.0918
1.02E-12	5.1837
1.04E-12	5.2523
1.06E-12	5.3194
1.08E-12	5.3964
1.10E-12	5.5017
1.12E-12	5.6273
1.14E-12	5.7545
1.16E-12	5.8757
1.18E-12	5.9495
1.20E-12	5.9993
1.22E-12	6.0577
1.24E-12	6.1497
1.26E-12	6.265
1.28E-12	6.355
1.30E-12	6.415
1.31E-12	6.4603
1.33E-12	6.5385
1.35E-12	6.6209
1.37E-12	6.6944
1.39E-12	6.7327
1.41E-12	6.8106
1.43E-12	6.9174
1.45E-12	7.032
1.47E-12	7.1153
1.49E-12	7.1697
1.51E-12	7.2494
1.53E-12	7.3457
1.55E-12	7.465
1.57E-12	7.5506
1.59E-12	7.6278
1.60E-12	7.6951
1.62E-12	7.7649
1.64E-12	7.8249
1.66E-12	7.8748
1.68E-12	7.9209
1.70E-12	7.9614
1.72E-12	8.0132
1.74E-12	8.0745
1.76E-12	8.1502
1.78E-12	8.2121
1.80E-12	8.2677
1.82E-12	8.3159
1.84E-12	8.3615
1.86E-12	8.3983
1.88E-12	8.4552
1.89E-12	8.5194
1.91E-12	8.5872
1.93E-12	8.6277
1.95E-12	8.6735
1.97E-12	8.7431
1.99E-12	8.8386
2.01E-12	8.9094
2.03E-12	8.9321
2.05E-12	8.9435
2.07E-12	8.9806
2.09E-12	9.0759
2.11E-12	9.163
2.13E-12	9.2266
2.15E-12	9.2578
2.17E-12	9.2823
2.18E-12	9.3276
2.20E-12	9.3884
2.22E-12	9.4871
2.24E-12	9.5814
2.26E-12	9.6641
2.28E-12	9.7236
2.30E-12	9.7736
2.32E-12	9.8262
2.34E-12	9.8696
2.36E-12	9.9045
2.38E-12	9.9248
2.40E-12	9.971
2.42E-12	10.027
2.44E-12	10.095
2.46E-12	10.157
2.47E-12	10.226
2.49E-12	10.292
2.51E-12	10.349
2.53E-12	10.389
2.55E-12	10.416
2.57E-12	10.432
2.59E-12	10.415
2.61E-12	10.428
2.63E-12	10.471
2.65E-12	10.543
2.67E-12	10.611
2.69E-12	10.64
2.71E-12	10.645
2.73E-12	10.647
2.75E-12	10.685
2.76E-12	10.736
2.78E-12	10.768
2.80E-12	10.772
2.82E-12	10.774
2.84E-12	10.81
2.86E-12	10.873
2.88E-12	10.947
2.90E-12	11.007
2.92E-12	11.034
2.94E-12	11.054
2.96E-12	11.071
2.98E-12	11.099
3.00E-12	11.13
3.02E-12	11.163
3.04E-12	11.198
3.05E-12	11.214
3.07E-12	11.241
3.09E-12	11.277
3.11E-12	11.332
3.13E-12	11.368
3.15E-12	11.404
3.17E-12	11.442
3.19E-12	11.482
3.21E-12	11.525
3.23E-12	11.555
3.25E-12	11.579
3.27E-12	11.604
3.29E-12	11.688
3.31E-12	11.771
3.33E-12	11.843
3.34E-12	11.897
3.36E-12	11.97
3.38E-12	12.052
3.40E-12	12.137
3.42E-12	12.214
3.44E-12	12.294
3.46E-12	12.373
3.48E-12	12.449
3.50E-12	12.528
3.52E-12	12.624
3.54E-12	12.717
3.56E-12	12.802
3.58E-12	12.87
3.60E-12	12.944
3.62E-12	13.021
3.63E-12	13.108
3.65E-12	13.204
3.67E-12	13.299
3.69E-12	13.399
3.71E-12	13.505
3.73E-12	13.598
3.75E-12	13.68
3.77E-12	13.762
3.79E-12	13.868
3.81E-12	13.979
3.83E-12	14.077
3.85E-12	14.157
3.87E-12	14.232
3.89E-12	14.319
3.91E-12	14.418
3.92E-12	14.521
3.94E-12	14.627
3.96E-12	14.716
3.98E-12	14.789
4.00E-12	14.845
4.02E-12	14.908
4.04E-12	15.003
4.06E-12	15.098
4.08E-12	15.185
4.10E-12	15.241
4.12E-12	15.319
4.14E-12	15.401
4.16E-12	15.485
4.18E-12	15.554
4.20E-12	15.627
4.21E-12	15.699
4.23E-12	15.769
4.25E-12	15.826
4.27E-12	15.878
4.29E-12	15.927
4.31E-12	15.968
4.33E-12	16.013
4.35E-12	16.064
4.37E-12	16.117
4.39E-12	16.166
4.41E-12	16.209
4.43E-12	16.253
4.45E-12	16.297
4.47E-12	16.334
4.49E-12	16.37
4.50E-12	16.407
4.52E-12	16.445
4.54E-12	16.482
4.56E-12	16.521
4.58E-12	16.561
4.60E-12	16.599
4.62E-12	16.634
4.64E-12	16.658
4.66E-12	16.689
4.68E-12	16.743
4.70E-12	16.82
4.72E-12	16.884
4.74E-12	16.913
4.76E-12	16.92
4.78E-12	16.924
4.79E-12	16.985
4.81E-12	17.061
4.83E-12	17.152
4.85E-12	17.218
4.87E-12	17.265
4.89E-12	17.319
4.91E-12	17.391
4.93E-12	17.483
4.95E-12	17.542
4.97E-12	17.593
4.99E-12	17.655
5.01E-12	17.757
5.03E-12	17.863
5.05E-12	17.955
5.07E-12	18.022
5.08E-12	18.049
5.10E-12	18.078
5.12E-12	18.114
5.14E-12	18.182
5.16E-12	18.248
5.18E-12	18.306
5.20E-12	18.356
5.22E-12	18.406
5.24E-12	18.46
5.26E-12	18.509
5.28E-12	18.553
5.30E-12	18.592
5.32E-12	18.626
5.34E-12	18.667
5.36E-12	18.71
5.37E-12	18.737
5.39E-12	18.725
5.41E-12	18.709
5.43E-12	18.704
5.45E-12	18.747
5.47E-12	18.743
5.49E-12	18.701
5.51E-12	18.596
5.53E-12	18.514
5.55E-12	18.466
5.57E-12	18.421
5.59E-12	18.358
5.61E-12	18.248
5.63E-12	18.119
5.65E-12	17.989
5.66E-12	17.867
5.68E-12	17.73
5.70E-12	17.581
5.72E-12	17.422
5.74E-12	17.26
5.76E-12	17.081
5.78E-12	16.893
5.80E-12	16.697
5.82E-12	16.466
5.84E-12	16.204
5.86E-12	15.942
5.88E-12	15.671
5.90E-12	15.383
5.92E-12	15.103
5.94E-12	14.841
5.95E-12	14.586
5.97E-12	14.316
5.99E-12	14.018
6.01E-12	13.695
6.03E-12	13.326
6.05E-12	12.925
6.07E-12	12.552
6.09E-12	12.195
6.11E-12	11.835
6.13E-12	11.408
6.15E-12	10.975
6.17E-12	10.553
6.19E-12	10.146
6.21E-12	9.7153
6.23E-12	9.2618
6.24E-12	8.7875
6.26E-12	8.3049
6.28E-12	7.8091
6.30E-12	7.2913
6.32E-12	6.7575
6.34E-12	6.1921
6.36E-12	5.6153
6.38E-12	5.0355
6.40E-12	4.439
6.42E-12	3.8256
6.44E-12	3.1741
6.46E-12	2.5299
6.48E-12	1.8837
6.50E-12	1.2139
6.52E-12	0.48375
6.53E-12	-0.25223
6.55E-12	-0.99691
6.57E-12	-1.7496
6.59E-12	-2.5255
6.61E-12	-3.325
6.63E-12	-4.1412
6.65E-12	-5.0091
6.67E-12	-5.93
6.69E-12	-6.8596
6.71E-12	-7.8011
6.73E-12	-8.7486
6.75E-12	-9.734
6.77E-12	-10.779
6.79E-12	-11.856
6.81E-12	-12.976
6.82E-12	-14.103
6.84E-12	-15.247
6.86E-12	-16.438
6.88E-12	-17.678
6.90E-12	-18.936
6.92E-12	-20.213
6.94E-12	-21.502
6.96E-12	-22.864
6.98E-12	-24.283
7.00E-12	-25.718
7.02E-12	-27.184
7.04E-12	-28.688
7.06E-12	-30.215
7.08E-12	-31.788
7.10E-12	-33.389
7.11E-12	-35.067
7.13E-12	-36.776
7.15E-12	-38.51
7.17E-12	-40.31
7.19E-12	-42.203
7.21E-12	-44.131
7.23E-12	-46.104
7.25E-12	-48.103
7.27E-12	-50.125
7.29E-12	-52.187
7.31E-12	-54.285
7.33E-12	-56.485
7.35E-12	-58.741
7.37E-12	-61.016
7.39E-12	-63.348
7.40E-12	-65.739
7.42E-12	-68.22
7.44E-12	-70.78
7.46E-12	-73.376
7.48E-12	-76.043
7.50E-12	-78.792
7.52E-12	-81.591
7.54E-12	-84.475
7.56E-12	-87.412
7.58E-12	-90.404
7.60E-12	-93.493
7.62E-12	-96.637
7.64E-12	-99.903
7.66E-12	-103.26
7.68E-12	-106.66
7.69E-12	-110.16
7.71E-12	-113.73
7.73E-12	-117.4
7.75E-12	-121.17
7.77E-12	-124.97
7.79E-12	-128.87
7.81E-12	-132.93
7.83E-12	-137.07
7.85E-12	-141.33
7.87E-12	-145.66
7.89E-12	-150.07
7.91E-12	-154.62
7.93E-12	-159.26
7.95E-12	-164.05
7.97E-12	-168.97
7.98E-12	-173.95
8.00E-12	-179.08
8.02E-12	-184.34
8.04E-12	-189.74
8.06E-12	-195.32
8.08E-12	-200.99
8.10E-12	-206.85
8.12E-12	-212.87
8.14E-12	-218.99
8.16E-12	-225.31
8.18E-12	-231.8
8.20E-12	-238.43
8.22E-12	-245.25
8.24E-12	-252.18
8.26E-12	-259.37
8.27E-12	-266.85
8.29E-12	-274.46
8.31E-12	-282.32
8.33E-12	-290.37
8.35E-12	-298.63
8.37E-12	-307.24
8.39E-12	-316.06
8.41E-12	-325.17
8.43E-12	-334.55
8.45E-12	-344.09
8.47E-12	-354.01
8.49E-12	-364.32
8.51E-12	-374.87
8.53E-12	-385.78
8.55E-12	-396.91
8.56E-12	-408.46
8.58E-12	-420.43
8.60E-12	-432.6
8.62E-12	-445.2
8.64E-12	-458.28
8.66E-12	-471.64
8.68E-12	-485.47
8.70E-12	-499.61
8.72E-12	-514.29
8.74E-12	-529.51
8.76E-12	-545.01
8.78E-12	-561.01
8.80E-12	-577.56
8.82E-12	-594.44
8.84E-12	-611.91
8.85E-12	-629.8
8.87E-12	-648.28
8.89E-12	-667.37
8.91E-12	-686.77
8.93E-12	-706.73
8.95E-12	-727.31
8.97E-12	-748.22
8.99E-12	-769.74
9.01E-12	-791.68
9.03E-12	-814
9.05E-12	-836.65
9.07E-12	-859.45
9.09E-12	-882.52
9.11E-12	-905.91
9.13E-12	-929.28
9.14E-12	-952.52
9.16E-12	-975.5
9.18E-12	-997.96
9.20E-12	-1019.7
9.22E-12	-1041.1
9.24E-12	-1061.1
9.26E-12	-1079.3
9.28E-12	-1096.5
9.30E-12	-1111.1
9.32E-12	-1123.6
9.34E-12	-1133.1
9.36E-12	-1138.6
9.38E-12	-1141.9
9.40E-12	-1139.5
9.42E-12	-1130.6
9.43E-12	-1117.9
9.45E-12	-1097.3
9.47E-12	-1069.6
9.49E-12	-1033.3
9.51E-12	-985.28
9.53E-12	-931.33
9.55E-12	-862.01
9.57E-12	-775.65
9.59E-12	-680.36
9.61E-12	-565.47
9.63E-12	-433.59
9.65E-12	-283.55
9.67E-12	-109.22
9.69E-12	76.983
9.71E-12	292.07
9.72E-12	534.75
9.74E-12	789.78
9.76E-12	1069.6
9.78E-12	1368.7
9.80E-12	1681.1
9.82E-12	2007.7
9.84E-12	2340
9.86E-12	2673
9.88E-12	2996.9
9.90E-12	3310.3
9.92E-12	3595.5
9.94E-12	3849.9
9.96E-12	4063.9
9.98E-12	4217.6
1.00E-11	4339.4
1.00E-11	4376.2
1.00E-11	4328.9
1.01E-11	4240.4
1.01E-11	4067.4
1.01E-11	3821.9
1.01E-11	3522.3
1.01E-11	3157.4
1.02E-11	2763.3
1.02E-11	2327.3
1.02E-11	1868.1
1.02E-11	1407.2
1.02E-11	954.5
1.02E-11	520.86
1.03E-11	119.83
1.03E-11	-232.66
1.03E-11	-559.15
1.03E-11	-819.02
1.03E-11	-1015.2
1.04E-11	-1181.5
1.04E-11	-1289.8
1.04E-11	-1351.4
1.04E-11	-1381.2
1.04E-11	-1372.4
1.05E-11	-1345.8
1.05E-11	-1292.4
1.05E-11	-1220.6
1.05E-11	-1142.8
1.05E-11	-1055.1
1.06E-11	-961.03
1.06E-11	-864.62
1.06E-11	-766.61
1.06E-11	-668.32
1.06E-11	-572.42
1.07E-11	-480.08
1.07E-11	-390.36
1.07E-11	-307.12
1.07E-11	-230.61
1.07E-11	-161.3
1.07E-11	-101.94
1.08E-11	-47.602
1.08E-11	-4.5432
1.08E-11	28.65
1.08E-11	57.447
1.08E-11	78.069
1.09E-11	92.398
1.09E-11	102.41
1.09E-11	107.44
1.09E-11	110.14
1.09E-11	109.11
1.10E-11	105.51
1.10E-11	100.97
1.10E-11	94.839
1.10E-11	87.532
1.10E-11	79.566
1.11E-11	70.966
1.11E-11	62.105
1.11E-11	52.994
1.11E-11	43.837
1.11E-11	34.721
1.12E-11	25.785
1.12E-11	17.166
1.12E-11	9.1254
1.12E-11	1.9684
1.12E-11	-4.6838
1.13E-11	-9.9492
1.13E-11	-13.746
1.13E-11	-16.774
1.13E-11	-18.312
1.13E-11	-18.656
1.13E-11	-18.091
1.14E-11	-16.434
1.14E-11	-14.244
1.14E-11	-11.167
1.14E-11	-7.4379
1.14E-11	-3.4426
1.15E-11	1.0072
1.15E-11	5.7714
1.15E-11	10.682
1.15E-11	15.578
1.15E-11	20.392
1.16E-11	24.667
1.16E-11	28.265
1.16E-11	31.479
1.16E-11	33.906
1.16E-11	35.684
1.17E-11	37.015
1.17E-11	38.016
1.17E-11	38.935
1.17E-11	40.009
1.17E-11	41.42
1.18E-11	43.028
1.18E-11	45.024
1.18E-11	47.289
1.18E-11	49.743
1.18E-11	52.339
1.19E-11	54.978
1.19E-11	57.608
1.19E-11	60.245
1.19E-11	62.875
1.19E-11	65.454
1.19E-11	67.953
1.20E-11	70.23
1.20E-11	72.189
1.20E-11	73.946
1.20E-11	75.138
1.20E-11	75.638
1.21E-11	75.778
1.21E-11	75.269
1.21E-11	74.323
1.21E-11	72.914
1.21E-11	71.031
1.22E-11	68.929
1.22E-11	66.431
1.22E-11	63.522
1.22E-11	60.43
1.22E-11	57.074
1.23E-11	53.588
1.23E-11	50.15
1.23E-11	46.901
1.23E-11	43.809
1.23E-11	41.163
1.24E-11	39.056
1.24E-11	37.29
1.24E-11	36.101
1.24E-11	35.284
1.24E-11	34.905
1.25E-11	34.882
1.25E-11	35
1.25E-11	35.32
1.25E-11	35.807
1.25E-11	36.333
1.25E-11	36.879
1.26E-11	37.413
1.26E-11	37.88
1.26E-11	38.289
1.26E-11	38.682
1.26E-11	39.075
1.27E-11	39.481
1.27E-11	39.911
1.27E-11	40.37
1.27E-11	40.843
1.27E-11	41.27
1.28E-11	41.684
1.28E-11	42.084
1.28E-11	42.428
1.28E-11	42.632
1.28E-11	42.745
1.29E-11	42.77
1.29E-11	42.763
1.29E-11	42.703
1.29E-11	42.594
1.29E-11	42.468
1.30E-11	42.331
1.30E-11	42.222
1.30E-11	42.185
1.30E-11	42.231
1.30E-11	42.318
1.30E-11	42.59
1.31E-11	43.103
1.31E-11	43.693
1.31E-11	44.391
1.31E-11	45.12
1.31E-11	45.78
1.32E-11	46.285
1.32E-11	46.688
1.32E-11	46.745
1.32E-11	46.371
1.32E-11	45.792
1.33E-11	44.805
1.33E-11	43.503
1.33E-11	41.852
1.33E-11	39.8
1.33E-11	37.576
1.34E-11	35.135
1.34E-11	32.535
1.34E-11	29.913
1.34E-11	27.279
1.34E-11	24.675
1.35E-11	22.263
1.35E-11	20.146
1.35E-11	18.181
1.35E-11	16.51
1.35E-11	15.12
1.36E-11	13.887
1.36E-11	12.964
1.36E-11	12.258
1.36E-11	11.908
1.36E-11	11.879
1.36E-11	12.001
1.37E-11	12.412
1.37E-11	13.109
1.37E-11	13.956
1.37E-11	15.013
1.37E-11	16.179
1.38E-11	17.434
1.38E-11	18.759
1.38E-11	20.07
1.38E-11	21.248
1.38E-11	22.147
1.39E-11	22.681
1.39E-11	22.656
1.39E-11	22.327
1.39E-11	21.266
1.39E-11	19.517
1.40E-11	17.436
1.40E-11	14.722
1.40E-11	11.528
1.40E-11	8.0149
1.40E-11	4.1646
1.41E-11	0.17784
1.41E-11	-3.9077
1.41E-11	-7.9386
1.41E-11	-11.834
1.41E-11	-15.388
1.42E-11	-18.623
1.42E-11	-21.392
1.42E-11	-23.627
1.42E-11	-25.591
1.42E-11	-27.011
1.42E-11	-27.853
1.43E-11	-28.411
1.43E-11	-28.497
1.43E-11	-28.297
1.43E-11	-27.836
1.43E-11	-27.159
1.44E-11	-26.42
1.44E-11	-25.663
1.44E-11	-25.017
1.44E-11	-24.512
1.44E-11	-24.232
1.45E-11	-24.08
1.45E-11	-24.163
1.45E-11	-24.486
1.45E-11	-24.93
1.45E-11	-25.609
1.46E-11	-26.47
1.46E-11	-27.456
1.46E-11	-28.619
1.46E-11	-29.867
1.46E-11	-31.192
1.47E-11	-32.537
1.47E-11	-33.866
1.47E-11	-35.141
1.47E-11	-36.353
1.47E-11	-37.475
1.48E-11	-38.47
1.48E-11	-39.403
1.48E-11	-40.242
1.48E-11	-41.018
1.48E-11	-41.771
1.48E-11	-42.469
1.49E-11	-43.117
1.49E-11	-43.697
1.49E-11	-44.269
1.49E-11	-44.845
1.49E-11	-45.428
1.50E-11	-45.932
1.50E-11	-46.378
1.50E-11	-46.755
1.50E-11	-47.113
1.50E-11	-47.473
1.51E-11	-47.824
1.51E-11	-48.18
1.51E-11	-48.568
1.51E-11	-49.008
1.51E-11	-49.504
1.52E-11	-50.092
1.52E-11	-50.732
1.52E-11	-51.545
1.52E-11	-52.575
1.52E-11	-53.688
1.53E-11	-54.928
1.53E-11	-56.21
1.53E-11	-57.457
1.53E-11	-58.605
1.53E-11	-59.683
1.54E-11	-60.41
1.54E-11	-60.616
1.54E-11	-60.523
1.54E-11	-59.801
1.54E-11	-58.625
1.54E-11	-56.976
1.55E-11	-54.806
1.55E-11	-52.422
1.55E-11	-49.696
1.55E-11	-46.767
1.55E-11	-43.907
1.56E-11	-41.233
1.56E-11	-38.719
1.56E-11	-36.557
1.56E-11	-34.875
1.56E-11	-33.435
1.57E-11	-32.518
1.57E-11	-31.999
1.57E-11	-31.654
1.57E-11	-31.559
1.57E-11	-31.582
1.58E-11	-31.698
1.58E-11	-31.793
1.58E-11	-31.84
1.58E-11	-31.748
1.58E-11	-31.522
1.59E-11	-31.129
1.59E-11	-30.53
1.59E-11	-29.849
1.59E-11	-29.096
1.59E-11	-28.277
1.59E-11	-27.44
1.60E-11	-26.578
1.60E-11	-25.707
1.60E-11	-24.839
1.60E-11	-23.959
1.60E-11	-23.058
1.61E-11	-22.069
1.61E-11	-21.008
1.61E-11	-19.901
1.61E-11	-18.701
1.61E-11	-17.443
1.62E-11	-16.167
1.62E-11	-14.927
1.62E-11	-13.728
1.62E-11	-12.665
1.62E-11	-11.771
1.63E-11	-11.148
1.63E-11	-10.907
1.63E-11	-10.857
1.63E-11	-11.211
1.63E-11	-11.918
1.64E-11	-12.718
1.64E-11	-13.661
1.64E-11	-14.66
1.64E-11	-15.542
1.64E-11	-16.239
1.65E-11	-16.81
1.65E-11	-17.008
1.65E-11	-16.762
1.65E-11	-16.291
1.65E-11	-15.448
1.65E-11	-14.382
1.66E-11	-13.146
1.66E-11	-11.841
1.66E-11	-10.533
1.66E-11	-9.2716
1.66E-11	-8.1273
1.67E-11	-7.1353
1.67E-11	-6.3625
1.67E-11	-5.7053
1.67E-11	-5.3374
1.67E-11	-5.2702
1.68E-11	-5.3235
1.68E-11	-5.5924
1.68E-11	-6.0082
1.68E-11	-6.5736
1.68E-11	-7.2546
1.69E-11	-7.9727
1.69E-11	-8.7197
1.69E-11	-9.5217
1.69E-11	-10.326
1.69E-11	-11.105
1.70E-11	-11.85
1.70E-11	-12.514
1.70E-11	-13.127
1.70E-11	-13.719
1.70E-11	-14.27
1.71E-11	-14.781
1.71E-11	-15.291
1.71E-11	-15.814
1.71E-11	-16.345
1.71E-11	-16.839
1.71E-11	-17.195
1.72E-11	-17.473
1.72E-11	-17.602
1.72E-11	-17.63
1.72E-11	-17.459
1.72E-11	-17.024
1.73E-11	-16.434
1.73E-11	-15.507
1.73E-11	-14.272
1.73E-11	-12.905
1.73E-11	-11.345
1.74E-11	-9.6839
1.74E-11	-7.9748
1.74E-11	-6.3375
1.74E-11	-4.8068
1.74E-11	-3.5473
1.75E-11	-2.5478
1.75E-11	-1.8107
1.75E-11	-1.4317
1.75E-11	-1.2499
1.75E-11	-1.444
1.76E-11	-1.9787
1.76E-11	-2.5825
1.76E-11	-3.2748
1.76E-11	-3.991
1.76E-11	-4.6559
1.77E-11	-5.1744
1.77E-11	-5.5749
1.77E-11	-5.7012
1.77E-11	-5.5632
1.77E-11	-5.2757
1.77E-11	-4.7981
1.78E-11	-4.2292
1.78E-11	-3.5403
1.78E-11	-2.8398
1.78E-11	-2.1945
1.78E-11	-1.69
1.79E-11	-1.3122
1.79E-11	-1.1313
1.79E-11	-1.195
1.79E-11	-1.383
1.79E-11	-1.7731
1.80E-11	-2.3362
1.80E-11	-2.9453
1.80E-11	-3.6147
1.80E-11	-4.3098
1.80E-11	-5.0741
1.81E-11	-5.9076
1.81E-11	-6.7846
1.81E-11	-7.7808
1.81E-11	-8.9537
1.81E-11	-10.364
1.82E-11	-12.11
1.82E-11	-14.041
1.82E-11	-16.38
1.82E-11	-19.11
1.82E-11	-21.972
1.83E-11	-25.042
1.83E-11	-28.204
1.83E-11	-31.235
1.83E-11	-34
1.83E-11	-36.563
1.83E-11	-38.608
1.84E-11	-40.121
1.84E-11	-41.147
1.84E-11	-41.445
1.84E-11	-41.366
1.84E-11	-40.614
1.85E-11	-39.341
1.85E-11	-37.902
1.85E-11	-36.211
1.85E-11	-34.397
1.85E-11	-32.618
1.86E-11	-31.014
1.86E-11	-29.547
1.86E-11	-28.419
1.86E-11	-27.591
1.86E-11	-26.938
1.87E-11	-26.556
1.87E-11	-26.313
1.87E-11	-26.231
1.87E-11	-26.158
1.87E-11	-26.057
1.88E-11	-25.91
1.88E-11	-25.751
1.88E-11	-25.541
1.88E-11	-25.247
1.88E-11	-24.925
1.88E-11	-24.597
1.89E-11	-24.317
1.89E-11	-24.125
1.89E-11	-24.061
1.89E-11	-24.062
1.89E-11	-24.187
1.90E-11	-24.449
1.90E-11	-24.768
1.90E-11	-25.155
1.90E-11	-25.546
1.90E-11	-25.78
1.91E-11	-25.832
1.91E-11	-25.786
1.91E-11	-25.531
1.91E-11	-25.045
1.91E-11	-24.386
1.92E-11	-23.532
1.92E-11	-22.601
1.92E-11	-21.597
1.92E-11	-20.528
1.92E-11	-19.477
1.93E-11	-18.506
1.93E-11	-17.626
1.93E-11	-16.889
1.93E-11	-16.281
1.93E-11	-15.725
1.94E-11	-15.235
1.94E-11	-14.779
1.94E-11	-14.29
1.94E-11	-13.743
1.94E-11	-13.16
1.94E-11	-12.498
1.95E-11	-11.76
1.95E-11	-11.001
1.95E-11	-10.216
1.95E-11	-9.4253
1.95E-11	-8.7133
1.96E-11	-8.1402
1.96E-11	-7.6553
1.96E-11	-7.3698
1.96E-11	-7.2947
1.96E-11	-7.3472
1.97E-11	-7.5833
1.97E-11	-7.9129
1.97E-11	-8.3939
1.97E-11	-8.9391
1.97E-11	-9.4873
1.98E-11	-10.019
1.98E-11	-10.521
1.98E-11	-10.945
1.98E-11	-11.274
1.98E-11	-11.552
1.99E-11	-11.73
1.99E-11	-11.826
1.99E-11	-11.93
1.99E-11	-12.072
1.99E-11	-12.247
2.00E-11	-12.458
2.00E-11	-12.736
2.00E-11	-13.069
2.00E-11	-13.493
2.00E-11	-13.959
2.00E-11	-14.427
2.01E-11	-14.877
2.01E-11	-15.303
2.01E-11	-15.66
2.01E-11	-15.932
2.01E-11	-16.1
2.02E-11	-16.049
2.02E-11	-15.855
2.02E-11	-15.338
2.02E-11	-14.6
2.02E-11	-13.749
2.03E-11	-12.704
2.03E-11	-11.532
2.03E-11	-10.338
2.03E-11	-9.204
2.03E-11	-8.1464
2.04E-11	-7.3159
2.04E-11	-6.721
2.04E-11	-6.3339
2.04E-11	-6.2811
2.04E-11	-6.4122
2.05E-11	-6.944
2.05E-11	-7.799
2.05E-11	-8.7476
2.05E-11	-9.8454
2.05E-11	-11.033
2.06E-11	-12.245
2.06E-11	-13.386
2.06E-11	-14.461
2.06E-11	-15.379
2.06E-11	-16.166
2.06E-11	-16.811
2.07E-11	-17.23
2.07E-11	-17.529
2.07E-11	-17.653
2.07E-11	-17.689
2.07E-11	-17.709
2.08E-11	-17.704
2.08E-11	-17.686
2.08E-11	-17.715
2.08E-11	-17.813
2.08E-11	-17.941
2.09E-11	-18.122
2.09E-11	-18.34
2.09E-11	-18.551
2.09E-11	-18.745
2.09E-11	-18.921
2.10E-11	-19.016
2.10E-11	-18.999
2.10E-11	-18.93
2.10E-11	-18.75
2.10E-11	-18.491
2.11E-11	-18.116
2.11E-11	-17.662
2.11E-11	-17.149
2.11E-11	-16.517
2.11E-11	-15.804
2.12E-11	-15.072
2.12E-11	-14.288
2.12E-11	-13.46
2.12E-11	-12.522
2.12E-11	-11.516
2.12E-11	-10.511
2.13E-11	-9.4985
2.13E-11	-8.4762
2.13E-11	-7.4089
2.13E-11	-6.3217
2.13E-11	-5.2466
2.14E-11	-4.1903
2.14E-11	-3.132
2.14E-11	-2.0411
2.14E-11	-0.9483
2.14E-11	0.12262
2.15E-11	1.1248
2.15E-11	2.0745
2.15E-11	2.9754
2.15E-11	3.7761
2.15E-11	4.5092
2.16E-11	5.0822
2.16E-11	5.4667
2.16E-11	5.7149
2.16E-11	5.6906
2.16E-11	5.4774
2.17E-11	4.9985
2.17E-11	4.2092
2.17E-11	3.2506
2.17E-11	1.9853
2.17E-11	0.50947
2.17E-11	-1.1047
2.18E-11	-2.8477
2.18E-11	-4.6307
2.18E-11	-6.41
2.18E-11	-8.1329
2.18E-11	-9.7908
2.19E-11	-11.32
2.19E-11	-12.77
2.19E-11	-13.964
2.19E-11	-14.933
2.19E-11	-15.816
2.20E-11	-16.534
2.20E-11	-17.116
2.20E-11	-17.474
2.20E-11	-17.588
2.20E-11	-17.598
2.21E-11	-17.451
2.21E-11	-17.181
2.21E-11	-16.779
2.21E-11	-16.152
2.21E-11	-15.399
2.22E-11	-14.389
2.22E-11	-13.13
2.22E-11	-11.75
2.22E-11	-10.154
2.22E-11	-8.4326
2.23E-11	-6.5987
2.23E-11	-4.6914
2.23E-11	-2.7904
2.23E-11	-0.95895
2.23E-11	0.77148
2.23E-11	2.2605
2.24E-11	3.3829
2.24E-11	4.2979
2.24E-11	4.8107
2.24E-11	4.9582
2.24E-11	4.8251
2.25E-11	4.2512
2.25E-11	3.4498
2.25E-11	2.2775
2.25E-11	0.78286
2.25E-11	-0.82691
2.26E-11	-2.639
2.26E-11	-4.5722
2.26E-11	-6.5525
2.26E-11	-8.469
2.26E-11	-10.326
2.27E-11	-12.044
2.27E-11	-13.632
2.27E-11	-15.027
2.27E-11	-16.157
2.27E-11	-17.148
2.28E-11	-17.885
2.28E-11	-18.396
2.28E-11	-18.782
2.28E-11	-18.951
2.28E-11	-19.002
2.29E-11	-18.802
2.29E-11	-18.407
2.29E-11	-17.89
2.29E-11	-17.113
2.29E-11	-16.145
2.29E-11	-14.962
2.30E-11	-13.565
2.30E-11	-12.084
2.30E-11	-10.464
2.30E-11	-8.7417
2.30E-11	-7.0144
2.31E-11	-5.3904
2.31E-11	-3.861
2.31E-11	-2.6133
2.31E-11	-1.6774
2.31E-11	-0.95792
2.32E-11	-0.57949
2.32E-11	-0.37571
2.32E-11	-0.50059
2.32E-11	-0.91109
2.32E-11	-1.3985
2.33E-11	-1.9814
2.33E-11	-2.5905
2.33E-11	-3.1444
2.33E-11	-3.5754
2.33E-11	-3.9155
2.34E-11	-4.0454
2.34E-11	-3.9965
2.34E-11	-3.8296
2.34E-11	-3.5384
2.34E-11	-3.1953
2.35E-11	-2.8041
2.35E-11	-2.4633
2.35E-11	-2.212
2.35E-11	-2.1095
2.35E-11	-2.0932
2.35E-11	-2.3035
2.36E-11	-2.7614
2.36E-11	-3.3291
2.36E-11	-4.0897
2.36E-11	-4.9623
2.36E-11	-5.9398
2.37E-11	-6.987
2.37E-11	-8.0282
2.37E-11	-8.9938
2.37E-11	-9.8501
2.37E-11	-10.536
2.38E-11	-11
2.38E-11	-11.335
2.38E-11	-11.405
2.38E-11	-11.227
2.38E-11	-10.906
2.39E-11	-10.416
2.39E-11	-9.8508
2.39E-11	-9.1498
2.39E-11	-8.3475
2.39E-11	-7.5249
2.40E-11	-6.6456
2.40E-11	-5.7208
2.40E-11	-4.7075
2.40E-11	-3.6853
2.40E-11	-2.6739
2.41E-11	-1.6765
2.41E-11	-0.67128
2.41E-11	0.27255
2.41E-11	1.0835
2.41E-11	1.8032
2.41E-11	2.3189
2.42E-11	2.6469
2.42E-11	2.7262
2.42E-11	2.4229
2.42E-11	1.9049
2.42E-11	0.99099
2.43E-11	-0.2303
2.43E-11	-1.6446
2.43E-11	-3.3481
2.43E-11	-5.1917
2.43E-11	-7.147
2.44E-11	-9.1053
2.44E-11	-11.001
2.44E-11	-12.739
2.44E-11	-14.36
2.44E-11	-15.686
2.45E-11	-16.655
2.45E-11	-17.409
2.45E-11	-17.737
2.45E-11	-17.77
2.45E-11	-17.475
2.46E-11	-16.769
2.46E-11	-15.854
2.46E-11	-14.584
2.46E-11	-13.109
2.46E-11	-11.567
2.46E-11	-9.9494
2.47E-11	-8.3064
2.47E-11	-6.6861
2.47E-11	-5.1882
2.47E-11	-3.8264
2.47E-11	-2.6611
2.48E-11	-1.5919
2.48E-11	-0.72335
2.48E-11	-0.10592
2.48E-11	0.40714
2.48E-11	0.75837
2.49E-11	1.0361
2.49E-11	1.1985
2.49E-11	1.2537
2.49E-11	1.259
2.49E-11	1.1807
2.50E-11	1.0556
2.50E-11	0.92176
2.50E-11	0.72297
2.50E-11	0.4986
2.50E-11	0.27388
2.51E-11	0.11074
2.51E-11	-0.0008118
2.51E-11	-0.043121
2.51E-11	-0.034773
2.51E-11	0.11043
2.52E-11	0.37572
2.52E-11	0.69596
2.52E-11	1.072
2.52E-11	1.4595
2.52E-11	1.7832
2.52E-11	2.0182
2.53E-11	2.1566
2.53E-11	2.0944
2.53E-11	1.909
2.53E-11	1.3991
2.53E-11	0.50883
2.54E-11	-0.56071
2.54E-11	-1.9449
2.54E-11	-3.5274
2.54E-11	-5.3524
2.54E-11	-7.3436
2.55E-11	-9.3368
2.55E-11	-11.232
2.55E-11	-13.004
2.55E-11	-14.5
2.55E-11	-15.588
2.56E-11	-16.414
2.56E-11	-16.666
2.56E-11	-16.385
2.56E-11	-15.678
2.56E-11	-14.409
2.57E-11	-12.866
2.57E-11	-10.904
2.57E-11	-8.6423
2.57E-11	-6.2943
2.57E-11	-3.8768
2.58E-11	-1.4565
2.58E-11	0.81428
2.58E-11	2.8399
2.58E-11	4.6517
2.58E-11	6.0436
2.58E-11	7.1824
2.59E-11	7.8835
2.59E-11	8.2129
2.59E-11	8.392
2.59E-11	8.2773
2.59E-11	7.9517
2.60E-11	7.3269
2.60E-11	6.4526
2.60E-11	5.4531
2.60E-11	4.1895
2.60E-11	2.692
2.61E-11	0.90685
2.61E-11	-1.185
2.61E-11	-3.4227
2.61E-11	-5.9162
2.61E-11	-8.6028
2.62E-11	-11.332
2.62E-11	-13.997
2.62E-11	-16.556
2.62E-11	-18.741
2.62E-11	-20.518
2.63E-11	-21.841
2.63E-11	-22.351
2.63E-11	-22.404
2.63E-11	-21.594
2.63E-11	-20.023
2.64E-11	-18.074
2.64E-11	-15.527
2.64E-11	-12.703
2.64E-11	-9.6215
2.64E-11	-6.464
2.64E-11	-3.4138
2.65E-11	-0.64983
2.65E-11	1.9036
2.65E-11	3.9205
2.65E-11	5.3212
2.65E-11	6.393
2.66E-11	6.8852
2.66E-11	7.0249
2.66E-11	6.8158
2.66E-11	6.2911
2.66E-11	5.646
2.67E-11	4.8621
2.67E-11	4.0493
2.67E-11	3.3581
2.67E-11	2.7869
2.67E-11	2.2784
2.68E-11	1.8977
2.68E-11	1.6475
2.68E-11	1.4855
2.68E-11	1.3625
2.68E-11	1.234
2.69E-11	1.065
2.69E-11	0.87628
2.69E-11	0.61423
2.69E-11	0.20508
2.69E-11	-0.29167
2.70E-11	-0.91176
2.70E-11	-1.5574
2.70E-11	-2.1786
2.70E-11	-2.7797
2.70E-11	-3.372
2.70E-11	-3.9106
2.71E-11	-4.3514
2.71E-11	-4.733
2.71E-11	-5.0295
2.71E-11	-5.2868
2.71E-11	-5.5187
2.72E-11	-5.7591
2.72E-11	-5.9804
2.72E-11	-6.1595
2.72E-11	-6.3107
2.72E-11	-6.4947
2.73E-11	-6.6951
2.73E-11	-6.8681
2.73E-11	-6.9699
2.73E-11	-7.019
2.73E-11	-6.9772
2.74E-11	-6.7978
2.74E-11	-6.5307
2.74E-11	-6.0999
2.74E-11	-5.5613
2.74E-11	-4.863
2.75E-11	-4.0404
2.75E-11	-3.1535
2.75E-11	-2.1481
2.75E-11	-1.0532
2.75E-11	-0.0052479
2.75E-11	0.98115
2.76E-11	1.9405
2.76E-11	2.8518
2.76E-11	3.6951
2.76E-11	4.399
2.76E-11	4.9204
2.77E-11	5.3463
2.77E-11	5.5921
2.77E-11	5.6463
2.77E-11	5.496
2.77E-11	5.0497
2.78E-11	4.4376
2.78E-11	3.5028
2.78E-11	2.3077
2.78E-11	0.92914
2.78E-11	-0.72093
2.79E-11	-2.5007
2.79E-11	-4.4508
2.79E-11	-6.5097
2.79E-11	-8.5555
2.79E-11	-10.521
2.80E-11	-12.414
2.80E-11	-14.075
2.80E-11	-15.493
2.80E-11	-16.727
2.80E-11	-17.607
2.81E-11	-18.285
2.81E-11	-18.563
2.81E-11	-18.455
2.81E-11	-18.125
2.81E-11	-17.428
2.81E-11	-16.556
2.82E-11	-15.431
2.82E-11	-14.023
2.82E-11	-12.509
2.82E-11	-10.846
2.82E-11	-9.1281
2.83E-11	-7.4478
2.83E-11	-5.834
2.83E-11	-4.2859
2.83E-11	-2.9107
2.83E-11	-1.6673
2.84E-11	-0.73885
2.84E-11	-0.099662
2.84E-11	0.39059
2.84E-11	0.56622
2.84E-11	0.52681
2.85E-11	0.21166
2.85E-11	-0.34514
2.85E-11	-0.97634
2.85E-11	-1.6994
2.85E-11	-2.4609
2.86E-11	-3.1911
2.86E-11	-3.8442
2.86E-11	-4.42
2.86E-11	-4.8046
2.86E-11	-5.0318
2.87E-11	-5.0423
2.87E-11	-4.7778
2.87E-11	-4.3866
2.87E-11	-3.7958
2.87E-11	-3.0934
2.87E-11	-2.3452
2.88E-11	-1.5964
2.88E-11	-0.87708
2.88E-11	-0.26466
2.88E-11	0.22725
2.88E-11	0.52396
2.89E-11	0.57021
2.89E-11	0.48885
2.89E-11	0.1781
2.89E-11	-0.29897
2.89E-11	-0.89172
2.90E-11	-1.577
2.90E-11	-2.2908
2.90E-11	-3.0207
2.90E-11	-3.7339
2.90E-11	-4.4036
2.91E-11	-5.0089
2.91E-11	-5.5623
2.91E-11	-5.98
2.91E-11	-6.2858
2.91E-11	-6.5054
2.92E-11	-6.6104
2.92E-11	-6.6472
2.92E-11	-6.525
2.92E-11	-6.2268
2.92E-11	-5.7592
2.93E-11	-5.0471
2.93E-11	-4.1971
2.93E-11	-3.0703
2.93E-11	-1.743
2.93E-11	-0.2989
2.93E-11	1.2957
2.94E-11	2.9365
2.94E-11	4.5393
2.94E-11	6.0377
2.94E-11	7.3414
2.94E-11	8.3108
2.95E-11	9.0791
2.95E-11	9.4245
2.95E-11	9.391
2.95E-11	9.0366
2.95E-11	8.2097
2.96E-11	7.1462
2.96E-11	5.7039
2.96E-11	3.9571
2.96E-11	2.0201
2.96E-11	-0.16187
2.97E-11	-2.4337
2.97E-11	-4.7418
2.97E-11	-7.0115
2.97E-11	-9.2188
2.97E-11	-11.298
2.98E-11	-13.264
2.98E-11	-14.845
2.98E-11	-16.026
2.98E-11	-16.873
2.98E-11	-17.141
2.99E-11	-17.082
2.99E-11	-16.378
2.99E-11	-15.129
2.99E-11	-13.544
2.99E-11	-11.493
2.99E-11	-9.2372
3.00E-11	-6.7116
3.00E-11	-4.0155
3.00E-11	-1.3565
3.00E-11	1.1414
3.00E-11	3.5014
3.01E-11	5.4923
3.01E-11	7.1247
3.01E-11	8.444
3.01E-11	9.2476
3.01E-11	9.7694
3.02E-11	9.763
3.02E-11	9.386
3.02E-11	8.8141
3.02E-11	7.9556
3.02E-11	6.9639
3.03E-11	5.7931
3.03E-11	4.5411
3.03E-11	3.327
3.03E-11	2.1838
3.03E-11	1.0962
3.04E-11	0.18011
3.04E-11	-0.53591
3.04E-11	-1.0933
3.04E-11	-1.4262
3.04E-11	-1.6356
3.04E-11	-1.6047
3.05E-11	-1.3906
3.05E-11	-1.0425
3.05E-11	-0.49066
3.05E-11	0.17118
3.05E-11	1.0125
3.06E-11	1.9362
3.06E-11	2.8782
3.06E-11	3.8197
3.06E-11	4.7223
3.06E-11	5.4611
3.07E-11	6.0377
3.07E-11	6.4346
3.07E-11	6.5531
3.07E-11	6.4909
3.07E-11	6.0361
3.08E-11	5.2506
3.08E-11	4.2654
3.08E-11	3.1056
3.08E-11	1.8916
3.08E-11	0.6372
3.09E-11	-0.60597
3.09E-11	-1.6596
3.09E-11	-2.4304
3.09E-11	-3.0398
3.09E-11	-3.3263
3.10E-11	-3.3433
3.10E-11	-3.0688
3.10E-11	-2.4858
3.10E-11	-1.7974
3.10E-11	-1.0053
3.10E-11	-0.16884
3.11E-11	0.62853
3.11E-11	1.2921
3.11E-11	1.8491
3.11E-11	2.1816
3.11E-11	2.3651
3.12E-11	2.3637
3.12E-11	2.1753
3.12E-11	1.9294
3.12E-11	1.6317
3.12E-11	1.3184
3.13E-11	1.0024
3.13E-11	0.72749
3.13E-11	0.49901
3.13E-11	0.33679
3.13E-11	0.17978
3.14E-11	-0.022126
3.14E-11	-0.23917
3.14E-11	-0.51302
3.14E-11	-0.94995
3.14E-11	-1.5134
3.15E-11	-2.2489
3.15E-11	-3.0996
3.15E-11	-3.9865
3.15E-11	-4.9343
3.15E-11	-5.9193
3.16E-11	-6.7722
3.16E-11	-7.3687
3.16E-11	-7.8004
3.16E-11	-7.9038
3.16E-11	-7.8228
3.16E-11	-7.2973
3.17E-11	-6.3312
3.17E-11	-5.163
3.17E-11	-3.667
3.17E-11	-2.0291
3.17E-11	-0.33724
3.18E-11	1.3356
3.18E-11	2.8978
3.18E-11	4.218
3.18E-11	5.3721
3.18E-11	6.0888
3.19E-11	6.3547
3.19E-11	6.3506
3.19E-11	5.939
3.19E-11	5.3298
3.19E-11	4.4431
3.20E-11	3.4065
3.20E-11	2.3861
3.20E-11	1.4219
3.20E-11	0.51013
3.20E-11	-0.2537
3.21E-11	-0.85663
3.21E-11	-1.2719
3.21E-11	-1.4651
3.21E-11	-1.5629
3.21E-11	-1.5196
3.22E-11	-1.3633
3.22E-11	-1.1033
3.22E-11	-0.79727
3.22E-11	-0.49056
3.22E-11	-0.1648
3.22E-11	0.22748
3.23E-11	0.69934
3.23E-11	1.2378
3.23E-11	1.8154
3.23E-11	2.458
3.23E-11	3.1296
3.24E-11	3.8371
3.24E-11	4.5732
3.24E-11	5.2794
3.24E-11	5.903
3.24E-11	6.4736
3.25E-11	6.8508
3.25E-11	6.96
3.25E-11	6.9265
3.25E-11	6.6304
3.25E-11	6.1911
3.26E-11	5.5295
3.26E-11	4.7092
3.26E-11	3.8482
3.26E-11	2.945
3.26E-11	2.0462
3.27E-11	1.2717
3.27E-11	0.69092
3.27E-11	0.29373
3.27E-11	0.17233
3.27E-11	0.20242
3.28E-11	0.54462
3.28E-11	1.1801
3.28E-11	1.9622
3.28E-11	2.8902
3.28E-11	3.8714
3.28E-11	4.9208
3.29E-11	6.0246
3.29E-11	7.0818
3.29E-11	7.9897
3.29E-11	8.8004
3.29E-11	9.446
3.30E-11	9.986
3.30E-11	10.314
3.30E-11	10.419
3.30E-11	10.443
3.30E-11	10.286
3.31E-11	9.939
3.31E-11	9.3205
3.31E-11	8.8373
3.31E-11	8.4457
3.31E-11	8.0182
3.32E-11	7.4332
3.32E-11	6.0323
3.32E-11	4.6095
3.32E-11	3.8957
3.32E-11	3.6414
3.33E-11	3.2091
3.33E-11	2.1729
3.33E-11	1.8482
3.33E-11	1.6271
3.33E-11	1.0415
3.33E-11	0.21248
3.34E-11	-0.4119
3.34E-11	-0.50939
3.34E-11	-0.39908
3.34E-11	-0.047911
3.34E-11	0.44468
3.35E-11	1.2117
3.35E-11	2.1489
3.35E-11	3.2645
3.35E-11	4.6099
3.35E-11	6.0434
3.36E-11	7.5621
3.36E-11	9.0951
3.36E-11	10.511
3.36E-11	11.739
3.36E-11	12.832
3.37E-11	13.633
3.37E-11	14.246
3.37E-11	14.411
3.37E-11	14.114
3.37E-11	13.585
3.38E-11	12.634
3.38E-11	11.46
3.38E-11	9.9488
3.38E-11	8.2305
3.38E-11	6.5038
3.39E-11	4.7978
3.39E-11	3.1408
3.39E-11	1.6883
3.39E-11	0.46698
3.39E-11	-0.43655
3.39E-11	-0.88326
3.40E-11	-1.0819
3.40E-11	-0.84224
3.40E-11	-0.3069
3.40E-11	0.48727
3.40E-11	1.5063
3.41E-11	2.5719
3.41E-11	3.6374
3.41E-11	4.6686
3.41E-11	5.5421
3.41E-11	6.2156
3.42E-11	6.7466
3.42E-11	7.0228
3.42E-11	7.1631
3.42E-11	7.0825
3.42E-11	6.8296
3.43E-11	6.4919
3.43E-11	6.0254
3.43E-11	5.5076
3.43E-11	4.9592
3.43E-11	4.3892
3.44E-11	3.7677
3.44E-11	3.0569
3.44E-11	2.2774
3.44E-11	1.365
3.44E-11	0.37223
3.45E-11	-0.71734
3.45E-11	-1.9455
3.45E-11	-3.23
3.45E-11	-4.5694
3.45E-11	-5.9163
3.45E-11	-7.2019
3.46E-11	-8.3591
3.46E-11	-9.3557
3.46E-11	-10.035
3.46E-11	-10.517
3.46E-11	-10.613
3.47E-11	-10.393
3.47E-11	-9.9721
3.47E-11	-9.2616
3.47E-11	-8.4263
3.47E-11	-7.465
3.48E-11	-6.4731
3.48E-11	-5.5809
3.48E-11	-4.835
3.48E-11	-4.1802
3.48E-11	-3.7281
3.49E-11	-3.4293
3.49E-11	-3.3246
3.49E-11	-3.3639
3.49E-11	-3.4431
3.49E-11	-3.5329
3.50E-11	-3.5874
3.50E-11	-3.4577
3.50E-11	-3.158
3.50E-11	-2.7419
3.50E-11	-2.1108
3.51E-11	-1.3349
3.51E-11	-0.27021
3.51E-11	0.96205
3.51E-11	2.2764
3.51E-11	3.664
3.51E-11	5.0332
3.52E-11	6.3063
3.52E-11	7.5084
3.52E-11	8.6227
3.52E-11	9.6663
3.52E-11	10.64
3.53E-11	11.442
3.53E-11	12.13
3.53E-11	12.666
3.53E-11	13.127
3.53E-11	13.47
3.54E-11	13.565
3.54E-11	13.505
3.54E-11	13.178
3.54E-11	12.645
3.54E-11	11.866
3.55E-11	10.786
3.55E-11	9.5719
3.55E-11	8.1772
3.55E-11	6.702
3.55E-11	5.2588
3.56E-11	3.9132
3.56E-11	2.6863
3.56E-11	1.7559
3.56E-11	1.0344
3.56E-11	0.77221
3.57E-11	0.90946
3.57E-11	1.3402
3.57E-11	2.1803
3.57E-11	3.2024
3.57E-11	4.4681
3.57E-11	5.8798
3.58E-11	7.3522
3.58E-11	8.8146
3.58E-11	10.225
3.58E-11	11.484
3.58E-11	12.636
3.59E-11	13.521
3.59E-11	14.191
3.59E-11	14.761
3.59E-11	15.132
3.59E-11	15.391
3.60E-11	15.46
3.60E-11	15.422
3.60E-11	15.323
3.60E-11	15.095
3.60E-11	14.787
3.61E-11	14.354
3.61E-11	13.87
3.61E-11	13.325
3.61E-11	12.673
3.61E-11	11.98
3.62E-11	11.251
3.62E-11	10.518
3.62E-11	9.77
3.62E-11	9.0244
3.62E-11	8.3346
3.62E-11	7.7525
3.63E-11	7.2512
3.63E-11	6.9489
3.63E-11	6.797
3.63E-11	6.7876
3.63E-11	6.9502
3.64E-11	7.2166
3.64E-11	7.6789
3.64E-11	8.2429
3.64E-11	8.8726
3.64E-11	9.5132
3.65E-11	10.144
3.65E-11	10.759
3.65E-11	11.355
3.65E-11	11.851
3.65E-11	12.216
3.66E-11	12.452
3.66E-11	12.558
3.66E-11	12.612
3.66E-11	12.566
3.66E-11	12.449
3.67E-11	12.218
3.67E-11	11.893
3.67E-11	11.545
3.67E-11	11.164
3.67E-11	10.764
3.68E-11	10.312
3.68E-11	9.8382
3.68E-11	9.4017
3.68E-11	9.0306
3.68E-11	8.7064
3.68E-11	8.5009
3.69E-11	8.3974
3.69E-11	8.476
3.69E-11	8.7407
3.69E-11	9.0899
3.69E-11	9.5723
3.70E-11	10.119
3.70E-11	10.789
3.70E-11	11.551
3.70E-11	12.23
3.70E-11	12.73
3.71E-11	13.117
3.71E-11	13.26
3.71E-11	13.192
3.71E-11	12.791
3.71E-11	12.063
3.72E-11	11.179
3.72E-11	9.9937
3.72E-11	8.6439
3.72E-11	7.1036
3.72E-11	5.4833
3.73E-11	3.917
3.73E-11	2.467
3.73E-11	1.0906
3.73E-11	-0.1244
3.73E-11	-1.1993
3.74E-11	-2.0542
3.74E-11	-2.6355
3.74E-11	-3.0884
3.74E-11	-3.3389
3.74E-11	-3.5009
3.74E-11	-3.4885
3.75E-11	-3.3058
3.75E-11	-3.0406
3.75E-11	-2.6427
3.75E-11	-2.194
3.75E-11	-1.7075
3.76E-11	-1.2059
3.76E-11	-0.64729
3.76E-11	-0.057961
3.76E-11	0.52393
3.76E-11	1.1046
3.77E-11	1.7004
3.77E-11	2.3636
3.77E-11	3.0767
3.77E-11	3.7731
3.77E-11	4.419
3.78E-11	5.0266
3.78E-11	5.5407
3.78E-11	5.9724
3.78E-11	6.3197
3.78E-11	6.5384
3.79E-11	6.6462
3.79E-11	6.5297
3.79E-11	6.2956
3.79E-11	5.9088
3.79E-11	5.4528
3.80E-11	4.9399
3.80E-11	4.3254
3.80E-11	3.6637
3.80E-11	2.9459
3.80E-11	2.2085
3.80E-11	1.5123
3.81E-11	0.85382
3.81E-11	0.20999
3.81E-11	-0.39778
3.81E-11	-0.97301
3.81E-11	-1.4242
3.82E-11	-1.7668
3.82E-11	-2.068
3.82E-11	-2.3036
3.82E-11	-2.4805
3.82E-11	-2.5269
3.83E-11	-2.4997
3.83E-11	-2.4164
3.83E-11	-2.2321
3.83E-11	-1.9811
3.83E-11	-1.6164
3.84E-11	-1.2033
3.84E-11	-0.74411
3.84E-11	-0.23811
3.84E-11	0.3508
3.84E-11	1.0258
3.85E-11	1.7395
3.85E-11	2.496
3.85E-11	3.2596
3.85E-11	4.0114
3.85E-11	4.776
3.85E-11	5.5042
3.86E-11	6.1414
3.86E-11	6.713
3.86E-11	7.1553
3.86E-11	7.5129
3.86E-11	7.7245
3.87E-11	7.6965
3.87E-11	7.5602
3.87E-11	7.2502
3.87E-11	6.8472
3.87E-11	6.2964
3.88E-11	5.6814
3.88E-11	5.0389
3.88E-11	4.4255
3.88E-11	3.8734
3.88E-11	3.4388
3.89E-11	3.0322
3.89E-11	2.6586
3.89E-11	2.3679
3.89E-11	2.0997
3.89E-11	1.8735
3.90E-11	1.6593
3.90E-11	1.3855
3.90E-11	1.0064
3.90E-11	0.52912
3.90E-11	-0.054176
3.91E-11	-0.7004
3.91E-11	-1.4689
3.91E-11	-2.3036
3.91E-11	-3.1172
3.91E-11	-3.8167
3.91E-11	-4.3897
3.92E-11	-4.7315
3.92E-11	-4.9186
3.92E-11	-4.7723
3.92E-11	-4.3959
3.92E-11	-3.7081
3.93E-11	-2.7182
3.93E-11	-1.6132
3.93E-11	-0.3034
3.93E-11	1.1041
3.93E-11	2.5843
3.94E-11	4.0421
3.94E-11	5.3613
3.94E-11	6.4638
3.94E-11	7.4156
3.94E-11	8.0627
3.95E-11	8.539
3.95E-11	8.7455
3.95E-11	8.747
3.95E-11	8.6591
3.95E-11	8.4526
3.96E-11	8.2139
3.96E-11	7.9792