# Menlo Systems GmbH ScanControl
# Program Version 1.14.3
# Start: -740.00000000 ps, Average over 1000 waveforms. Timestamp: 2026-02-04T14:30:20
# User time axis shift: 0 ps
# Time axis offset: 0 ps
# Time [ps]	THz Signal [a.u.]
-740.00000000	-0.00002766
-739.96699670	-0.00006176
-739.93399340	-0.00005684
-739.90099010	-0.00010211
-739.86798680	0.00000878
-739.83498350	-0.00019984
-739.80198020	-0.00010872
-739.76897690	-0.00009201
-739.73597360	-0.00011541
-739.70297030	-0.00014779
-739.66996700	-0.00011446
-739.63696370	-0.00008797
-739.60396040	-0.00003435
-739.57095710	-0.00010349
-739.53795380	-0.00010747
-739.50495050	-0.00013299
-739.47194719	0.00001450
-739.43894389	-0.00007713
-739.40594059	-0.00000178
-739.37293729	-0.00003370
-739.33993399	0.00005927
-739.30693069	0.00008188
-739.27392739	0.00013783
-739.24092409	0.00010724
-739.20792079	0.00013719
-739.17491749	0.00011127
-739.14191419	0.00023991
-739.10891089	0.00028191
-739.07590759	0.00019791
-739.04290429	0.00022782
-739.00990099	0.00028702
-738.97689769	0.00026186
-738.94389439	0.00030893
-738.91089109	0.00029097
-738.87788779	0.00036129
-738.84488449	0.00039343
-738.81188119	0.00043050
-738.77887789	0.00051157
-738.74587459	0.00042543
-738.71287129	0.00039542
-738.67986799	0.00050436
-738.64686469	0.00052694
-738.61386139	0.00057016
-738.58085809	0.00055512
-738.54785479	0.00054925
-738.51485149	0.00055978
-738.48184818	0.00059799
-738.44884488	0.00050315
-738.41584158	0.00053685
-738.38283828	0.00055228
-738.34983498	0.00056998
-738.31683168	0.00060857
-738.28382838	0.00059528
-738.25082508	0.00055393
-738.21782178	0.00047088
-738.18481848	0.00059890
-738.15181518	0.00051927
-738.11881188	0.00055805
-738.08580858	0.00057770
-738.05280528	0.00054696
-738.01980198	0.00056118
-737.98679868	0.00042853
-737.95379538	0.00049867
-737.92079208	0.00043285
-737.88778878	0.00041963
-737.85478548	0.00044855
-737.82178218	0.00042867
-737.78877888	0.00036954
-737.75577558	0.00032914
-737.72277228	0.00030241
-737.68976898	0.00024312
-737.65676568	0.00023610
-737.62376238	0.00025241
-737.59075908	0.00020640
-737.55775578	0.00013220
-737.52475248	0.00017398
-737.49174917	0.00007091
-737.45874587	-0.00000603
-737.42574257	0.00001356
-737.39273927	0.00000085
-737.35973597	0.00003426
-737.32673267	-0.00001163
-737.29372937	-0.00002031
-737.26072607	-0.00011022
-737.22772277	-0.00002710
-737.19471947	0.00005446
-737.16171617	0.00010489
-737.12871287	-0.00002146
-737.09570957	-0.00004607
-737.06270627	-0.00005715
-737.02970297	-0.00010327
-736.99669967	-0.00006322
-736.96369637	-0.00001921
-736.93069307	-0.00006051
-736.89768977	-0.00008446
-736.86468647	-0.00005938
-736.83168317	-0.00004080
-736.79867987	-0.00003214
-736.76567657	-0.00013073
-736.73267327	-0.00015866
-736.69966997	-0.00007069
-736.66666667	0.00004979
-736.63366337	0.00005195
-736.60066007	0.00005691
-736.56765677	0.00001556
-736.53465347	-0.00004523
-736.50165017	0.00004770
-736.46864686	0.00006361
-736.43564356	0.00018535
-736.40264026	0.00013536
-736.36963696	0.00024500
-736.33663366	0.00013636
-736.30363036	0.00012586
-736.27062706	0.00012426
-736.23762376	0.00012575
-736.20462046	0.00013906
-736.17161716	0.00003044
-736.13861386	0.00013652
-736.10561056	0.00020929
-736.07260726	0.00018814
-736.03960396	0.00014815
-736.00660066	0.00012769
-735.97359736	0.00011902
-735.94059406	0.00004531
-735.90759076	0.00019226
-735.87458746	0.00016496
-735.84158416	0.00015209
-735.80858086	0.00012458
-735.77557756	0.00016109
-735.74257426	0.00017899
-735.70957096	0.00000719
-735.67656766	0.00010771
-735.64356436	0.00015550
-735.61056106	0.00012235
-735.57755776	0.00010001
-735.54455446	0.00016671
-735.51155116	0.00017737
-735.47854785	0.00012301
-735.44554455	0.00013701
-735.41254125	0.00009824
-735.37953795	0.00013877
-735.34653465	0.00016993
-735.31353135	0.00022388
-735.28052805	0.00010946
-735.24752475	0.00008860
-735.21452145	0.00013931
-735.18151815	0.00017835
-735.14851485	0.00020130
-735.11551155	0.00009211
-735.08250825	0.00010625
-735.04950495	0.00011949
-735.01650165	0.00022874
-734.98349835	0.00015395
-734.95049505	0.00011632
-734.91749175	0.00010704
-734.88448845	0.00014452
-734.85148515	0.00013187
-734.81848185	0.00020737
-734.78547855	0.00022873
-734.75247525	0.00016980
-734.71947195	0.00010572
-734.68646865	0.00021731
-734.65346535	0.00008488
-734.62046205	0.00021478
-734.58745875	0.00027547
-734.55445545	0.00016083
-734.52145215	0.00015003
-734.48844884	0.00029776
-734.45544554	0.00028879
-734.42244224	0.00032733
-734.38943894	0.00028189
-734.35643564	0.00029483
-734.32343234	0.00043136
-734.29042904	0.00040238
-734.25742574	0.00042743
-734.22442244	0.00042045
-734.19141914	0.00045268
-734.15841584	0.00047144
-734.12541254	0.00050090
-734.09240924	0.00057607
-734.05940594	0.00062932
-734.02640264	0.00060705
-733.99339934	0.00067307
-733.96039604	0.00066219
-733.92739274	0.00074430
-733.89438944	0.00080464
-733.86138614	0.00087513
-733.82838284	0.00084801
-733.79537954	0.00084823
-733.76237624	0.00093111
-733.72937294	0.00095926
-733.69636964	0.00091384
-733.66336634	0.00091497
-733.63036304	0.00094237
-733.59735974	0.00090005
-733.56435644	0.00092886
-733.53135314	0.00090021
-733.49834983	0.00085432
-733.46534653	0.00071404
-733.43234323	0.00066979
-733.39933993	0.00051317
-733.36633663	0.00043442
-733.33333333	0.00037389
-733.30033003	0.00020289
-733.26732673	0.00006243
-733.23432343	-0.00009579
-733.20132013	-0.00029798
-733.16831683	-0.00051515
-733.13531353	-0.00063341
-733.10231023	-0.00080516
-733.06930693	-0.00093026
-733.03630363	-0.00110406
-733.00330033	-0.00120199
-732.97029703	-0.00123244
-732.93729373	-0.00133637
-732.90429043	-0.00154429
-732.87128713	-0.00152573
-732.83828383	-0.00159776
-732.80528053	-0.00155773
-732.77227723	-0.00162749
-732.73927393	-0.00158822
-732.70627063	-0.00155965
-732.67326733	-0.00151468
-732.64026403	-0.00140364
-732.60726073	-0.00111656
-732.57425743	-0.00091613
-732.54125413	-0.00060228
-732.50825083	-0.00037368
-732.47524752	0.00010299
-732.44224422	0.00043585
-732.40924092	0.00075445
-732.37623762	0.00126504
-732.34323432	0.00142105
-732.31023102	0.00169696
-732.27722772	0.00202207
-732.24422442	0.00208369
-732.21122112	0.00220983
-732.17821782	0.00207849
-732.14521452	0.00213675
-732.11221122	0.00203132
-732.07920792	0.00187575
-732.04620462	0.00178555
-732.01320132	0.00160725
-731.98019802	0.00144239
-731.94719472	0.00136552
-731.91419142	0.00123070
-731.88118812	0.00100152
-731.84818482	0.00098743
-731.81518152	0.00086575
-731.78217822	0.00073213
-731.74917492	0.00077327
-731.71617162	0.00059213
-731.68316832	0.00050691
-731.65016502	0.00059522
-731.61716172	0.00053160
-731.58415842	0.00046827
-731.55115512	0.00042266
-731.51815182	0.00038668
-731.48514851	0.00041896
-731.45214521	0.00036977
-731.41914191	0.00036852
-731.38613861	0.00041491
-731.35313531	0.00029273
-731.32013201	0.00039439
-731.28712871	0.00023594
-731.25412541	0.00028568
-731.22112211	0.00019853
-731.18811881	0.00030885
-731.15511551	0.00022799
-731.12211221	0.00025926
-731.08910891	0.00029420
-731.05610561	0.00035025
-731.02310231	0.00041205
-730.99009901	0.00035777
-730.95709571	0.00045877
-730.92409241	0.00054055
-730.89108911	0.00061462
-730.85808581	0.00054184
-730.82508251	0.00063721
-730.79207921	0.00058198
-730.75907591	0.00060774
-730.72607261	0.00056691
-730.69306931	0.00052528
-730.66006601	0.00051762
-730.62706271	0.00047312
-730.59405941	0.00038841
-730.56105611	0.00041087
-730.52805281	0.00043954
-730.49504950	0.00034516
-730.46204620	0.00047098
-730.42904290	0.00049804
-730.39603960	0.00053697
-730.36303630	0.00061099
-730.33003300	0.00064419
-730.29702970	0.00072648
-730.26402640	0.00087779
-730.23102310	0.00076459
-730.19801980	0.00086659
-730.16501650	0.00083361
-730.13201320	0.00081201
-730.09900990	0.00084307
-730.06600660	0.00078241
-730.03300330	0.00075838
-730.00000000	0.00074018
-729.96699670	0.00069717
-729.93399340	0.00062041
-729.90099010	0.00060796
-729.86798680	0.00058426
-729.83498350	0.00055562
-729.80198020	0.00048832
-729.76897690	0.00050135
-729.73597360	0.00052743
-729.70297030	0.00053675
-729.66996700	0.00041989
-729.63696370	0.00044577
-729.60396040	0.00048890
-729.57095710	0.00040232
-729.53795380	0.00049338
-729.50495050	0.00039461
-729.47194719	0.00045989
-729.43894389	0.00041947
-729.40594059	0.00043763
-729.37293729	0.00049401
-729.33993399	0.00037845
-729.30693069	0.00042881
-729.27392739	0.00044714
-729.24092409	0.00042804
-729.20792079	0.00042359
-729.17491749	0.00052658
-729.14191419	0.00041538
-729.10891089	0.00053853
-729.07590759	0.00051655
-729.04290429	0.00053705
-729.00990099	0.00051584
-728.97689769	0.00061435
-728.94389439	0.00053832
-728.91089109	0.00052790
-728.87788779	0.00038280
-728.84488449	0.00035192
-728.81188119	0.00015103
-728.77887789	-0.00013760
-728.74587459	-0.00035817
-728.71287129	-0.00076747
-728.67986799	-0.00133043
-728.64686469	-0.00180170
-728.61386139	-0.00256134
-728.58085809	-0.00319496
-728.54785479	-0.00389890
-728.51485149	-0.00438443
-728.48184818	-0.00496552
-728.44884488	-0.00524778
-728.41584158	-0.00530727
-728.38283828	-0.00516630
-728.34983498	-0.00493611
-728.31683168	-0.00433541
-728.28382838	-0.00366309
-728.25082508	-0.00289454
-728.21782178	-0.00196432
-728.18481848	-0.00127630
-728.15181518	-0.00047520
-728.11881188	0.00037988
-728.08580858	0.00082581
-728.05280528	0.00148795
-728.01980198	0.00184426
-727.98679868	0.00226964
-727.95379538	0.00243947
-727.92079208	0.00258054
-727.88778878	0.00283244
-727.85478548	0.00287967
-727.82178218	0.00290888
-727.78877888	0.00288449
-727.75577558	0.00295680
-727.72277228	0.00300135
-727.68976898	0.00289599
-727.65676568	0.00288718
-727.62376238	0.00280486
-727.59075908	0.00275465
-727.55775578	0.00271965
-727.52475248	0.00271091
-727.49174917	0.00272899
-727.45874587	0.00282476
-727.42574257	0.00267680
-727.39273927	0.00289154
-727.35973597	0.00282819
-727.32673267	0.00288200
-727.29372937	0.00292650
-727.26072607	0.00290095
-727.22772277	0.00289470
-727.19471947	0.00290961
-727.16171617	0.00285187
-727.12871287	0.00262548
-727.09570957	0.00273810
-727.06270627	0.00254408
-727.02970297	0.00251565
-726.99669967	0.00252325
-726.96369637	0.00257621
-726.93069307	0.00265758
-726.89768977	0.00275574
-726.86468647	0.00297985
-726.83168317	0.00318700
-726.79867987	0.00339152
-726.76567657	0.00357939
-726.73267327	0.00379569
-726.69966997	0.00385252
-726.66666667	0.00394873
-726.63366337	0.00396738
-726.60066007	0.00383542
-726.56765677	0.00370844
-726.53465347	0.00349819
-726.50165017	0.00327261
-726.46864686	0.00292699
-726.43564356	0.00270752
-726.40264026	0.00238784
-726.36963696	0.00217041
-726.33663366	0.00204251
-726.30363036	0.00196149
-726.27062706	0.00191187
-726.23762376	0.00184885
-726.20462046	0.00191949
-726.17161716	0.00178981
-726.13861386	0.00179288
-726.10561056	0.00163226
-726.07260726	0.00157372
-726.03960396	0.00131162
-726.00660066	0.00113197
-725.97359736	0.00085023
-725.94059406	0.00050689
-725.90759076	0.00027417
-725.87458746	-0.00017322
-725.84158416	-0.00040539
-725.80858086	-0.00075637
-725.77557756	-0.00104885
-725.74257426	-0.00124224
-725.70957096	-0.00150302
-725.67656766	-0.00159284
-725.64356436	-0.00178502
-725.61056106	-0.00194788
-725.57755776	-0.00205624
-725.54455446	-0.00229935
-725.51155116	-0.00249360
-725.47854785	-0.00273676
-725.44554455	-0.00317557
-725.41254125	-0.00370735
-725.37953795	-0.00413047
-725.34653465	-0.00474723
-725.31353135	-0.00512080
-725.28052805	-0.00545830
-725.24752475	-0.00554834
-725.21452145	-0.00526381
-725.18151815	-0.00468569
-725.14851485	-0.00348336
-725.11551155	-0.00216158
-725.08250825	-0.00044592
-725.04950495	0.00161705
-725.01650165	0.00357448
-724.98349835	0.00565532
-724.95049505	0.00747319
-724.91749175	0.00900337
-724.88448845	0.01032546
-724.85148515	0.01131073
-724.81848185	0.01195010
-724.78547855	0.01254875
-724.75247525	0.01288092
-724.71947195	0.01315218
-724.68646865	0.01345467
-724.65346535	0.01370230
-724.62046205	0.01397663
-724.58745875	0.01432762
-724.55445545	0.01454364
-724.52145215	0.01487624
-724.48844884	0.01508377
-724.45544554	0.01481542
-724.42244224	0.01479003
-724.38943894	0.01415618
-724.35643564	0.01340223
-724.32343234	0.01248355
-724.29042904	0.01116059
-724.25742574	0.00978772
-724.22442244	0.00816492
-724.19141914	0.00653001
-724.15841584	0.00454217
-724.12541254	0.00274134
-724.09240924	0.00063709
-724.05940594	-0.00135918
-724.02640264	-0.00364617
-723.99339934	-0.00583205
-723.96039604	-0.00817862
-723.92739274	-0.01069817
-723.89438944	-0.01335613
-723.86138614	-0.01615960
-723.82838284	-0.01914891
-723.79537954	-0.02243610
-723.76237624	-0.02583743
-723.72937294	-0.02926663
-723.69636964	-0.03264277
-723.66336634	-0.03611978
-723.63036304	-0.03894346
-723.59735974	-0.04141843
-723.56435644	-0.04303974
-723.53135314	-0.04404796
-723.49834983	-0.04402621
-723.46534653	-0.04331596
-723.43234323	-0.04171783
-723.39933993	-0.03975032
-723.36633663	-0.03748568
-723.33333333	-0.03511375
-723.30033003	-0.03312875
-723.26732673	-0.03138515
-723.23432343	-0.03012253
-723.20132013	-0.02924794
-723.16831683	-0.02869614
-723.13531353	-0.02842946
-723.10231023	-0.02818064
-723.06930693	-0.02789497
-723.03630363	-0.02746134
-723.00330033	-0.02703244
-722.97029703	-0.02614199
-722.93729373	-0.02524103
-722.90429043	-0.02392653
-722.87128713	-0.02265511
-722.83828383	-0.02107596
-722.80528053	-0.01939402
-722.77227723	-0.01761540
-722.73927393	-0.01580998
-722.70627063	-0.01379980
-722.67326733	-0.01158793
-722.64026403	-0.00924874
-722.60726073	-0.00648287
-722.57425743	-0.00360592
-722.54125413	-0.00030751
-722.50825083	0.00318456
-722.47524752	0.00685113
-722.44224422	0.01061063
-722.40924092	0.01440343
-722.37623762	0.01832526
-722.34323432	0.02214656
-722.31023102	0.02616061
-722.27722772	0.03001373
-722.24422442	0.03414248
-722.21122112	0.03837527
-722.17821782	0.04287695
-722.14521452	0.04753152
-722.11221122	0.05241420
-722.07920792	0.05764489
-722.04620462	0.06328089
-722.01320132	0.06923451
-721.98019802	0.07562404
-721.94719472	0.08246653
-721.91419142	0.08930505
-721.88118812	0.09633845
-721.84818482	0.10325864
-721.81518152	0.10988671
-721.78217822	0.11634584
-721.74917492	0.12219617
-721.71617162	0.12795409
-721.68316832	0.13327637
-721.65016502	0.13865102
-721.61716172	0.14430753
-721.58415842	0.15038001
-721.55115512	0.15742417
-721.51815182	0.16570824
-721.48514851	0.17578866
-721.45214521	0.18798593
-721.41914191	0.20289569
-721.38613861	0.22036591
-721.35313531	0.24067220
-721.32013201	0.26364064
-721.28712871	0.28870533
-721.25412541	0.31534771
-721.22112211	0.34266559
-721.18811881	0.36947531
-721.15511551	0.39432644
-721.12211221	0.41599724
-721.08910891	0.43243586
-721.05610561	0.44196009
-721.02310231	0.44313565
-720.99009901	0.43421461
-720.95709571	0.41450840
-720.92409241	0.38300203
-720.89108911	0.34057395
-720.85808581	0.28750384
-720.82508251	0.22628658
-720.79207921	0.15861055
-720.75907591	0.08728955
-720.72607261	0.01488644
-720.69306931	-0.05693924
-720.66006601	-0.12664204
-720.62706271	-0.19474247
-720.59405941	-0.26257341
-720.56105611	-0.33341506
-720.52805281	-0.41166409
-720.49504950	-0.50219489
-720.46204620	-0.61068594
-720.42904290	-0.74113435
-720.39603960	-0.89623694
-720.36303630	-1.07514694
-720.33003300	-1.27324875
-720.29702970	-1.48141506
-720.26402640	-1.68513743
-720.23102310	-1.86693931
-720.19801980	-2.00684433
-720.16501650	-2.08567086
-720.13201320	-2.08726804
-720.09900990	-2.00168472
-720.06600660	-1.82656329
-720.03300330	-1.56948035
-720.00000000	-1.24536641
-719.96699670	-0.87707665
-719.93399340	-0.48980853
-719.90099010	-0.10949171
-719.86798680	0.24280031
-719.83498350	0.55100767
-719.80198020	0.80591581
-719.76897690	1.00453815
-719.73597360	1.14742931
-719.70297030	1.23897909
-719.66996700	1.28434408
-719.63696370	1.29119516
-719.60396040	1.26708221
-719.57095710	1.22083035
-719.53795380	1.15972989
-719.50495050	1.08929494
-719.47194719	1.01252658
-719.43894389	0.93058636
-719.40594059	0.84308294
-719.37293729	0.75100818
-719.33993399	0.65639327
-719.30693069	0.56319469
-719.27392739	0.47621507
-719.24092409	0.39985515
-719.20792079	0.33694270
-719.17491749	0.28807873
-719.14191419	0.25210089
-719.10891089	0.22562791
-719.07590759	0.20479980
-719.04290429	0.18543142
-719.00990099	0.16336987
-718.97689769	0.13651414
-718.94389439	0.10338602
-718.91089109	0.06410757
-718.87788779	0.02013303
-718.84488449	-0.02696983
-718.81188119	-0.07460520
-718.77887789	-0.11982666
-718.74587459	-0.15866224
-718.71287129	-0.18654988
-718.67986799	-0.19887406
-718.64686469	-0.19182666
-718.61386139	-0.16354804
-718.58085809	-0.11440606
-718.54785479	-0.04868942
-718.51485149	0.02761011
-718.48184818	0.10569389
-718.44884488	0.17708252
-718.41584158	0.23393167
-718.38283828	0.27066882
-718.34983498	0.28418294
-718.31683168	0.27364414
-718.28382838	0.24017111
-718.25082508	0.18593906
-718.21782178	0.11488313
-718.18481848	0.03273624
-718.15181518	-0.05255370
-718.11881188	-0.13197983
-718.08580858	-0.19648576
-718.05280528	-0.23916334
-718.01980198	-0.25622510
-717.98679868	-0.24774108
-717.95379538	-0.21761929
-717.92079208	-0.17203503
-717.88778878	-0.11905501
-717.85478548	-0.06658272
-717.82178218	-0.02106588
-717.78877888	0.01356934
-717.75577558	0.03641894
-717.72277228	0.04873213
-717.68976898	0.05267073
-717.65676568	0.05072554
-717.62376238	0.04462197
-717.59075908	0.03549294
-717.55775578	0.02394758
-717.52475248	0.01096404
-717.49174917	-0.00212510
-717.45874587	-0.01409679
-717.42574257	-0.02395003
-717.39273927	-0.03155004
-717.35973597	-0.03717846
-717.32673267	-0.04179341
-717.29372937	-0.04533248
-717.26072607	-0.04764226
-717.22772277	-0.04809395
-717.19471947	-0.04741920
-717.16171617	-0.04647674
-717.12871287	-0.04753242
-717.09570957	-0.05210871
-717.06270627	-0.06077322
-717.02970297	-0.07295611
-716.99669967	-0.08668955
-716.96369637	-0.09887285
-716.93069307	-0.10693200
-716.89768977	-0.10777264
-716.86468647	-0.09971698
-716.83168317	-0.08162929
-716.79867987	-0.05434773
-716.76567657	-0.01967087
-716.73267327	0.01998105
-716.69966997	0.06157476
-716.66666667	0.10280998
-716.63366337	0.14034647
-716.60066007	0.17198208
-716.56765677	0.19486135
-716.53465347	0.20620292
-716.50165017	0.20367652
-716.46864686	0.18499712
-716.43564356	0.14939706
-716.40264026	0.09844151
-716.36963696	0.03619800
-716.33663366	-0.03050074
-716.30363036	-0.09405275
-716.27062706	-0.14757998
-716.23762376	-0.18559556
-716.20462046	-0.20558144
-716.17161716	-0.20689302
-716.13861386	-0.19045741
-716.10561056	-0.15862436
-716.07260726	-0.11493937
-716.03960396	-0.06434155
-716.00660066	-0.01393729
-715.97359736	0.03004936
-715.94059406	0.06143687
-715.90759076	0.07655460
-715.87458746	0.07511256
-715.84158416	0.05931250
-715.80858086	0.03295156
-715.77557756	0.00056002
-715.74257426	-0.03400063
-715.70957096	-0.06645530
-715.67656766	-0.09398667
-715.64356436	-0.11377051
-715.61056106	-0.12455326
-715.57755776	-0.12699225
-715.54455446	-0.12216647
-715.51155116	-0.11255833
-715.47854785	-0.10001395
-715.44554455	-0.08561719
-715.41254125	-0.06947919
-715.37953795	-0.05186184
-715.34653465	-0.03252168
-715.31353135	-0.01214856
-715.28052805	0.00827873
-715.24752475	0.02833815
-715.21452145	0.04659565
-715.18151815	0.06253679
-715.14851485	0.07450599
-715.11551155	0.08138035
-715.08250825	0.08145325
-715.04950495	0.07461601
-715.01650165	0.06246963
-714.98349835	0.04820297
-714.95049505	0.03625111
-714.91749175	0.03100144
-714.88448845	0.03411689
-714.85148515	0.04499212
-714.81848185	0.05952768
-714.78547855	0.07201005
-714.75247525	0.07751924
-714.71947195	0.07339903
-714.68646865	0.06023323
-714.65346535	0.04100606
-714.62046205	0.01973957
-714.58745875	-0.00044257
-714.55445545	-0.01708070
-714.52145215	-0.02948049
-714.48844884	-0.03722842
-714.45544554	-0.04087635
-714.42244224	-0.04168499
-714.38943894	-0.04096242
-714.35643564	-0.04115079
-714.32343234	-0.04397063
-714.29042904	-0.05041011
-714.25742574	-0.06018595
-714.22442244	-0.07131248
-714.19141914	-0.08152096
-714.15841584	-0.08884993
-714.12541254	-0.09215321
-714.09240924	-0.09183548
-714.05940594	-0.08858632
-714.02640264	-0.08331102
-713.99339934	-0.07563853
-713.96039604	-0.06499053
-713.92739274	-0.05075356
-713.89438944	-0.03293336
-713.86138614	-0.01259775
-713.82838284	0.00817057
-713.79537954	0.02716188
-713.76237624	0.04285523
-713.72937294	0.05359742
-713.69636964	0.05903056
-713.66336634	0.05923566
-713.63036304	0.05462968
-713.59735974	0.04608303
-713.56435644	0.03465613
-713.53135314	0.02174156
-713.49834983	0.00870325
-713.46534653	-0.00224667
-713.43234323	-0.00959083
-713.39933993	-0.01075609
-713.36633663	-0.00450679
-713.33333333	0.00831556
-713.30033003	0.02537077
-713.26732673	0.04274322
-713.23432343	0.05650933
-713.20132013	0.06403349
-713.16831683	0.06568467
-713.13531353	0.06400472
-713.10231023	0.06258720
-713.06930693	0.06417791
-713.03630363	0.06981879
-713.00330033	0.07852055
-712.97029703	0.08745745
-712.93729373	0.09438397
-712.90429043	0.09748513
-712.87128713	0.09562802
-712.83828383	0.08913829
-712.80528053	0.07826012
-712.77227723	0.06412217
-712.73927393	0.04778141
-712.70627063	0.03096128
-712.67326733	0.01500937
-712.64026403	0.00193600
-712.60726073	-0.00760612
-712.57425743	-0.01303658
-712.54125413	-0.01462974
-712.50825083	-0.01296983
-712.47524752	-0.00848711
-712.44224422	-0.00127757
-712.40924092	0.00896135
-712.37623762	0.02263967
-712.34323432	0.03917044
-712.31023102	0.05742174
-712.27722772	0.07506578
-712.24422442	0.08949478
-712.21122112	0.09849074
-712.17821782	0.10067873
-712.14521452	0.09610122
-712.11221122	0.08553748
-712.07920792	0.07042852
-712.04620462	0.05253796
-712.01320132	0.03376643
-711.98019802	0.01590902
-711.94719472	0.00044782
-711.91419142	-0.01182689
-711.88118812	-0.02075565
-711.84818482	-0.02680258
-711.81518152	-0.03176182
-711.78217822	-0.03792719
-711.74917492	-0.04855285
-711.71617162	-0.06619387
-711.68316832	-0.09359523
-711.65016502	-0.13182042
-711.61716172	-0.18073401
-711.58415842	-0.23929981
-711.55115512	-0.30538581
-711.51815182	-0.37515044
-711.48514851	-0.44419112
-711.45214521	-0.50721714
-711.41914191	-0.55895401
-711.38613861	-0.59411988
-711.35313531	-0.60814989
-711.32013201	-0.59773117
-711.28712871	-0.56065435
-711.25412541	-0.49681624
-711.22112211	-0.40943265
-711.18811881	-0.30328243
-711.15511551	-0.18614819
-711.12211221	-0.06546018
-711.08910891	0.05158897
-711.05610561	0.15912600
-711.02310231	0.25391653
-710.99009901	0.33291381
-710.95709571	0.39503996
-710.92409241	0.43870290
-710.89108911	0.46236053
-710.85808581	0.46539858
-710.82508251	0.44868256
-710.79207921	0.41444161
-710.75907591	0.36718570
-710.72607261	0.31239539
-710.69306931	0.25517351
-710.66006601	0.20025909
-710.62706271	0.15094074
-710.59405941	0.10936011
-710.56105611	0.07617603
-710.52805281	0.05213649
-710.49504950	0.03641413
-710.46204620	0.02778496
-710.42904290	0.02474575
-710.39603960	0.02526195
-710.36303630	0.02700324
-710.33003300	0.02794993
-710.29702970	0.02682491
-710.26402640	0.02275626
-710.23102310	0.01645441
-710.19801980	0.00941291
-710.16501650	0.00351944
-710.13201320	-0.00033054
-710.09900990	-0.00160695
-710.06600660	-0.00138862
-710.03300330	-0.00146993
-710.00000000	-0.00394099
-709.96699670	-0.00956503
-709.93399340	-0.01822729
-709.90099010	-0.02857581
-709.86798680	-0.03777678
-709.83498350	-0.04290897
-709.80198020	-0.04055415
-709.76897690	-0.02921048
-709.73597360	-0.00850082
-709.70297030	0.01901816
-709.66996700	0.04916895
-709.63696370	0.07710790
-709.60396040	0.09863767
-709.57095710	0.11113342
-709.53795380	0.11429304
-709.50495050	0.10905542
-709.47194719	0.09729337
-709.43894389	0.08115329
-709.40594059	0.06207756
-709.37293729	0.04132196
-709.33993399	0.02015025
-709.30693069	0.00033976
-709.27392739	-0.01668993
-709.24092409	-0.02933596
-709.20792079	-0.03681520
-709.17491749	-0.03860626
-709.14191419	-0.03562809
-709.10891089	-0.02865090
-709.07590759	-0.01892925
-709.04290429	-0.00891988
-709.00990099	-0.00031880
-708.97689769	0.00489906
-708.94389439	0.00521443
-708.91089109	0.00079021
-708.87788779	-0.00687051
-708.84488449	-0.01549374
-708.81188119	-0.02277641
-708.77887789	-0.02746521
-708.74587459	-0.02967067
-708.71287129	-0.03050967
-708.67986799	-0.03247720
-708.64686469	-0.03668813
-708.61386139	-0.04400941
-708.58085809	-0.05346397
-708.54785479	-0.06355229
-708.51485149	-0.07200202
-708.48184818	-0.07698308
-708.44884488	-0.07739775
-708.41584158	-0.07273609
-708.38283828	-0.06356167
-708.34983498	-0.05062886
-708.31683168	-0.03500270
-708.28382838	-0.01761837
-708.25082508	0.00024101
-708.21782178	0.01846941
-708.18481848	0.03633615
-708.15181518	0.05338101
-708.11881188	0.06899338
-708.08580858	0.08217023
-708.05280528	0.09224966
-708.01980198	0.09810912
-707.98679868	0.09906272
-707.95379538	0.09473267
-707.92079208	0.08469784
-707.88778878	0.06878284
-707.85478548	0.04811125
-707.82178218	0.02395200
-707.78877888	-0.00102705
-707.75577558	-0.02386061
-707.72277228	-0.04190378
-707.68976898	-0.05351505
-707.65676568	-0.05790297
-707.62376238	-0.05622592
-707.59075908	-0.04990209
-707.55775578	-0.04022958
-707.52475248	-0.02824127
-707.49174917	-0.01499198
-707.45874587	-0.00026138
-707.42574257	0.01526255
-707.39273927	0.03078275
-707.35973597	0.04531062
-707.32673267	0.05709291
-707.29372937	0.06453628
-707.26072607	0.06625010
-707.22772277	0.06138968
-707.19471947	0.05050552
-707.16171617	0.03401424
-707.12871287	0.01336796
-707.09570957	-0.00954054
-707.06270627	-0.03284012
-707.02970297	-0.05436317
-706.99669967	-0.07167091
-706.96369637	-0.08344476
-706.93069307	-0.08909660
-706.89768977	-0.08849750
-706.86468647	-0.08245947
-706.83168317	-0.07265394
-706.79867987	-0.06102642
-706.76567657	-0.04918083
-706.73267327	-0.03881360
-706.69966997	-0.03145936
-706.66666667	-0.02736546
-706.63366337	-0.02642848
-706.60066007	-0.02786053
-706.56765677	-0.03014557
-706.53465347	-0.03148581
-706.50165017	-0.02962085
-706.46864686	-0.02247388
-706.43564356	-0.00940732
-706.40264026	0.00923066
-706.36963696	0.03144039
-706.33663366	0.05375304
-706.30363036	0.07251363
-706.27062706	0.08468490
-706.23762376	0.08770764
-706.20462046	0.08136831
-706.17161716	0.06734582
-706.13861386	0.04828543
-706.10561056	0.02762350
-706.07260726	0.00849864
-706.03960396	-0.00756638
-706.00660066	-0.01974143
-705.97359736	-0.02755872
-705.94059406	-0.03173201
-705.90759076	-0.03154243
-705.87458746	-0.02668259
-705.84158416	-0.01677014
-705.80858086	-0.00146397
-705.77557756	0.01859002
-705.74257426	0.04171506
-705.70957096	0.06584072
-705.67656766	0.08820557
-705.64356436	0.10558369
-705.61056106	0.11551378
-705.57755776	0.11581846
-705.54455446	0.10485309
-705.51155116	0.08250368
-705.47854785	0.05028546
-705.44554455	0.01198037
-705.41254125	-0.02737959
-705.37953795	-0.06233002
-705.34653465	-0.08826993
-705.31353135	-0.10268173
-705.28052805	-0.10564928
-705.24752475	-0.09918158
-705.21452145	-0.08660179
-705.18151815	-0.07134033
-705.14851485	-0.05685436
-705.11551155	-0.04636970
-705.08250825	-0.04223274
-705.04950495	-0.04487855
-705.01650165	-0.05365431
-704.98349835	-0.06569799
-704.95049505	-0.07722228
-704.91749175	-0.08482532
-704.88448845	-0.08593007
-704.85148515	-0.07968684
-704.81848185	-0.06660235
-704.78547855	-0.04808137
-704.75247525	-0.02576083
-704.71947195	-0.00211268
-704.68646865	0.02129628
-704.65346535	0.04346813
-704.62046205	0.06383763
-704.58745875	0.08210752
-704.55445545	0.09811784
-704.52145215	0.11011811
-704.48844884	0.11625264
-704.45544554	0.11469295
-704.42244224	0.10387009
-704.38943894	0.08394036
-704.35643564	0.05692233
-704.32343234	0.02624516
-704.29042904	-0.00359134
-704.25742574	-0.02900876
-704.22442244	-0.04698233
-704.19141914	-0.05575980
-704.15841584	-0.05546720
-704.12541254	-0.04645715
-704.09240924	-0.02998040
-704.05940594	-0.00741593
-704.02640264	0.02007899
-703.99339934	0.05007324
-703.96039604	0.07970724
-703.92739274	0.10633848
-703.89438944	0.12627365
-703.86138614	0.13710385
-703.82838284	0.13679936
-703.79537954	0.12516215
-703.76237624	0.10305406
-703.72937294	0.07274263
-703.69636964	0.03826536
-703.66336634	0.00363269
-703.63036304	-0.02712397
-703.59735974	-0.05096200
-703.56435644	-0.06699369
-703.53135314	-0.07512410
-703.49834983	-0.07719605
-703.46534653	-0.07549055
-703.43234323	-0.07205827
-703.39933993	-0.06911111
-703.36633663	-0.06798825
-703.33333333	-0.06863250
-703.30033003	-0.07012453
-703.26732673	-0.07027502
-703.23432343	-0.06628563
-703.20132013	-0.05657087
-703.16831683	-0.04046711
-703.13531353	-0.01893765
-703.10231023	0.00537952
-703.06930693	0.02933113
-703.03630363	0.04973564
-703.00330033	0.06433594
-702.97029703	0.07121534
-702.93729373	0.06949751
-702.90429043	0.05933871
-702.87128713	0.04042681
-702.83828383	0.01382167
-702.80528053	-0.01846332
-702.77227723	-0.05443440
-702.73927393	-0.09103257
-702.70627063	-0.12468543
-702.67326733	-0.15291675
-702.64026403	-0.17336417
-702.60726073	-0.18516709
-702.57425743	-0.18908048
-702.54125413	-0.18593755
-702.50825083	-0.17724460
-702.47524752	-0.16385745
-702.44224422	-0.14649305
-702.40924092	-0.12548917
-702.37623762	-0.10110946
-702.34323432	-0.07335305
-702.31023102	-0.04263626
-702.27722772	-0.00896815
-702.24422442	0.02692381
-702.21122112	0.06366684
-702.17821782	0.09967308
-702.14521452	0.13278162
-702.11221122	0.16040866
-702.07920792	0.18090137
-702.04620462	0.19308335
-702.01320132	0.19578376
-701.98019802	0.18914800
-701.94719472	0.17447167
-701.91419142	0.15241071
-701.88118812	0.12494336
-701.84818482	0.09462617
-701.81518152	0.06307892
-701.78217822	0.03268889
-701.74917492	0.00592453
-701.71617162	-0.01628259
-701.68316832	-0.03253078
-701.65016502	-0.04276128
-701.61716172	-0.04764775
-701.58415842	-0.04817203
-701.55115512	-0.04554738
-701.51815182	-0.04086462
-701.48514851	-0.03533353
-701.45214521	-0.02979177
-701.41914191	-0.02467853
-701.38613861	-0.02078891
-701.35313531	-0.01740669
-701.32013201	-0.01466344
-701.28712871	-0.01258689
-701.25412541	-0.01093730
-701.22112211	-0.00985262
-701.18811881	-0.00940532
-701.15511551	-0.00893410
-701.12211221	-0.00817026
-701.08910891	-0.00667432
-701.05610561	-0.00381807
-701.02310231	0.00035790
-700.99009901	0.00607921
-700.95709571	0.01313884
-700.92409241	0.02081370
-700.89108911	0.02774499
-700.85808581	0.03242536
-700.82508251	0.03370870
-700.79207921	0.03072972
-700.75907591	0.02404380
-700.72607261	0.01506761
-700.69306931	0.00517951
-700.66006601	-0.00363873
-700.62706271	-0.00971604
-700.59405941	-0.01234548
-700.56105611	-0.01122408
-700.52805281	-0.00589326
-700.49504950	0.00259392
-700.46204620	0.01399053
-700.42904290	0.02802342
-700.39603960	0.04343159
-700.36303630	0.05906935
-700.33003300	0.07325429
-700.29702970	0.08397235
-700.26402640	0.08900882
-700.23102310	0.08739652
-700.19801980	0.07878472
-700.16501650	0.06378227
-700.13201320	0.04434558
-700.09900990	0.02254344
-700.06600660	0.00048238
-700.03300330	-0.01991185
-700.00000000	-0.03705100
-699.96699670	-0.05035498
-699.93399340	-0.05933256
-699.90099010	-0.06441321
-699.86798680	-0.06590790
-699.83498350	-0.06482450
-699.80198020	-0.06217617
-699.76897690	-0.05945957
-699.73597360	-0.05780308
-699.70297030	-0.05791607
-699.66996700	-0.05941473
-699.63696370	-0.06066796
-699.60396040	-0.06003709
-699.57095710	-0.05580311
-699.53795380	-0.04688186
-699.50495050	-0.03398363
-699.47194719	-0.01838611
-699.43894389	-0.00250235
-699.40594059	0.01108494
-699.37293729	0.02100986
-699.33993399	0.02630580
-699.30693069	0.02728355
-699.27392739	0.02494112
-699.24092409	0.02030884
-699.20792079	0.01490558
-699.17491749	0.00967647
-699.14191419	0.00501507
-699.10891089	0.00170645
-699.07590759	0.00027709
-699.04290429	0.00033267
-699.00990099	0.00254879
-698.97689769	0.00686426
-698.94389439	0.01290084
-698.91089109	0.02085335
-698.87788779	0.02975180
-698.84488449	0.03867005
-698.81188119	0.04678238
-698.77887789	0.05259217
-698.74587459	0.05544683
-698.71287129	0.05495086
-698.67986799	0.05105303
-698.64686469	0.04405510
-698.61386139	0.03422540
-698.58085809	0.02242012
-698.54785479	0.00940799
-698.51485149	-0.00332372
-698.48184818	-0.01480422
-698.44884488	-0.02391904
-698.41584158	-0.02986372
-698.38283828	-0.03271903
-698.34983498	-0.03314944
-698.31683168	-0.03210727
-698.28382838	-0.03067656
-698.25082508	-0.02924868
-698.21782178	-0.02825210
-698.18481848	-0.02731197
-698.15181518	-0.02635533
-698.11881188	-0.02564076
-698.08580858	-0.02552308
-698.05280528	-0.02608356
-698.01980198	-0.02768930
-697.98679868	-0.03026176
-697.95379538	-0.03326231
-697.92079208	-0.03625619
-697.88778878	-0.03921950
-697.85478548	-0.04129030
-697.82178218	-0.04184821
-697.78877888	-0.04053151
-697.75577558	-0.03657291
-697.72277228	-0.02923947
-697.68976898	-0.01861419
-697.65676568	-0.00491051
-697.62376238	0.01076011
-697.59075908	0.02666487
-697.55775578	0.04063027
-697.52475248	0.05054848
-697.49174917	0.05498254
-697.45874587	0.05326262
-697.42574257	0.04585914
-697.39273927	0.03444591
-697.35973597	0.02087810
-697.32673267	0.00733493
-697.29372937	-0.00406088
-697.26072607	-0.01237961
-697.22772277	-0.01731182
-697.19471947	-0.01898746
-697.16171617	-0.01804260
-697.12871287	-0.01509119
-697.09570957	-0.01033499
-697.06270627	-0.00367920
-697.02970297	0.00515318
-696.99669967	0.01606069
-696.96369637	0.02886737
-696.93069307	0.04247614
-696.89768977	0.05543213
-696.86468647	0.06612730
-696.83168317	0.07292445
-696.79867987	0.07453990
-696.76567657	0.07027248
-696.73267327	0.06023268
-696.69966997	0.04514882
-696.66666667	0.02644187
-696.63366337	0.00598376
-696.60066007	-0.01379538
-696.56765677	-0.03100193
-696.53465347	-0.04374097
-696.50165017	-0.05118858
-696.46864686	-0.05316793
-696.43564356	-0.05028932
-696.40264026	-0.04364575
-696.36963696	-0.03484327
-696.33663366	-0.02559158
-696.30363036	-0.01735787
-696.27062706	-0.01147968
-696.23762376	-0.00883842
-696.20462046	-0.00911519
-696.17161716	-0.01157123
-696.13861386	-0.01506926
-696.10561056	-0.01861657
-696.07260726	-0.02138147
-696.03960396	-0.02321123
-696.00660066	-0.02401987
-695.97359736	-0.02337701
-695.94059406	-0.02180388
-695.90759076	-0.01918924
-695.87458746	-0.01550031
-695.84158416	-0.01146808
-695.80858086	-0.00733160
-695.77557756	-0.00349573
-695.74257426	-0.00018940
-695.70957096	0.00211722
-695.67656766	0.00310369
-695.64356436	0.00222554
-695.61056106	-0.00080707
-695.57755776	-0.00558945
-695.54455446	-0.01184238
-695.51155116	-0.01827046
-695.47854785	-0.02386622
-695.44554455	-0.02728101
-695.41254125	-0.02768793
-695.37953795	-0.02423705
-695.34653465	-0.01608084
-695.31353135	-0.00285832
-695.28052805	0.01521809
-695.24752475	0.03714377
-695.21452145	0.06122289
-695.18151815	0.08473259
-695.14851485	0.10478188
-695.11551155	0.11823318
-695.08250825	0.12316045
-695.04950495	0.11820900
-695.01650165	0.10336661
-694.98349835	0.07966970
-694.95049505	0.04960818
-694.91749175	0.01665120
-694.88448845	-0.01521033
-694.85148515	-0.04164597
-694.81848185	-0.05948204
-694.78547855	-0.06651021
-694.75247525	-0.06262062
-694.71947195	-0.04997355
-694.68646865	-0.03118116
-694.65346535	-0.00990273
-694.62046205	0.00969223
-694.58745875	0.02456079
-694.55445545	0.03211005
-694.52145215	0.03124327
-694.48844884	0.02200937
-694.45544554	0.00630132
-694.42244224	-0.01312931
-694.38943894	-0.03340168
-694.35643564	-0.05106600
-694.32343234	-0.06406291
-694.29042904	-0.07088028
-694.25742574	-0.07084576
-694.22442244	-0.06485407
-694.19141914	-0.05431553
-694.15841584	-0.04098799
-694.12541254	-0.02749259
-694.09240924	-0.01592636
-694.05940594	-0.00863727
-694.02640264	-0.00626519
-693.99339934	-0.00861369
-693.96039604	-0.01483948
-693.92739274	-0.02319432
-693.89438944	-0.03145735
-693.86138614	-0.03784071
-693.82838284	-0.04104145
-693.79537954	-0.04029715
-693.76237624	-0.03604472
-693.72937294	-0.02907556
-693.69636964	-0.02068482
-693.66336634	-0.01229681
-693.63036304	-0.00459319
-693.59735974	0.00258529
-693.56435644	0.00917003
-693.53135314	0.01641403
-693.49834983	0.02488199
-693.46534653	0.03488906
-693.43234323	0.04633016
-693.39933993	0.05799334
-693.36633663	0.06893337
-693.33333333	0.07788330
-693.30033003	0.08340774
-693.26732673	0.08468917
-693.23432343	0.08069608
-693.20132013	0.07149554
-693.16831683	0.05817685
-693.13531353	0.04139347
-693.10231023	0.02356867
-693.06930693	0.00620789
-693.03630363	-0.00880014
-693.00330033	-0.02032581
-692.97029703	-0.02777254
-692.93729373	-0.03083375
-692.90429043	-0.02990649
-692.87128713	-0.02571071
-692.83828383	-0.01935191
-692.80528053	-0.01161525
-692.77227723	-0.00371184
-692.73927393	0.00321920
-692.70627063	0.00837373
-692.67326733	0.01104845
-692.64026403	0.01066718
-692.60726073	0.00752651
-692.57425743	0.00210855
-692.54125413	-0.00468258
-692.50825083	-0.01138782
-692.47524752	-0.01715970
-692.44224422	-0.02094717
-692.40924092	-0.02257792
-692.37623762	-0.02254013
-692.34323432	-0.02116570
-692.31023102	-0.01959819
-692.27722772	-0.01884842
-692.24422442	-0.01878966
-692.21122112	-0.01978199
-692.17821782	-0.02098476
-692.14521452	-0.02135585
-692.11221122	-0.02070578
-692.07920792	-0.01798591
-692.04620462	-0.01345652
-692.01320132	-0.00678227
-691.98019802	0.00178073
-691.94719472	0.01166855
-691.91419142	0.02242352
-691.88118812	0.03323001
-691.84818482	0.04291253
-691.81518152	0.05046666
-691.78217822	0.05506779
-691.74917492	0.05596685
-691.71617162	0.05323318
-691.68316832	0.04733456
-691.65016502	0.03918189
-691.61716172	0.02999270
-691.58415842	0.02127094
-691.55115512	0.01395177
-691.51815182	0.00837583
-691.48514851	0.00446988
-691.45214521	0.00156710
-691.41914191	-0.00103186
-691.38613861	-0.00317556
-691.35313531	-0.00576962
-691.32013201	-0.00841087
-691.28712871	-0.01067089
-691.25412541	-0.01213184
-691.22112211	-0.01249204
-691.18811881	-0.01109269
-691.15511551	-0.00786287
-691.12211221	-0.00319589
-691.08910891	0.00241329
-691.05610561	0.00872312
-691.02310231	0.01448768
-690.99009901	0.01875648
-690.95709571	0.02078563
-690.92409241	0.02005596
-690.89108911	0.01612887
-690.85808581	0.00932605
-690.82508251	0.00044796
-690.79207921	-0.00922086
-690.75907591	-0.01843559
-690.72607261	-0.02596355
-690.69306931	-0.03136866
-690.66006601	-0.03475055
-690.62706271	-0.03619763
-690.59405941	-0.03687191
-690.56105611	-0.03727268
-690.52805281	-0.03784056
-690.49504950	-0.03827742
-690.46204620	-0.03870768
-690.42904290	-0.03853264
-690.39603960	-0.03740253
-690.36303630	-0.03537016
-690.33003300	-0.03173188
-690.29702970	-0.02704045
-690.26402640	-0.02056923
-690.23102310	-0.01257825
-690.19801980	-0.00305871
-690.16501650	0.00732410
-690.13201320	0.01754862
-690.09900990	0.02619620
-690.06600660	0.03239016
-690.03300330	0.03530872
-690.00000000	0.03522405
-689.96699670	0.03241664
-689.93399340	0.02812165
-689.90099010	0.02354004
-689.86798680	0.01981565
-689.83498350	0.01776675
-689.80198020	0.01766492
-689.76897690	0.01957054
-689.73597360	0.02283078
-689.70297030	0.02639095
-689.66996700	0.02979716
-689.63696370	0.03177931
-689.60396040	0.03153761
-689.57095710	0.02865329
-689.53795380	0.02283357
-689.50495050	0.01416997
-689.47194719	0.00389061
-689.43894389	-0.00697208
-689.40594059	-0.01686960
-689.37293729	-0.02460599
-689.33993399	-0.02956832
-689.30693069	-0.03188408
-689.27392739	-0.03221287
-689.24092409	-0.03115868
-689.20792079	-0.02945829
-689.17491749	-0.02775687
-689.14191419	-0.02651520
-689.10891089	-0.02574635
-689.07590759	-0.02562791
-689.04290429	-0.02639086
-689.00990099	-0.02729426
-688.97689769	-0.02831385
-688.94389439	-0.02891992
-688.91089109	-0.02874132
-688.87788779	-0.02770604
-688.84488449	-0.02579298
-688.81188119	-0.02328981
-688.77887789	-0.02042223
-688.74587459	-0.01739188
-688.71287129	-0.01470317
-688.67986799	-0.01235915
-688.64686469	-0.01049794
-688.61386139	-0.00916709
-688.58085809	-0.00786316
-688.54785479	-0.00644611
-688.51485149	-0.00415740
-688.48184818	-0.00039345
-688.44884488	0.00454332
-688.41584158	0.01036683
-688.38283828	0.01680256
-688.34983498	0.02271867
-688.31683168	0.02783500
-688.28382838	0.03213222
-688.25082508	0.03523831
-688.21782178	0.03726225
-688.18481848	0.03843725
-688.15181518	0.03887871
-688.11881188	0.03842299
-688.08580858	0.03794673
-688.05280528	0.03733453
-688.01980198	0.03675460
-687.98679868	0.03622020
-687.95379538	0.03524798
-687.92079208	0.03368577
-687.88778878	0.03078411
-687.85478548	0.02634482
-687.82178218	0.02040615
-687.78877888	0.01282532
-687.75577558	0.00426959
-687.72277228	-0.00472818
-687.68976898	-0.01303573
-687.65676568	-0.01996255
-687.62376238	-0.02396747
-687.59075908	-0.02514588
-687.55775578	-0.02295596
-687.52475248	-0.01844372
-687.49174917	-0.01224654
-687.45874587	-0.00576796
-687.42574257	0.00023677
-687.39273927	0.00438385
-687.35973597	0.00638590
-687.32673267	0.00528917
-687.29372937	0.00135244
-687.26072607	-0.00526765
-687.22772277	-0.01400580
-687.19471947	-0.02347049
-687.16171617	-0.03266350
-687.12871287	-0.04036574
-687.09570957	-0.04491338
-687.06270627	-0.04558875
-687.02970297	-0.04161256
-686.99669967	-0.03271303
-686.96369637	-0.01971826
-686.93069307	-0.00425469
-686.89768977	0.01185712
-686.86468647	0.02582206
-686.83168317	0.03574612
-686.79867987	0.03959107
-686.76567657	0.03692714
-686.73267327	0.02782618
-686.69966997	0.01361184
-686.66666667	-0.00401178
-686.63366337	-0.02200722
-686.60066007	-0.03766459
-686.56765677	-0.04856943
-686.53465347	-0.05251700
-686.50165017	-0.04870920
-686.46864686	-0.03803336
-686.43564356	-0.02201542
-686.40264026	-0.00304091
-686.36963696	0.01610446
-686.33663366	0.03323779
-686.30363036	0.04655520
-686.27062706	0.05478102
-686.23762376	0.05759169
-686.20462046	0.05502421
-686.17161716	0.04770585
-686.13861386	0.03699162
-686.10561056	0.02473072
-686.07260726	0.01264145
-686.03960396	0.00227092
-686.00660066	-0.00496034
-685.97359736	-0.00882146
-685.94059406	-0.00947881
-685.90759076	-0.00737321
-685.87458746	-0.00364392
-685.84158416	0.00067686
-685.80858086	0.00411617
-685.77557756	0.00614640
-685.74257426	0.00644370
-685.70957096	0.00494586
-685.67656766	0.00255209
-685.64356436	-0.00012444
-685.61056106	-0.00222123
-685.57755776	-0.00360782
-685.54455446	-0.00397254
-685.51155116	-0.00405151
-685.47854785	-0.00402232
-685.44554455	-0.00466869
-685.41254125	-0.00603835
-685.37953795	-0.00844867
-685.34653465	-0.01164068
-685.31353135	-0.01520541
-685.28052805	-0.01895476
-685.24752475	-0.02238077
-685.21452145	-0.02560171
-685.18151815	-0.02850443
-685.14851485	-0.03083158
-685.11551155	-0.03266952
-685.08250825	-0.03384664
-685.04950495	-0.03426395
-685.01650165	-0.03363741
-684.98349835	-0.03201154
-684.95049505	-0.02979673
-684.91749175	-0.02688592
-684.88448845	-0.02365133
-684.85148515	-0.02073672
-684.81848185	-0.01746940
-684.78547855	-0.01386211
-684.75247525	-0.00934573
-684.71947195	-0.00274331
-684.68646865	0.00605248
-684.65346535	0.01748605
-684.62046205	0.03051070
-684.58745875	0.04437051
-684.55445545	0.05739590
-684.52145215	0.06798563
-684.48844884	0.07513765
-684.45544554	0.07791256
-684.42244224	0.07625847
-684.38943894	0.07054154
-684.35643564	0.06163709
-684.32343234	0.04990492
-684.29042904	0.03632181
-684.25742574	0.02237993
-684.22442244	0.00857699
-684.19141914	-0.00365847
-684.15841584	-0.01341322
-684.12541254	-0.02035936
-684.09240924	-0.02432508
-684.05940594	-0.02561541
-684.02640264	-0.02415408
-683.99339934	-0.02034696
-683.96039604	-0.01447430
-683.92739274	-0.00691816
-683.89438944	0.00118576
-683.86138614	0.00877174
-683.82838284	0.01469752
-683.79537954	0.01716843
-683.76237624	0.01593811
-683.72937294	0.01057855
-683.69636964	0.00186045
-683.66336634	-0.00873614
-683.63036304	-0.02014267
-683.59735974	-0.03079107
-683.56435644	-0.03952740
-683.53135314	-0.04570789
-683.49834983	-0.04888706
-683.46534653	-0.04888076
-683.43234323	-0.04578300
-683.39933993	-0.03991241
-683.36633663	-0.03215707
-683.33333333	-0.02334986
-683.30033003	-0.01478422
-683.26732673	-0.00749745
-683.23432343	-0.00190831
-683.20132013	0.00185909
-683.16831683	0.00357650
-683.13531353	0.00390554
-683.10231023	0.00320329
-683.06930693	0.00190760
-683.03630363	0.00035857
-683.00330033	-0.00108803
-682.97029703	-0.00197078
-682.93729373	-0.00179458
-682.90429043	-0.00006172
-682.87128713	0.00324041
-682.83828383	0.00829235
-682.80528053	0.01463207
-682.77227723	0.02207386
-682.73927393	0.02941095
-682.70627063	0.03648641
-682.67326733	0.04174820
-682.64026403	0.04502889
-682.60726073	0.04542004
-682.57425743	0.04268247
-682.54125413	0.03701374
-682.50825083	0.02834504
-682.47524752	0.01771642
-682.44224422	0.00600712
-682.40924092	-0.00541412
-682.37623762	-0.01560344
-682.34323432	-0.02295985
-682.31023102	-0.02694138
-682.27722772	-0.02718181
-682.24422442	-0.02380143
-682.21122112	-0.01747689
-682.17821782	-0.00974356
-682.14521452	-0.00104991
-682.11221122	0.00686126
-682.07920792	0.01384468
-682.04620462	0.01941694
-682.01320132	0.02341897
-681.98019802	0.02604134
-681.94719472	0.02737970
-681.91419142	0.02766549
-681.88118812	0.02677473
-681.84818482	0.02450032
-681.81518152	0.02098897
-681.78217822	0.01632585
-681.74917492	0.01096886
-681.71617162	0.00563747
-681.68316832	0.00104061
-681.65016502	-0.00247812
-681.61716172	-0.00412722
-681.58415842	-0.00395323
-681.55115512	-0.00214469
-681.51815182	0.00055544
-681.48514851	0.00360616
-681.45214521	0.00596484
-681.41914191	0.00735363
-681.38613861	0.00778345
-681.35313531	0.00752381
-681.32013201	0.00688171
-681.28712871	0.00626420
-681.25412541	0.00547014
-681.22112211	0.00452086
-681.18811881	0.00333297
-681.15511551	0.00177317
-681.12211221	0.00076371
-681.08910891	0.00006922
-681.05610561	0.00040667
-681.02310231	0.00179515
-680.99009901	0.00404840
-680.95709571	0.00665027
-680.92409241	0.00897312
-680.89108911	0.01081401
-680.85808581	0.01186458
-680.82508251	0.01243873
-680.79207921	0.01263082
-680.75907591	0.01244700
-680.72607261	0.01166599
-680.69306931	0.00996170
-680.66006601	0.00800198
-680.62706271	0.00562513
-680.59405941	0.00356984
-680.56105611	0.00201500
-680.52805281	0.00106889
-680.49504950	0.00007978
-680.46204620	-0.00139128
-680.42904290	-0.00375715
-680.39603960	-0.00759549
-680.36303630	-0.01232185
-680.33003300	-0.01788855
-680.29702970	-0.02332037
-680.26402640	-0.02804277
-680.23102310	-0.03123765
-680.19801980	-0.03303458
-680.16501650	-0.03305860
-680.13201320	-0.03197547
-680.09900990	-0.03026228
-680.06600660	-0.02863466
-680.03300330	-0.02754994
-680.00000000	-0.02754971
-679.96699670	-0.02889124
-679.93399340	-0.03140240
-679.90099010	-0.03465996
-679.86798680	-0.03817919
-679.83498350	-0.04077410
-679.80198020	-0.04173143
-679.76897690	-0.04027365
-679.73597360	-0.03602104
-679.70297030	-0.02911489
-679.66996700	-0.02047250
-679.63696370	-0.01112118
-679.60396040	-0.00262021
-679.57095710	0.00369420
-679.53795380	0.00691012
-679.50495050	0.00677170
-679.47194719	0.00339590
-679.43894389	-0.00238725
-679.40594059	-0.00981987
-679.37293729	-0.01750651
-679.33993399	-0.02430448
-679.30693069	-0.02912362
-679.27392739	-0.03083849
-679.24092409	-0.02868351
-679.20792079	-0.02300023
-679.17491749	-0.01394673
-679.14191419	-0.00274982
-679.10891089	0.00930851
-679.07590759	0.02074929
-679.04290429	0.03040941
-679.00990099	0.03702376
-678.97689769	0.04049331
-678.94389439	0.04077131
-678.91089109	0.03844742
-678.87788779	0.03427024
-678.84488449	0.02864000
-678.81188119	0.02215682
-678.77887789	0.01511594
-678.74587459	0.00767931
-678.71287129	0.00039681
-678.67986799	-0.00647065
-678.64686469	-0.01210354
-678.61386139	-0.01638484
-678.58085809	-0.01917280
-678.54785479	-0.02064373
-678.51485149	-0.02132607
-678.48184818	-0.02175436
-678.44884488	-0.02226084
-678.41584158	-0.02313559
-678.38283828	-0.02448558
-678.34983498	-0.02610265
-678.31683168	-0.02775054
-678.28382838	-0.02901099
-678.25082508	-0.02938465
-678.21782178	-0.02835952
-678.18481848	-0.02582494
-678.15181518	-0.02150655
-678.11881188	-0.01586973
-678.08580858	-0.00916132
-678.05280528	-0.00215983
-678.01980198	0.00472428
-677.98679868	0.01034638
-677.95379538	0.01498727
-677.92079208	0.01724509
-677.88778878	0.01771611
-677.85478548	0.01599681
-677.82178218	0.01255860
-677.78877888	0.00878521
-677.75577558	0.00478129
-677.72277228	0.00171289
-677.68976898	-0.00037143
-677.65676568	-0.00104140
-677.62376238	-0.00014225
-677.59075908	0.00202680
-677.55775578	0.00587275
-677.52475248	0.01076389
-677.49174917	0.01654520
-677.45874587	0.02219106
-677.42574257	0.02704170
-677.39273927	0.03017731
-677.35973597	0.03128286
-677.32673267	0.03047381
-677.29372937	0.02801027
-677.26072607	0.02480873
-677.22772277	0.02148013
-677.19471947	0.01863062
-677.16171617	0.01666567
-677.12871287	0.01562597
-677.09570957	0.01546084
-677.06270627	0.01570759
-677.02970297	0.01624749
-676.99669967	0.01657033
-676.96369637	0.01634488
-676.93069307	0.01497433
-676.89768977	0.01240798
-676.86468647	0.00830380
-676.83168317	0.00310465
-676.79867987	-0.00296742
-676.76567657	-0.00900128
-676.73267327	-0.01427222
-676.69966997	-0.01834576
-676.66666667	-0.02029094
-676.63366337	-0.02020220
-676.60066007	-0.01813704
-676.56765677	-0.01443610
-676.53465347	-0.00988320
-676.50165017	-0.00507074
-676.46864686	-0.00049046
-676.43564356	0.00368204
-676.40264026	0.00755232
-676.36963696	0.01114256
-676.33663366	0.01479777
-676.30363036	0.01783954
-676.27062706	0.02022648
-676.23762376	0.02124056
-676.20462046	0.02047433
-676.17161716	0.01773724
-676.13861386	0.01316248
-676.10561056	0.00693863
-676.07260726	-0.00012428
-676.03960396	-0.00734982
-676.00660066	-0.01434214
-675.97359736	-0.02007433
-675.94059406	-0.02396710
-675.90759076	-0.02565521
-675.87458746	-0.02419307
-675.84158416	-0.01989759
-675.80858086	-0.01273435
-675.77557756	-0.00343086
-675.74257426	0.00717493
-675.70957096	0.01792826
-675.67656766	0.02802542
-675.64356436	0.03637451
-675.61056106	0.04275638
-675.57755776	0.04661413
-675.54455446	0.04841954
-675.51155116	0.04801709
-675.47854785	0.04631413
-675.44554455	0.04326296
-675.41254125	0.03916362
-675.37953795	0.03417921
-675.34653465	0.02870310
-675.31353135	0.02289358
-675.28052805	0.01698998
-675.24752475	0.01127587
-675.21452145	0.00595106
-675.18151815	0.00096260
-675.14851485	-0.00335683
-675.11551155	-0.00706100
-675.08250825	-0.00958383
-675.04950495	-0.01141437
-675.01650165	-0.01215569
-674.98349835	-0.01286254
-674.95049505	-0.01358260
-674.91749175	-0.01467394
-674.88448845	-0.01641425
-674.85148515	-0.01816548
-674.81848185	-0.01939966
-674.78547855	-0.02013660
-674.75247525	-0.01930869
-674.71947195	-0.01747971
-674.68646865	-0.01472502
-674.65346535	-0.01168321
-674.62046205	-0.00879833
-674.58745875	-0.00657434
-674.55445545	-0.00533080
-674.52145215	-0.00492971
-674.48844884	-0.00529156
-674.45544554	-0.00669095
-674.42244224	-0.00895969
-674.38943894	-0.01239788
-674.35643564	-0.01729633
-674.32343234	-0.02321941
-674.29042904	-0.02958535
-674.25742574	-0.03541049
-674.22442244	-0.03935332
-674.19141914	-0.04020885
-674.15841584	-0.03751943
-674.12541254	-0.03133067
-674.09240924	-0.02244638
-674.05940594	-0.01181852
-674.02640264	-0.00063159
-673.99339934	0.01025726
-673.96039604	0.02015262
-673.92739274	0.02859708
-673.89438944	0.03517275
-673.86138614	0.04003795
-673.82838284	0.04313818
-673.79537954	0.04496328
-673.76237624	0.04516392
-673.72937294	0.04444079
-673.69636964	0.04193516
-673.66336634	0.03831301
-673.63036304	0.03289510
-673.59735974	0.02673560
-673.56435644	0.01994355
-673.53135314	0.01370642
-673.49834983	0.00838904
-673.46534653	0.00482798
-673.43234323	0.00266658
-673.39933993	0.00194487
-673.36633663	0.00190173
-673.33333333	0.00227812
-673.30033003	0.00248988
-673.26732673	0.00243930
-673.23432343	0.00194114
-673.20132013	0.00104057
-673.16831683	-0.00072430
-673.13531353	-0.00293323
-673.10231023	-0.00592005
-673.06930693	-0.00934410
-673.03630363	-0.01302272
-673.00330033	-0.01656455
-672.97029703	-0.01964531
-672.93729373	-0.02115420
-672.90429043	-0.02127972
-672.87128713	-0.01950459
-672.83828383	-0.01590911
-672.80528053	-0.01109777
-672.77227723	-0.00547080
-672.73927393	0.00004317
-672.70627063	0.00455181
-672.67326733	0.00781375
-672.64026403	0.00910406
-672.60726073	0.00900248
-672.57425743	0.00745800
-672.54125413	0.00537612
-672.50825083	0.00341217
-672.47524752	0.00169665
-672.44224422	0.00067586
-672.40924092	0.00005939
-672.37623762	0.00012650
-672.34323432	0.00055587
-672.31023102	0.00151467
-672.27722772	0.00307507
-672.24422442	0.00500570
-672.21122112	0.00716957
-672.17821782	0.00929085
-672.14521452	0.01122004
-672.11221122	0.01298982
-672.07920792	0.01451632
-672.04620462	0.01582885
-672.01320132	0.01658339
-671.98019802	0.01697078
-671.94719472	0.01649623
-671.91419142	0.01495220
-671.88118812	0.01249972
-671.84818482	0.00899424
-671.81518152	0.00524504
-671.78217822	0.00138598
-671.74917492	-0.00212530
-671.71617162	-0.00492719
-671.68316832	-0.00683742
-671.65016502	-0.00796180
-671.61716172	-0.00829471
-671.58415842	-0.00806973
-671.55115512	-0.00719102
-671.51815182	-0.00616919
-671.48514851	-0.00489818
-671.45214521	-0.00380148
-671.41914191	-0.00310138
-671.38613861	-0.00351925
-671.35313531	-0.00478871
-671.32013201	-0.00735667
-671.28712871	-0.01056810
-671.25412541	-0.01402025
-671.22112211	-0.01739641
-671.18811881	-0.01974746
-671.15511551	-0.02153125
-671.12211221	-0.02240912
-671.08910891	-0.02306754
-671.05610561	-0.02348142
-671.02310231	-0.02389466
-670.99009901	-0.02408469
-670.95709571	-0.02376550
-670.92409241	-0.02251974
-670.89108911	-0.02012351
-670.85808581	-0.01660772
-670.82508251	-0.01196660
-670.79207921	-0.00688789
-670.75907591	-0.00161237
-670.72607261	0.00285360
-670.69306931	0.00660114
-670.66006601	0.00884690
-670.62706271	0.00971549
-670.59405941	0.00917217
-670.56105611	0.00771519
-670.52805281	0.00548675
-670.49504950	0.00301061
-670.46204620	0.00093699
-670.42904290	-0.00051126
-670.39603960	-0.00094757
-670.36303630	-0.00037553
-670.33003300	0.00077961
-670.29702970	0.00205113
-670.26402640	0.00303254
-670.23102310	0.00378993
-670.19801980	0.00429295
-670.16501650	0.00458008
-670.13201320	0.00508525
-670.09900990	0.00566393
-670.06600660	0.00613317
-670.03300330	0.00627180
-670.00000000	0.00599822
-669.96699670	0.00519039
-669.93399340	0.00414155
-669.90099010	0.00327481
-669.86798680	0.00293311
-669.83498350	0.00325891
-669.80198020	0.00441348
-669.76897690	0.00594038
-669.73597360	0.00751397
-669.70297030	0.00834388
-669.66996700	0.00811679
-669.63696370	0.00580734
-669.60396040	0.00179277
-669.57095710	-0.00409190
-669.53795380	-0.01108538
-669.50495050	-0.01874299
-669.47194719	-0.02585343
-669.43894389	-0.03197115
-669.40594059	-0.03640386
-669.37293729	-0.03891690
-669.33993399	-0.03949964
-669.30693069	-0.03804305
-669.27392739	-0.03501028
-669.24092409	-0.03049165
-669.20792079	-0.02497120
-669.17491749	-0.01898961
-669.14191419	-0.01269498
-669.10891089	-0.00682676
-669.07590759	-0.00163651
-669.04290429	0.00230595
-669.00990099	0.00535245
-668.97689769	0.00683387
-668.94389439	0.00732105
-668.91089109	0.00689159
-668.87788779	0.00585418
-668.84488449	0.00455678
-668.81188119	0.00331962
-668.77887789	0.00280585
-668.74587459	0.00318421
-668.71287129	0.00426113
-668.67986799	0.00597789
-668.64686469	0.00791214
-668.61386139	0.00918455
-668.58085809	0.00980133
-668.54785479	0.00912468
-668.51485149	0.00743491
-668.48184818	0.00505328
-668.44884488	0.00246202
-668.41584158	0.00027843
-668.38283828	-0.00121359
-668.34983498	-0.00151069
-668.31683168	-0.00059385
-668.28382838	0.00190409
-668.25082508	0.00508143
-668.21782178	0.00915809
-668.18481848	0.01296823
-668.15181518	0.01642207
-668.11881188	0.01850524
-668.08580858	0.01908619
-668.05280528	0.01729040
-668.01980198	0.01343478
-667.98679868	0.00769188
-667.95379538	0.00047604
-667.92079208	-0.00718481
-667.88778878	-0.01448116
-667.85478548	-0.02058410
-667.82178218	-0.02486929
-667.78877888	-0.02721829
-667.75577558	-0.02773863
-667.72277228	-0.02702829
-667.68976898	-0.02541677
-667.65676568	-0.02330957
-667.62376238	-0.02099439
-667.59075908	-0.01852499
-667.55775578	-0.01578560
-667.52475248	-0.01281795
-667.49174917	-0.00972477
-667.45874587	-0.00647950
-667.42574257	-0.00317076
-667.39273927	0.00001358
-667.35973597	0.00305020
-667.32673267	0.00566610
-667.29372937	0.00801868
-667.26072607	0.01013880
-667.22772277	0.01182662
-667.19471947	0.01325558
-667.16171617	0.01459795
-667.12871287	0.01554577
-667.09570957	0.01634059
-667.06270627	0.01715073
-667.02970297	0.01773460
-666.99669967	0.01856156
-666.96369637	0.01941176
-666.93069307	0.02009101
-666.89768977	0.02069658
-666.86468647	0.02050849
-666.83168317	0.01988068
-666.79867987	0.01872977
-666.76567657	0.01698554
-666.73267327	0.01481697
-666.69966997	0.01239578
-666.66666667	0.00976430
-666.63366337	0.00726528
-666.60066007	0.00501906
-666.56765677	0.00373588
-666.53465347	0.00298551
-666.50165017	0.00327151
-666.46864686	0.00429014
-666.43564356	0.00597825
-666.40264026	0.00770737
-666.36963696	0.00949618
-666.33663366	0.01090657
-666.30363036	0.01146037
-666.27062706	0.01124808
-666.23762376	0.01020886
-666.20462046	0.00804142
-666.17161716	0.00520200
-666.13861386	0.00173699
-666.10561056	-0.00200563
-666.07260726	-0.00555040
-666.03960396	-0.00882146
-666.00660066	-0.01135067
-665.97359736	-0.01322076
-665.94059406	-0.01408509
-665.90759076	-0.01321810
-665.87458746	-0.01122550
-665.84158416	-0.00760322
-665.80858086	-0.00289374
-665.77557756	0.00279003
-665.74257426	0.00851028
-665.70957096	0.01359002
-665.67656766	0.01743568
-665.64356436	0.01951433
-665.61056106	0.01938444
-665.57755776	0.01726202
-665.54455446	0.01320994
-665.51155116	0.00760783
-665.47854785	0.00103838
-665.44554455	-0.00567362
-665.41254125	-0.01206338
-665.37953795	-0.01754355
-665.34653465	-0.02140143
-665.31353135	-0.02338906
-665.28052805	-0.02351448
-665.24752475	-0.02176643
-665.21452145	-0.01842530
-665.18151815	-0.01413901
-665.14851485	-0.00969843
-665.11551155	-0.00564812
-665.08250825	-0.00283185
-665.04950495	-0.00144386
-665.01650165	-0.00120798
-664.98349835	-0.00193841
-664.95049505	-0.00279765
-664.91749175	-0.00323674
-664.88448845	-0.00224312
-664.85148515	0.00019296
-664.81848185	0.00423473
-664.78547855	0.00929171
-664.75247525	0.01488434
-664.71947195	0.02064747
-664.68646865	0.02566090
-664.65346535	0.02981945
-664.62046205	0.03285185
-664.58745875	0.03453328
-664.55445545	0.03521739
-664.52145215	0.03508374
-664.48844884	0.03403667
-664.45544554	0.03233250
-664.42244224	0.02956624
-664.38943894	0.02603978
-664.35643564	0.02130647
-664.32343234	0.01554796
-664.29042904	0.00911801
-664.25742574	0.00248534
-664.22442244	-0.00386148
-664.19141914	-0.00924207
-664.15841584	-0.01326045
-664.12541254	-0.01539339
-664.09240924	-0.01556404
-664.05940594	-0.01362860
-664.02640264	-0.01032680
-663.99339934	-0.00643126
-663.96039604	-0.00252771
-663.92739274	0.00076205
-663.89438944	0.00266049
-663.86138614	0.00292126
-663.82838284	0.00134272
-663.79537954	-0.00205621
-663.76237624	-0.00695009
-663.72937294	-0.01261398
-663.69636964	-0.01819216
-663.66336634	-0.02276396
-663.63036304	-0.02530084
-663.59735974	-0.02585458
-663.56435644	-0.02409665
-663.53135314	-0.02049292
-663.49834983	-0.01581137
-663.46534653	-0.01055194
-663.43234323	-0.00533888
-663.39933993	-0.00081721
-663.36633663	0.00279323
-663.33333333	0.00525822
-663.30033003	0.00670457
-663.26732673	0.00731807
-663.23432343	0.00733657
-663.20132013	0.00711474
-663.16831683	0.00655547
-663.13531353	0.00610021
-663.10231023	0.00568924
-663.06930693	0.00569189
-663.03630363	0.00611733
-663.00330033	0.00732854
-662.97029703	0.00949638
-662.93729373	0.01218884
-662.90429043	0.01512745
-662.87128713	0.01788704
-662.83828383	0.01999739
-662.80528053	0.02094754
-662.77227723	0.02067806
-662.73927393	0.01903862
-662.70627063	0.01628732
-662.67326733	0.01256741
-662.64026403	0.00797607
-662.60726073	0.00302115
-662.57425743	-0.00215413
-662.54125413	-0.00725083
-662.50825083	-0.01188498
-662.47524752	-0.01599730
-662.44224422	-0.01913226
-662.40924092	-0.02145047
-662.37623762	-0.02281588
-662.34323432	-0.02329033
-662.31023102	-0.02309233
-662.27722772	-0.02240408
-662.24422442	-0.02155289
-662.21122112	-0.02071950
-662.17821782	-0.01987595
-662.14521452	-0.01920620
-662.11221122	-0.01887694
-662.07920792	-0.01851974
-662.04620462	-0.01805975
-662.01320132	-0.01719567
-661.98019802	-0.01572897
-661.94719472	-0.01357022
-661.91419142	-0.01054011
-661.88118812	-0.00682493
-661.84818482	-0.00271156
-661.81518152	0.00135386
-661.78217822	0.00505932
-661.74917492	0.00787515
-661.71617162	0.00939185
-661.68316832	0.00957585
-661.65016502	0.00822584
-661.61716172	0.00606472
-661.58415842	0.00344664
-661.55115512	0.00089402
-661.51815182	-0.00076204
-661.48514851	-0.00149298
-661.45214521	-0.00094878
-661.41914191	0.00062468
-661.38613861	0.00285881
-661.35313531	0.00519721
-661.32013201	0.00730975
-661.28712871	0.00895330
-661.25412541	0.00969182
-661.22112211	0.00950970
-661.18811881	0.00834599
-661.15511551	0.00634940
-661.12211221	0.00373419
-661.08910891	0.00115706
-661.05610561	-0.00091419
-661.02310231	-0.00236246
-660.99009901	-0.00275466
-660.95709571	-0.00218064
-660.92409241	-0.00093895
-660.89108911	0.00064506
-660.85808581	0.00227973
-660.82508251	0.00372418
-660.79207921	0.00489983
-660.75907591	0.00542961
-660.72607261	0.00531923
-660.69306931	0.00452911
-660.66006601	0.00299256
-660.62706271	0.00048383
-660.59405941	-0.00256405
-660.56105611	-0.00601278
-660.52805281	-0.00922706
-660.49504950	-0.01198109
-660.46204620	-0.01396180
-660.42904290	-0.01508015
-660.39603960	-0.01524200
-660.36303630	-0.01434992
-660.33003300	-0.01272163
-660.29702970	-0.01050967
-660.26402640	-0.00803545
-660.23102310	-0.00578699
-660.19801980	-0.00380639
-660.16501650	-0.00252683
-660.13201320	-0.00178072
-660.09900990	-0.00125925
-660.06600660	-0.00088128
-660.03300330	-0.00078508
-660.00000000	-0.00069014
