# Menlo Systems GmbH ScanControl
# Program Version 1.14.3
# Start: -740.00000000 ps, Average over 1000 waveforms. Timestamp: 2026-02-04T14:27:35
# User time axis shift: 0 ps
# Time axis offset: 0 ps
# Time [ps]	THz Signal [a.u.]
-740.00000000	-0.00017619
-739.96699670	-0.00010605
-739.93399340	-0.00013104
-739.90099010	-0.00013783
-739.86798680	-0.00016067
-739.83498350	-0.00015147
-739.80198020	-0.00011969
-739.76897690	-0.00002972
-739.73597360	-0.00012703
-739.70297030	-0.00011270
-739.66996700	0.00004781
-739.63696370	0.00002071
-739.60396040	-0.00003044
-739.57095710	-0.00000453
-739.53795380	0.00001683
-739.50495050	0.00000851
-739.47194719	0.00005336
-739.43894389	0.00006197
-739.40594059	0.00005327
-739.37293729	0.00009170
-739.33993399	0.00009053
-739.30693069	0.00010577
-739.27392739	0.00002332
-739.24092409	0.00015483
-739.20792079	0.00013868
-739.17491749	0.00003050
-739.14191419	0.00015525
-739.10891089	0.00005265
-739.07590759	0.00012656
-739.04290429	0.00005512
-739.00990099	0.00017242
-738.97689769	0.00010230
-738.94389439	0.00011604
-738.91089109	0.00006004
-738.87788779	0.00009008
-738.84488449	0.00007148
-738.81188119	0.00004948
-738.77887789	0.00001805
-738.74587459	0.00007647
-738.71287129	0.00006431
-738.67986799	-0.00005819
-738.64686469	0.00003937
-738.61386139	-0.00004569
-738.58085809	-0.00005183
-738.54785479	-0.00008165
-738.51485149	0.00001748
-738.48184818	0.00002205
-738.44884488	-0.00003992
-738.41584158	-0.00002281
-738.38283828	0.00004650
-738.34983498	-0.00001147
-738.31683168	-0.00002980
-738.28382838	-0.00008588
-738.25082508	-0.00004601
-738.21782178	-0.00012863
-738.18481848	-0.00010731
-738.15181518	-0.00009624
-738.11881188	-0.00002647
-738.08580858	0.00000323
-738.05280528	-0.00009611
-738.01980198	-0.00013705
-737.98679868	-0.00009180
-737.95379538	-0.00009385
-737.92079208	-0.00006501
-737.88778878	-0.00006843
-737.85478548	-0.00011389
-737.82178218	-0.00015013
-737.78877888	-0.00016280
-737.75577558	-0.00011587
-737.72277228	-0.00011198
-737.68976898	-0.00003534
-737.65676568	-0.00014152
-737.62376238	-0.00013286
-737.59075908	-0.00011919
-737.55775578	-0.00009784
-737.52475248	-0.00006710
-737.49174917	-0.00007193
-737.45874587	0.00003588
-737.42574257	0.00007110
-737.39273927	0.00010836
-737.35973597	0.00013321
-737.32673267	0.00010133
-737.29372937	0.00019097
-737.26072607	0.00014504
-737.22772277	0.00020587
-737.19471947	0.00024448
-737.16171617	0.00028216
-737.12871287	0.00027751
-737.09570957	0.00040604
-737.06270627	0.00040698
-737.02970297	0.00040101
-736.99669967	0.00041357
-736.96369637	0.00047416
-736.93069307	0.00055364
-736.89768977	0.00059428
-736.86468647	0.00060190
-736.83168317	0.00054868
-736.79867987	0.00061671
-736.76567657	0.00066169
-736.73267327	0.00060337
-736.69966997	0.00060152
-736.66666667	0.00051678
-736.63366337	0.00052145
-736.60066007	0.00032523
-736.56765677	0.00027482
-736.53465347	0.00018423
-736.50165017	-0.00001921
-736.46864686	-0.00018038
-736.43564356	-0.00032259
-736.40264026	-0.00050513
-736.36963696	-0.00074734
-736.33663366	-0.00095706
-736.30363036	-0.00123325
-736.27062706	-0.00143753
-736.23762376	-0.00167447
-736.20462046	-0.00199832
-736.17161716	-0.00216657
-736.13861386	-0.00242994
-736.10561056	-0.00245879
-736.07260726	-0.00269752
-736.03960396	-0.00286884
-736.00660066	-0.00295059
-735.97359736	-0.00303188
-735.94059406	-0.00305515
-735.90759076	-0.00311094
-735.87458746	-0.00318219
-735.84158416	-0.00322253
-735.80858086	-0.00310200
-735.77557756	-0.00292069
-735.74257426	-0.00277281
-735.70957096	-0.00256531
-735.67656766	-0.00226270
-735.64356436	-0.00176100
-735.61056106	-0.00128032
-735.57755776	-0.00080038
-735.54455446	-0.00025755
-735.51155116	0.00021941
-735.47854785	0.00079104
-735.44554455	0.00127050
-735.41254125	0.00162027
-735.37953795	0.00194992
-735.34653465	0.00213312
-735.31353135	0.00231481
-735.28052805	0.00225156
-735.24752475	0.00223731
-735.21452145	0.00209685
-735.18151815	0.00185117
-735.14851485	0.00178491
-735.11551155	0.00157939
-735.08250825	0.00139263
-735.04950495	0.00123444
-735.01650165	0.00092740
-734.98349835	0.00080501
-734.95049505	0.00052190
-734.91749175	0.00053423
-734.88448845	0.00028843
-734.85148515	0.00026673
-734.81848185	0.00027983
-734.78547855	0.00016580
-734.75247525	0.00005830
-734.71947195	0.00012531
-734.68646865	-0.00000929
-734.65346535	-0.00004057
-734.62046205	0.00003400
-734.58745875	-0.00011748
-734.55445545	-0.00006666
-734.52145215	-0.00003368
-734.48844884	-0.00017748
-734.45544554	-0.00015236
-734.42244224	-0.00012444
-734.38943894	-0.00019947
-734.35643564	-0.00020431
-734.32343234	-0.00017598
-734.29042904	-0.00023483
-734.25742574	-0.00029932
-734.22442244	-0.00023269
-734.19141914	-0.00008389
-734.15841584	-0.00008972
-734.12541254	-0.00008356
-734.09240924	0.00000228
-734.05940594	0.00006909
-734.02640264	0.00019687
-733.99339934	0.00017112
-733.96039604	0.00021377
-733.92739274	0.00024726
-733.89438944	0.00029008
-733.86138614	0.00025182
-733.82838284	0.00009884
-733.79537954	0.00011437
-733.76237624	0.00007560
-733.72937294	-0.00001959
-733.69636964	-0.00008357
-733.66336634	-0.00029502
-733.63036304	-0.00016513
-733.59735974	-0.00012951
-733.56435644	-0.00015292
-733.53135314	-0.00011282
-733.49834983	0.00000448
-733.46534653	0.00005428
-733.43234323	0.00007298
-733.39933993	0.00019399
-733.36633663	0.00027025
-733.33333333	0.00028623
-733.30033003	0.00033642
-733.26732673	0.00038353
-733.23432343	0.00036791
-733.20132013	0.00026122
-733.16831683	0.00026855
-733.13531353	0.00029811
-733.10231023	0.00013936
-733.06930693	0.00016513
-733.03630363	0.00014566
-733.00330033	0.00013780
-732.97029703	0.00007735
-732.93729373	0.00003300
-732.90429043	0.00007393
-732.87128713	0.00012195
-732.83828383	0.00015111
-732.80528053	0.00011925
-732.77227723	0.00023859
-732.73927393	0.00019573
-732.70627063	0.00031215
-732.67326733	0.00040345
-732.64026403	0.00044058
-732.60726073	0.00041831
-732.57425743	0.00057742
-732.54125413	0.00062398
-732.50825083	0.00069435
-732.47524752	0.00078434
-732.44224422	0.00088392
-732.40924092	0.00097724
-732.37623762	0.00104495
-732.34323432	0.00109606
-732.31023102	0.00122715
-732.27722772	0.00137991
-732.24422442	0.00148163
-732.21122112	0.00160797
-732.17821782	0.00172952
-732.14521452	0.00172469
-732.11221122	0.00198797
-732.07920792	0.00188087
-732.04620462	0.00194916
-732.01320132	0.00200203
-731.98019802	0.00189432
-731.94719472	0.00174668
-731.91419142	0.00162484
-731.88118812	0.00125825
-731.84818482	0.00085286
-731.81518152	0.00028292
-731.78217822	-0.00046331
-731.74917492	-0.00127704
-731.71617162	-0.00216917
-731.68316832	-0.00314649
-731.65016502	-0.00409673
-731.61716172	-0.00504772
-731.58415842	-0.00578778
-731.55115512	-0.00638692
-731.51815182	-0.00656593
-731.48514851	-0.00662497
-731.45214521	-0.00633789
-731.41914191	-0.00567542
-731.38613861	-0.00493207
-731.35313531	-0.00402717
-731.32013201	-0.00294930
-731.28712871	-0.00198939
-731.25412541	-0.00101998
-731.22112211	-0.00015062
-731.18811881	0.00055669
-731.15511551	0.00120795
-731.12211221	0.00178518
-731.08910891	0.00211478
-731.05610561	0.00226570
-731.02310231	0.00241157
-730.99009901	0.00255054
-730.95709571	0.00245646
-730.92409241	0.00245430
-730.89108911	0.00237111
-730.85808581	0.00222160
-730.82508251	0.00226517
-730.79207921	0.00202669
-730.75907591	0.00182060
-730.72607261	0.00170661
-730.69306931	0.00150325
-730.66006601	0.00124701
-730.62706271	0.00132453
-730.59405941	0.00100065
-730.56105611	0.00099465
-730.52805281	0.00094103
-730.49504950	0.00086961
-730.46204620	0.00085755
-730.42904290	0.00073694
-730.39603960	0.00075845
-730.36303630	0.00056786
-730.33003300	0.00047285
-730.29702970	0.00030468
-730.26402640	0.00010194
-730.23102310	-0.00004689
-730.19801980	-0.00024030
-730.16501650	-0.00047710
-730.13201320	-0.00066121
-730.09900990	-0.00068319
-730.06600660	-0.00081437
-730.03300330	-0.00065581
-730.00000000	-0.00059613
-729.96699670	-0.00041144
-729.93399340	-0.00016763
-729.90099010	0.00020900
-729.86798680	0.00041012
-729.83498350	0.00068419
-729.80198020	0.00086634
-729.76897690	0.00106739
-729.73597360	0.00100580
-729.70297030	0.00108520
-729.66996700	0.00089491
-729.63696370	0.00066489
-729.60396040	0.00055334
-729.57095710	0.00018754
-729.53795380	-0.00003290
-729.50495050	-0.00037940
-729.47194719	-0.00043477
-729.43894389	-0.00050591
-729.40594059	-0.00048320
-729.37293729	-0.00036838
-729.33993399	-0.00029406
-729.30693069	0.00000715
-729.27392739	0.00002040
-729.24092409	0.00036070
-729.20792079	0.00023275
-729.17491749	0.00035620
-729.14191419	0.00021932
-729.10891089	0.00009720
-729.07590759	-0.00010742
-729.04290429	-0.00047397
-729.00990099	-0.00067205
-728.97689769	-0.00121225
-728.94389439	-0.00136404
-728.91089109	-0.00178995
-728.87788779	-0.00215686
-728.84488449	-0.00248884
-728.81188119	-0.00274825
-728.77887789	-0.00297922
-728.74587459	-0.00325227
-728.71287129	-0.00353774
-728.67986799	-0.00367643
-728.64686469	-0.00414494
-728.61386139	-0.00460220
-728.58085809	-0.00510515
-728.54785479	-0.00586648
-728.51485149	-0.00673209
-728.48184818	-0.00765627
-728.44884488	-0.00888430
-728.41584158	-0.00981211
-728.38283828	-0.01079836
-728.34983498	-0.01127680
-728.31683168	-0.01168075
-728.28382838	-0.01139156
-728.25082508	-0.01063977
-728.21782178	-0.00938189
-728.18481848	-0.00760928
-728.15181518	-0.00560074
-728.11881188	-0.00343440
-728.08580858	-0.00125730
-728.05280528	0.00063226
-728.01980198	0.00219394
-727.98679868	0.00347698
-727.95379538	0.00412759
-727.92079208	0.00459989
-727.88778878	0.00464394
-727.85478548	0.00465750
-727.82178218	0.00449584
-727.78877888	0.00430319
-727.75577558	0.00431570
-727.72277228	0.00430441
-727.68976898	0.00443781
-727.65676568	0.00484016
-727.62376238	0.00506693
-727.59075908	0.00538408
-727.55775578	0.00560020
-727.52475248	0.00564841
-727.49174917	0.00560314
-727.45874587	0.00521952
-727.42574257	0.00479570
-727.39273927	0.00405647
-727.35973597	0.00326383
-727.32673267	0.00248104
-727.29372937	0.00156966
-727.26072607	0.00054962
-727.22772277	-0.00029036
-727.19471947	-0.00128644
-727.16171617	-0.00221936
-727.12871287	-0.00310793
-727.09570957	-0.00413747
-727.06270627	-0.00506591
-727.02970297	-0.00631850
-726.99669967	-0.00749335
-726.96369637	-0.00913688
-726.93069307	-0.01080263
-726.89768977	-0.01295622
-726.86468647	-0.01531688
-726.83168317	-0.01763291
-726.79867987	-0.02036166
-726.76567657	-0.02257085
-726.73267327	-0.02476676
-726.69966997	-0.02612140
-726.66666667	-0.02665335
-726.63366337	-0.02615047
-726.60066007	-0.02465397
-726.56765677	-0.02203697
-726.53465347	-0.01842664
-726.50165017	-0.01446423
-726.46864686	-0.01002569
-726.43564356	-0.00589856
-726.40264026	-0.00206980
-726.36963696	0.00101822
-726.33663366	0.00318092
-726.30363036	0.00465987
-726.27062706	0.00521758
-726.23762376	0.00540168
-726.20462046	0.00503270
-726.17161716	0.00448205
-726.13861386	0.00385618
-726.10561056	0.00318132
-726.07260726	0.00260298
-726.03960396	0.00200603
-726.00660066	0.00157426
-725.97359736	0.00131924
-725.94059406	0.00087767
-725.90759076	0.00070743
-725.87458746	0.00037290
-725.84158416	0.00030011
-725.80858086	0.00009176
-725.77557756	0.00020627
-725.74257426	0.00054501
-725.70957096	0.00107305
-725.67656766	0.00217444
-725.64356436	0.00347280
-725.61056106	0.00508576
-725.57755776	0.00707108
-725.54455446	0.00906775
-725.51155116	0.01123011
-725.47854785	0.01363159
-725.44554455	0.01586498
-725.41254125	0.01859560
-725.37953795	0.02149012
-725.34653465	0.02491564
-725.31353135	0.02866239
-725.28052805	0.03303308
-725.24752475	0.03827392
-725.21452145	0.04400760
-725.18151815	0.05059381
-725.14851485	0.05809154
-725.11551155	0.06644814
-725.08250825	0.07550893
-725.04950495	0.08553606
-725.01650165	0.09588042
-724.98349835	0.10672560
-724.95049505	0.11752584
-724.91749175	0.12833976
-724.88448845	0.13874011
-724.85148515	0.14884984
-724.81848185	0.15875884
-724.78547855	0.16836482
-724.75247525	0.17804143
-724.71947195	0.18826534
-724.68646865	0.19923599
-724.65346535	0.21158998
-724.62046205	0.22573760
-724.58745875	0.24237843
-724.55445545	0.26222423
-724.52145215	0.28546807
-724.48844884	0.31270628
-724.45544554	0.34369235
-724.42244224	0.37848062
-724.38943894	0.41613258
-724.35643564	0.45622000
-724.32343234	0.49680414
-724.29042904	0.53685620
-724.25742574	0.57426058
-724.22442244	0.60680385
-724.19141914	0.63218996
-724.15841584	0.64804532
-724.12541254	0.65174110
-724.09240924	0.64149376
-724.05940594	0.61566202
-724.02640264	0.57352703
-723.99339934	0.51557280
-723.96039604	0.44303522
-723.92739274	0.35793053
-723.89438944	0.26386663
-723.86138614	0.16382572
-723.82838284	0.06150438
-723.79537954	-0.04059789
-723.76237624	-0.14078019
-723.72937294	-0.23919127
-723.69636964	-0.33813693
-723.66336634	-0.44160101
-723.63036304	-0.55572456
-723.59735974	-0.68775532
-723.56435644	-0.84434734
-723.53135314	-1.03193059
-723.49834983	-1.25348221
-723.46534653	-1.50821699
-723.43234323	-1.78988887
-723.39933993	-2.08505023
-723.36633663	-2.37467527
-723.33333333	-2.63329810
-723.30033003	-2.83358813
-723.26732673	-2.94901704
-723.23432343	-2.95734168
-723.20132013	-2.84429948
-723.16831683	-2.60620616
-723.13531353	-2.25233247
-723.10231023	-1.80359186
-723.06930693	-1.29091497
-723.03630363	-0.75025830
-723.00330033	-0.21703512
-722.97029703	0.27730019
-722.93729373	0.71117594
-722.90429043	1.07090132
-722.87128713	1.35165043
-722.83828383	1.55477595
-722.80528053	1.68558338
-722.77227723	1.75248868
-722.73927393	1.76473055
-722.70627063	1.73390276
-722.67326733	1.67130131
-722.64026403	1.58799417
-722.60726073	1.49180462
-722.57425743	1.38709537
-722.54125413	1.27526633
-722.50825083	1.15617906
-722.47524752	1.03078831
-722.44224422	0.90190573
-722.40924092	0.77492322
-722.37623762	0.65645260
-722.34323432	0.55293599
-722.31023102	0.46801756
-722.27722772	0.40279743
-722.24422442	0.35506468
-722.21122112	0.32077131
-722.17821782	0.29389315
-722.14521452	0.26873223
-722.11221122	0.23993126
-722.07920792	0.20387763
-722.04620462	0.15911486
-722.01320132	0.10563846
-721.98019802	0.04540290
-721.94719472	-0.01894646
-721.91419142	-0.08442737
-721.88118812	-0.14636608
-721.84818482	-0.19959077
-721.81518152	-0.23757322
-721.78217822	-0.25427371
-721.74917492	-0.24362473
-721.71617162	-0.20349159
-721.68316832	-0.13459973
-721.65016502	-0.04225802
-721.61716172	0.06446560
-721.58415842	0.17401874
-721.55115512	0.27401755
-721.51815182	0.35351158
-721.48514851	0.40456440
-721.45214521	0.42301619
-721.41914191	0.40789212
-721.38613861	0.36046617
-721.35313531	0.28381005
-721.32013201	0.18357152
-721.28712871	0.06740542
-721.25412541	-0.05337460
-721.22112211	-0.16644955
-721.18811881	-0.25896350
-721.15511551	-0.32097957
-721.12211221	-0.34751400
-721.08910891	-0.33805393
-721.05610561	-0.29831649
-721.02310231	-0.23660002
-720.99009901	-0.16449697
-720.95709571	-0.09266540
-720.92409241	-0.03032333
-720.89108911	0.01695677
-720.85808581	0.04783487
-720.82508251	0.06370969
-720.79207921	0.06816552
-720.75907591	0.06429626
-720.72607261	0.05496545
-720.69306931	0.04105719
-720.66006601	0.02420226
-720.62706271	0.00524779
-720.59405941	-0.01366845
-720.56105611	-0.03088827
-720.52805281	-0.04491359
-720.49504950	-0.05527617
-720.46204620	-0.06284414
-720.42904290	-0.06840328
-720.39603960	-0.07255521
-720.36303630	-0.07468607
-720.33003300	-0.07457398
-720.29702970	-0.07214476
-720.26402640	-0.06949893
-720.23102310	-0.06907287
-720.19801980	-0.07360483
-720.16501650	-0.08371231
-720.13201320	-0.09885357
-720.09900990	-0.11582756
-720.06600660	-0.13128332
-720.03300330	-0.14061497
-720.00000000	-0.14029251
-719.96699670	-0.12726550
-719.93399340	-0.10052806
-719.90099010	-0.06066432
-719.86798680	-0.01055267
-719.83498350	0.04647678
-719.80198020	0.10634417
-719.76897690	0.16529934
-719.73597360	0.21929179
-719.70297030	0.26483613
-719.66996700	0.29789380
-719.63696370	0.31498136
-719.60396040	0.31218880
-719.57095710	0.28678701
-719.53795380	0.23751955
-719.50495050	0.16652337
-719.47194719	0.07941648
-719.43894389	-0.01452430
-719.40594059	-0.10445943
-719.37293729	-0.18026680
-719.33993399	-0.23472444
-719.30693069	-0.26398751
-719.27392739	-0.26698736
-719.24092409	-0.24542993
-719.20792079	-0.20199609
-719.17491749	-0.14205251
-719.14191419	-0.07239483
-719.10891089	-0.00259368
-719.07590759	0.05837883
-719.04290429	0.10142995
-719.00990099	0.12197238
-718.97689769	0.11910220
-718.94389439	0.09580559
-718.91089109	0.05771292
-718.87788779	0.01096601
-718.84488449	-0.03850480
-718.81188119	-0.08515057
-718.77887789	-0.12493344
-718.74587459	-0.15367098
-718.71287129	-0.17009882
-718.67986799	-0.17415652
-718.64686469	-0.16809555
-718.61386139	-0.15520473
-718.58085809	-0.13812208
-718.54785479	-0.11821136
-718.51485149	-0.09632339
-718.48184818	-0.07163374
-718.44884488	-0.04498731
-718.41584158	-0.01669883
-718.38283828	0.01174448
-718.34983498	0.03919789
-718.31683168	0.06432144
-718.28382838	0.08589855
-718.25082508	0.10220930
-718.21782178	0.11110796
-718.18481848	0.11087731
-718.15181518	0.10102676
-718.11881188	0.08399631
-718.08580858	0.06389860
-718.05280528	0.04737796
-718.01980198	0.03988343
-717.98679868	0.04464029
-717.95379538	0.05995712
-717.92079208	0.08017169
-717.88778878	0.09750389
-717.85478548	0.10469360
-717.82178218	0.09790336
-717.78877888	0.07807775
-717.75577558	0.04978389
-717.72277228	0.01856763
-717.68976898	-0.01099039
-717.65676568	-0.03562485
-717.62376238	-0.05400974
-717.59075908	-0.06611046
-717.55775578	-0.07219505
-717.52475248	-0.07401966
-717.49174917	-0.07356371
-717.45874587	-0.07410853
-717.42574257	-0.07806479
-717.39273927	-0.08695426
-717.35973597	-0.10015794
-717.32673267	-0.11545055
-717.29372937	-0.12921680
-717.26072607	-0.13883478
-717.22772277	-0.14265409
-717.19471947	-0.14133577
-717.16171617	-0.13605411
-717.12871287	-0.12760128
-717.09570957	-0.11599021
-717.06270627	-0.10017444
-717.02970297	-0.07921388
-716.99669967	-0.05348906
-716.96369637	-0.02442268
-716.93069307	0.00524008
-716.89768977	0.03212866
-716.86468647	0.05382776
-716.83168317	0.06867229
-716.79867987	0.07587018
-716.76567657	0.07570070
-716.73267327	0.06891666
-716.69966997	0.05650670
-716.66666667	0.04044645
-716.63366337	0.02208023
-716.60066007	0.00380730
-716.56765677	-0.01195024
-716.53465347	-0.02236151
-716.50165017	-0.02437970
-716.46864686	-0.01674836
-716.43564356	0.00030943
-716.40264026	0.02310719
-716.36963696	0.04611806
-716.33663366	0.06355222
-716.30363036	0.07211329
-716.27062706	0.07220790
-716.23762376	0.06731528
-716.20462046	0.06259969
-716.17161716	0.06190191
-716.13861386	0.06699685
-716.10561056	0.07615582
-716.07260726	0.08593643
-716.03960396	0.09300162
-716.00660066	0.09451108
-715.97359736	0.08909658
-715.94059406	0.07728944
-715.90759076	0.05923598
-715.87458746	0.03651887
-715.84158416	0.01023758
-715.80858086	-0.01747707
-715.77557756	-0.04449924
-715.74257426	-0.06880816
-715.70957096	-0.08922892
-715.67656766	-0.10488219
-715.64356436	-0.11629609
-715.61056106	-0.12414796
-715.57755776	-0.12882266
-715.54455446	-0.13037253
-715.51155116	-0.12787041
-715.47854785	-0.12042363
-715.44554455	-0.10814566
-715.41254125	-0.09189827
-715.37953795	-0.07401090
-715.34653465	-0.05773652
-715.31353135	-0.04536606
-715.28052805	-0.03802585
-715.24752475	-0.03550852
-715.21452145	-0.03669639
-715.18151815	-0.03937261
-715.14851485	-0.04177939
-715.11551155	-0.04199741
-715.08250825	-0.03875071
-715.04950495	-0.03065910
-715.01650165	-0.01764883
-714.98349835	-0.00040749
-714.95049505	0.02007803
-714.91749175	0.04173118
-714.88448845	0.06196955
-714.85148515	0.07789591
-714.81848185	0.08721512
-714.78547855	0.08861266
-714.75247525	0.08224442
-714.71947195	0.07005638
-714.68646865	0.05397686
-714.65346535	0.03705795
-714.62046205	0.02198179
-714.58745875	0.01054473
-714.55445545	0.00465803
-714.52145215	0.00441679
-714.48844884	0.00909766
-714.45544554	0.01717408
-714.42244224	0.02725071
-714.38943894	0.03861972
-714.35643564	0.05067210
-714.32343234	0.06298829
-714.29042904	0.07499629
-714.25742574	0.08584832
-714.22442244	0.09505098
-714.19141914	0.10254479
-714.15841584	0.10954635
-714.12541254	0.11663715
-714.09240924	0.12436175
-714.05940594	0.13188972
-714.02640264	0.13658876
-713.99339934	0.13510900
-713.96039604	0.12389990
-713.92739274	0.10030978
-713.89438944	0.06464444
-713.86138614	0.01958553
-713.82838284	-0.03076053
-713.79537954	-0.08061404
-713.76237624	-0.12525647
-713.72937294	-0.16028948
-713.69636964	-0.18273477
-713.66336634	-0.19157357
-713.63036304	-0.18708471
-713.59735974	-0.17189444
-713.56435644	-0.14920862
-713.53135314	-0.12290726
-713.49834983	-0.09691054
-713.46534653	-0.07466548
-713.43234323	-0.05859172
-713.39933993	-0.04932008
-713.36633663	-0.04619876
-713.33333333	-0.04704115
-713.30033003	-0.04801771
-713.26732673	-0.04583636
-713.23432343	-0.03812831
-713.20132013	-0.02428630
-713.16831683	-0.00634031
-713.13531353	0.01243968
-713.10231023	0.02845090
-713.06930693	0.03868703
-713.03630363	0.04176464
-713.00330033	0.03764305
-712.97029703	0.02831400
-712.93729373	0.01650072
-712.90429043	0.00617380
-712.87128713	0.00059037
-712.83828383	0.00137088
-712.80528053	0.00805177
-712.77227723	0.01845397
-712.73927393	0.02913005
-712.70627063	0.03716631
-712.67326733	0.04130710
-712.64026403	0.04163197
-712.60726073	0.03994676
-712.57425743	0.03857384
-712.54125413	0.03924528
-712.50825083	0.04221739
-712.47524752	0.04694732
-712.44224422	0.05187832
-712.40924092	0.05543873
-712.37623762	0.05686422
-712.34323432	0.05523215
-712.31023102	0.05047290
-712.27722772	0.04327735
-712.24422442	0.03416355
-712.21122112	0.02461345
-712.17821782	0.01583069
-712.14521452	0.00836693
-712.11221122	0.00152541
-712.07920792	-0.00560181
-712.04620462	-0.01430650
-712.01320132	-0.02537967
-711.98019802	-0.03760863
-711.94719472	-0.04899453
-711.91419142	-0.05698586
-711.88118812	-0.05990158
-711.84818482	-0.05829965
-711.81518152	-0.05438259
-711.78217822	-0.05158561
-711.74917492	-0.05254263
-711.71617162	-0.05839536
-711.68316832	-0.06855079
-711.65016502	-0.08028372
-711.61716172	-0.09039128
-711.58415842	-0.09604038
-711.55115512	-0.09559864
-711.51815182	-0.08884414
-711.48514851	-0.07574175
-711.45214521	-0.05756193
-711.41914191	-0.03480676
-711.38613861	-0.00825500
-711.35313531	0.02105398
-711.32013201	0.05185152
-711.28712871	0.08278477
-711.25412541	0.11166120
-711.22112211	0.13677855
-711.18811881	0.15559587
-711.15511551	0.16626172
-711.12211221	0.16704870
-711.08910891	0.15724718
-711.05610561	0.13702334
-711.02310231	0.10703143
-710.99009901	0.06808583
-710.95709571	0.02275193
-710.92409241	-0.02596549
-710.89108911	-0.07327089
-710.85808581	-0.11431054
-710.82508251	-0.14368817
-710.79207921	-0.15792407
-710.75907591	-0.15592595
-710.72607261	-0.13828379
-710.69306931	-0.10805666
-710.66006601	-0.06890252
-710.62706271	-0.02511262
-710.59405941	0.01935463
-710.56105611	0.06118342
-710.52805281	0.09776636
-710.49504950	0.12702762
-710.46204620	0.14717152
-710.42904290	0.15630892
-710.39603960	0.15338224
-710.36303630	0.13796938
-710.33003300	0.11090938
-710.29702970	0.07534505
-710.26402640	0.03496915
-710.23102310	-0.00596230
-710.19801980	-0.04387072
-710.16501650	-0.07565128
-710.13201320	-0.09903423
-710.09900990	-0.11279263
-710.06600660	-0.11625145
-710.03300330	-0.11038113
-710.00000000	-0.09670296
-709.96699670	-0.07767317
-709.93399340	-0.05635045
-709.90099010	-0.03560480
-709.86798680	-0.01820482
-709.83498350	-0.00574470
-709.80198020	0.00070367
-709.76897690	0.00127376
-709.73597360	-0.00336751
-709.70297030	-0.01217130
-709.66996700	-0.02282838
-709.63696370	-0.03299262
-709.60396040	-0.03913564
-709.57095710	-0.03816485
-709.53795380	-0.02882678
-709.50495050	-0.01027490
-709.47194719	0.01434092
-709.43894389	0.04116566
-709.40594059	0.06565186
-709.37293729	0.08351381
-709.33993399	0.09125857
-709.30693069	0.08814788
-709.27392739	0.07460825
-709.24092409	0.05264442
-709.20792079	0.02580413
-709.17491749	-0.00238007
-709.14191419	-0.02919937
-709.10891089	-0.05161065
-709.07590759	-0.06719956
-709.04290429	-0.07470448
-709.00990099	-0.07264450
-708.97689769	-0.06043115
-708.94389439	-0.03881613
-708.91089109	-0.00893874
-708.87788779	0.02698993
-708.84488449	0.06622982
-708.81188119	0.10489376
-708.77887789	0.13944432
-708.74587459	0.16594077
-708.71287129	0.18072239
-708.67986799	0.18204095
-708.64686469	0.16793867
-708.61386139	0.13877959
-708.58085809	0.09710163
-708.54785479	0.04768941
-708.51485149	-0.00353353
-708.48184818	-0.04906743
-708.44884488	-0.08330770
-708.41584158	-0.10336539
-708.38283828	-0.10873110
-708.34983498	-0.10194856
-708.31683168	-0.08721492
-708.28382838	-0.06951053
-708.25082508	-0.05398299
-708.21782178	-0.04505344
-708.18481848	-0.04594007
-708.15181518	-0.05759760
-708.11881188	-0.07773371
-708.08580858	-0.10203796
-708.05280528	-0.12454358
-708.01980198	-0.13951440
-707.98679868	-0.14354320
-707.95379538	-0.13508974
-707.92079208	-0.11491950
-707.88778878	-0.08530840
-707.85478548	-0.04959810
-707.82178218	-0.01107959
-707.78877888	0.02715982
-707.75577558	0.06252761
-707.72277228	0.09361110
-707.68976898	0.11929768
-707.65676568	0.13884323
-707.62376238	0.15056139
-707.59075908	0.15301579
-707.55775578	0.14454677
-707.52475248	0.12467618
-707.49174917	0.09437622
-707.45874587	0.05603041
-707.42574257	0.01373798
-707.39273927	-0.02822172
-707.35973597	-0.06519388
-707.32673267	-0.09321271
-707.29372937	-0.10954954
-707.26072607	-0.11305280
-707.22772277	-0.10344069
-707.19471947	-0.08159392
-707.16171617	-0.04909795
-707.12871287	-0.00798096
-707.09570957	0.03862334
-707.06270627	0.08646805
-707.02970297	0.13072292
-706.99669967	0.16632497
-706.96369637	0.18852333
-706.93069307	0.19425913
-706.89768977	0.18233222
-706.86468647	0.15384955
-706.83168317	0.11228014
-706.79867987	0.06277591
-706.76567657	0.01133766
-706.73267327	-0.03601606
-706.69966997	-0.07510899
-706.66666667	-0.10442659
-706.63366337	-0.12358557
-706.60066007	-0.13442298
-706.56765677	-0.13921883
-706.53465347	-0.14011479
-706.50165017	-0.13902905
-706.46864686	-0.13745853
-706.43564356	-0.13599574
-706.40264026	-0.13317567
-706.36963696	-0.12699641
-706.33663366	-0.11452811
-706.30363036	-0.09361499
-706.27062706	-0.06421750
-706.23762376	-0.02811018
-706.20462046	0.01085160
-706.17161716	0.04821648
-706.13861386	0.08000734
-706.10561056	0.10328575
-706.07260726	0.11680868
-706.03960396	0.12046051
-706.00660066	0.11495974
-705.97359736	0.10154096
-705.94059406	0.08180662
-705.90759076	0.05792763
-705.87458746	0.03264083
-705.84158416	0.00892313
-705.80858086	-0.01025012
-705.77557756	-0.02225768
-705.74257426	-0.02687093
-705.70957096	-0.02471524
-705.67656766	-0.01788932
-705.64356436	-0.01066239
-705.61056106	-0.00561109
-705.57755776	-0.00493305
-705.54455446	-0.00932848
-705.51155116	-0.01799807
-705.47854785	-0.02889723
-705.44554455	-0.03939957
-705.41254125	-0.04658081
-705.37953795	-0.04754673
-705.34653465	-0.04135173
-705.31353135	-0.02791128
-705.28052805	-0.00885344
-705.24752475	0.01358123
-705.21452145	0.03679273
-705.18151815	0.05847778
-705.14851485	0.07650514
-705.11551155	0.08961586
-705.08250825	0.09652233
-705.04950495	0.09649926
-705.01650165	0.08929394
-704.98349835	0.07501915
-704.95049505	0.05495050
-704.91749175	0.03093247
-704.88448845	0.00504066
-704.85148515	-0.01998222
-704.81848185	-0.04193258
-704.78547855	-0.05918954
-704.75247525	-0.07076443
-704.71947195	-0.07699485
-704.68646865	-0.07820823
-704.65346535	-0.07550624
-704.62046205	-0.06947988
-704.58745875	-0.06115334
-704.55445545	-0.05170552
-704.52145215	-0.04219802
-704.48844884	-0.03346009
-704.45544554	-0.02634846
-704.42244224	-0.02102740
-704.38943894	-0.01733855
-704.35643564	-0.01483238
-704.32343234	-0.01302942
-704.29042904	-0.01108640
-704.25742574	-0.00818983
-704.22442244	-0.00385038
-704.19141914	0.00207324
-704.15841584	0.00894702
-704.12541254	0.01594962
-704.09240924	0.02210297
-704.05940594	0.02651880
-704.02640264	0.02840178
-703.99339934	0.02698237
-703.96039604	0.02190071
-703.92739274	0.01309694
-703.89438944	0.00141754
-703.86138614	-0.01205337
-703.82838284	-0.02523952
-703.79537954	-0.03628581
-703.76237624	-0.04339417
-703.72937294	-0.04507130
-703.69636964	-0.04079570
-703.66336634	-0.03058031
-703.63036304	-0.01494929
-703.59735974	0.00504091
-703.56435644	0.02763190
-703.53135314	0.05178129
-703.49834983	0.07604981
-703.46534653	0.09841570
-703.43234323	0.11687420
-703.39933993	0.12907081
-703.36633663	0.13292748
-703.33333333	0.12737870
-703.30033003	0.11263952
-703.26732673	0.09048597
-703.23432343	0.06352437
-703.20132013	0.03478568
-703.16831683	0.00680189
-703.13531353	-0.01861463
-703.10231023	-0.03998614
-703.06930693	-0.05694144
-703.03630363	-0.06930756
-703.00330033	-0.07599723
-702.97029703	-0.07756350
-702.93729373	-0.07431253
-702.90429043	-0.06761149
-702.87128713	-0.05990142
-702.83828383	-0.05364623
-702.80528053	-0.05040885
-702.77227723	-0.05039195
-702.73927393	-0.05253566
-702.70627063	-0.05411613
-702.67326733	-0.05262444
-702.64026403	-0.04622393
-702.60726073	-0.03488877
-702.57425743	-0.02039173
-702.54125413	-0.00573162
-702.50825083	0.00631279
-702.47524752	0.01323588
-702.44224422	0.01410233
-702.40924092	0.00951164
-702.37623762	0.00134494
-702.34323432	-0.00843573
-702.31023102	-0.01805508
-702.27722772	-0.02521579
-702.24422442	-0.02924804
-702.21122112	-0.02919155
-702.17821782	-0.02454648
-702.14521452	-0.01566031
-702.11221122	-0.00276261
-702.07920792	0.01312740
-702.04620462	0.03082409
-702.01320132	0.04890034
-701.98019802	0.06571562
-701.94719472	0.07995535
-701.91419142	0.09024144
-701.88118812	0.09565120
-701.84818482	0.09573949
-701.81518152	0.09000286
-701.78217822	0.07883781
-701.74917492	0.06283888
-701.71617162	0.04279659
-701.68316832	0.01994518
-701.65016502	-0.00400519
-701.61716172	-0.02661478
-701.58415842	-0.04557402
-701.55115512	-0.05905967
-701.51815182	-0.06529814
-701.48514851	-0.06455509
-701.45214521	-0.05818831
-701.41914191	-0.04810506
-701.38613861	-0.03642159
-701.35313531	-0.02503497
-701.32013201	-0.01498126
-701.28712871	-0.00688474
-701.25412541	-0.00111358
-701.22112211	0.00170428
-701.18811881	0.00129080
-701.15511551	-0.00219609
-701.12211221	-0.00869119
-701.08910891	-0.01717757
-701.05610561	-0.02612048
-701.02310231	-0.03481447
-700.99009901	-0.04193853
-700.95709571	-0.04647355
-700.92409241	-0.04810101
-700.89108911	-0.04593311
-700.85808581	-0.03993500
-700.82508251	-0.03020269
-700.79207921	-0.01699054
-700.75907591	-0.00159122
-700.72607261	0.01435805
-700.69306931	0.02898077
-700.66006601	0.03977911
-700.62706271	0.04535581
-700.59405941	0.04486086
-700.56105611	0.03868544
-700.52805281	0.02815742
-700.49504950	0.01531172
-700.46204620	0.00239395
-700.42904290	-0.00900556
-700.39603960	-0.01693810
-700.36303630	-0.02122161
-700.33003300	-0.02199130
-700.29702970	-0.01989890
-700.26402640	-0.01579138
-700.23102310	-0.01052540
-700.19801980	-0.00468421
-700.16501650	0.00199819
-700.13201320	0.00950604
-700.09900990	0.01794770
-700.06600660	0.02720679
-700.03300330	0.03671950
-700.00000000	0.04533024
-699.96699670	0.05192719
-699.93399340	0.05549663
-699.90099010	0.05520853
-699.86798680	0.05072165
-699.83498350	0.04260445
-699.80198020	0.03165659
-699.76897690	0.01930905
-699.73597360	0.00637467
-699.70297030	-0.00589115
-699.66996700	-0.01657589
-699.63696370	-0.02504946
-699.60396040	-0.03061843
-699.57095710	-0.03314907
-699.53795380	-0.03241717
-699.50495050	-0.02876966
-699.47194719	-0.02271786
-699.43894389	-0.01513316
-699.40594059	-0.00732652
-699.37293729	-0.00012614
-699.33993399	0.00520777
-699.30693069	0.00846171
-699.27392739	0.00975436
-699.24092409	0.00903488
-699.20792079	0.00667350
-699.17491749	0.00261821
-699.14191419	-0.00309357
-699.10891089	-0.00997639
-699.07590759	-0.01734419
-699.04290429	-0.02456457
-699.00990099	-0.03074864
-698.97689769	-0.03545650
-698.94389439	-0.03896919
-698.91089109	-0.04150167
-698.87788779	-0.04331887
-698.84488449	-0.04472735
-698.81188119	-0.04560542
-698.77887789	-0.04573595
-698.74587459	-0.04514036
-698.71287129	-0.04376861
-698.67986799	-0.04161076
-698.64686469	-0.03883795
-698.61386139	-0.03548706
-698.58085809	-0.03124224
-698.54785479	-0.02625050
-698.51485149	-0.02036803
-698.48184818	-0.01273212
-698.44884488	-0.00250992
-698.41584158	0.01105846
-698.38283828	0.02871458
-698.34983498	0.04943608
-698.31683168	0.07160909
-698.28382838	0.09247980
-698.25082508	0.10901466
-698.21782178	0.11857213
-698.18481848	0.11890600
-698.15181518	0.10954700
-698.11881188	0.09068021
-698.08580858	0.06402939
-698.05280528	0.03216799
-698.01980198	-0.00109790
-697.98679868	-0.03179484
-697.95379538	-0.05548350
-697.92079208	-0.06886215
-697.88778878	-0.07053177
-697.85478548	-0.05986581
-697.82178218	-0.03943281
-697.78877888	-0.01263266
-697.75577558	0.01616391
-697.72277228	0.04301568
-697.68976898	0.06328705
-697.65676568	0.07385683
-697.62376238	0.07342977
-697.59075908	0.06139152
-697.55775578	0.03908509
-697.52475248	0.00965077
-697.49174917	-0.02335583
-697.45874587	-0.05578501
-697.42574257	-0.08348281
-697.39273927	-0.10350963
-697.35973597	-0.11388866
-697.32673267	-0.11400598
-697.29372937	-0.10486963
-697.26072607	-0.08854406
-697.22772277	-0.06791893
-697.19471947	-0.04647543
-697.16171617	-0.02696440
-697.12871287	-0.01155508
-697.09570957	-0.00090861
-697.06270627	0.00568590
-697.02970297	0.00902208
-696.99669967	0.01065522
-696.96369637	0.01264437
-696.93069307	0.01557614
-696.89768977	0.02044595
-696.86468647	0.02725970
-696.83168317	0.03493105
-696.79867987	0.04246785
-696.76567657	0.04835059
-696.73267327	0.05171094
-696.69966997	0.05251294
-696.66666667	0.05135139
-696.63366337	0.04940108
-696.60066007	0.04803265
-696.56765677	0.04777985
-696.53465347	0.04869862
-696.50165017	0.05017147
-696.46864686	0.05107500
-696.43564356	0.05071021
-696.40264026	0.04814554
-696.36963696	0.04252702
-696.33663366	0.03328840
-696.30363036	0.02083329
-696.27062706	0.00565644
-696.23762376	-0.01058135
-696.20462046	-0.02593433
-696.17161716	-0.03871256
-696.13861386	-0.04749998
-696.10561056	-0.05103971
-696.07260726	-0.04943806
-696.03960396	-0.04337221
-696.00660066	-0.03364839
-695.97359736	-0.02191961
-695.94059406	-0.00924252
-695.90759076	0.00313767
-695.87458746	0.01418124
-695.84158416	0.02265226
-695.80858086	0.02805285
-695.77557756	0.02961896
-695.74257426	0.02696131
-695.70957096	0.02066525
-695.67656766	0.01141832
-695.64356436	0.00059374
-695.61056106	-0.01001238
-695.57755776	-0.01895824
-695.54455446	-0.02535679
-695.51155116	-0.02834137
-695.47854785	-0.02853647
-695.44554455	-0.02697515
-695.41254125	-0.02508754
-695.37953795	-0.02462205
-695.34653465	-0.02603552
-695.31353135	-0.02892072
-695.28052805	-0.03305072
-695.24752475	-0.03660772
-695.21452145	-0.03847225
-695.18151815	-0.03764538
-695.14851485	-0.03269450
-695.11551155	-0.02375072
-695.08250825	-0.01058675
-695.04950495	0.00611872
-695.01650165	0.02485369
-694.98349835	0.04386968
-694.95049505	0.06088016
-694.91749175	0.07410031
-694.88448845	0.08153094
-694.85148515	0.08233233
-694.81848185	0.07646340
-694.78547855	0.06440722
-694.75247525	0.04799780
-694.71947195	0.02924746
-694.68646865	0.01055029
-694.65346535	-0.00627386
-694.62046205	-0.01968315
-694.58745875	-0.02928158
-694.55445545	-0.03489456
-694.52145215	-0.03701876
-694.48844884	-0.03617009
-694.45544554	-0.03325779
-694.42244224	-0.02860647
-694.38943894	-0.02270946
-694.35643564	-0.01597663
-694.32343234	-0.00828338
-694.29042904	0.00059921
-694.25742574	0.00996341
-694.22442244	0.01994770
-694.19141914	0.02981162
-694.15841584	0.03884977
-694.12541254	0.04629831
-694.09240924	0.05149142
-694.05940594	0.05353615
-694.02640264	0.05202039
-693.99339934	0.04672464
-693.96039604	0.03755042
-693.92739274	0.02528214
-693.89438944	0.01101561
-693.86138614	-0.00438795
-693.82838284	-0.01919004
-693.79537954	-0.03262204
-693.76237624	-0.04380775
-693.72937294	-0.05261535
-693.69636964	-0.05891562
-693.66336634	-0.06333065
-693.63036304	-0.06606146
-693.59735974	-0.06713834
-693.56435644	-0.06677936
-693.53135314	-0.06462276
-693.49834983	-0.06090776
-693.46534653	-0.05584525
-693.43234323	-0.04929397
-693.39933993	-0.04145894
-693.36633663	-0.03214173
-693.33333333	-0.02124624
-693.30033003	-0.00924738
-693.26732673	0.00334061
-693.23432343	0.01479789
-693.20132013	0.02403068
-693.16831683	0.02925930
-693.13531353	0.03028717
-693.10231023	0.02743635
-693.06930693	0.02149413
-693.03630363	0.01474673
-693.00330033	0.00889310
-692.97029703	0.00539212
-692.93729373	0.00552470
-692.90429043	0.00973691
-692.87128713	0.01724763
-692.83828383	0.02700254
-692.80528053	0.03747602
-692.77227723	0.04688427
-692.73927393	0.05348435
-692.70627063	0.05591389
-692.67326733	0.05328828
-692.64026403	0.04573896
-692.60726073	0.03359444
-692.57425743	0.01866634
-692.54125413	0.00295519
-692.50825083	-0.01158614
-692.47524752	-0.02314154
-692.44224422	-0.03074043
-692.40924092	-0.03443196
-692.37623762	-0.03497473
-692.34323432	-0.03331702
-692.31023102	-0.03019291
-692.27722772	-0.02688292
-692.24422442	-0.02369505
-692.21122112	-0.02120588
-692.17821782	-0.02007100
-692.14521452	-0.01998393
-692.11221122	-0.02141369
-692.07920792	-0.02363290
-692.04620462	-0.02649625
-692.01320132	-0.02970467
-691.98019802	-0.03291319
-691.94719472	-0.03601419
-691.91419142	-0.03883712
-691.88118812	-0.04111697
-691.84818482	-0.04225175
-691.81518152	-0.04192392
-691.78217822	-0.03991456
-691.74917492	-0.03601337
-691.71617162	-0.03072014
-691.68316832	-0.02409686
-691.65016502	-0.01642024
-691.61716172	-0.00775096
-691.58415842	0.00182308
-691.55115512	0.01201067
-691.51815182	0.02209280
-691.48514851	0.03155262
-691.45214521	0.03946469
-691.41914191	0.04552083
-691.38613861	0.04916232
-691.35313531	0.05065441
-691.32013201	0.04983718
-691.28712871	0.04688613
-691.25412541	0.04227522
-691.22112211	0.03660631
-691.18811881	0.03077209
-691.15511551	0.02604467
-691.12211221	0.02312718
-691.08910891	0.02226919
-691.05610561	0.02337209
-691.02310231	0.02571768
-690.99009901	0.02829722
-690.95709571	0.03009731
-690.92409241	0.03021047
-690.89108911	0.02770384
-690.85808581	0.02240547
-690.82508251	0.01479681
-690.79207921	0.00553133
-690.75907591	-0.00379656
-690.72607261	-0.01135044
-690.69306931	-0.01596016
-690.66006601	-0.01697001
-690.62706271	-0.01455360
-690.59405941	-0.00928400
-690.56105611	-0.00229094
-690.52805281	0.00501117
-690.49504950	0.01140175
-690.46204620	0.01526965
-690.42904290	0.01548272
-690.39603960	0.01157306
-690.36303630	0.00350221
-690.33003300	-0.00784041
-690.29702970	-0.02095251
-690.26402640	-0.03432904
-690.23102310	-0.04605197
-690.19801980	-0.05413444
-690.16501650	-0.05703821
-690.13201320	-0.05353010
-690.09900990	-0.04346729
-690.06600660	-0.02735055
-690.03300330	-0.00691989
-690.00000000	0.01479070
-689.96699670	0.03452737
-689.93399340	0.04920810
-689.90099010	0.05667370
-689.86798680	0.05558057
-689.83498350	0.04559095
-689.80198020	0.02844506
-689.76897690	0.00620989
-689.73597360	-0.01830151
-689.70297030	-0.04102065
-689.66996700	-0.05881029
-689.63696370	-0.06908604
-689.60396040	-0.07052084
-689.57095710	-0.06389380
-689.53795380	-0.05091984
-689.50495050	-0.03426128
-689.47194719	-0.01652986
-689.43894389	0.00032346
-689.40594059	0.01442452
-689.37293729	0.02565221
-689.33993399	0.03281232
-689.30693069	0.03641551
-689.27392739	0.03684636
-689.24092409	0.03451916
-689.20792079	0.03057832
-689.17491749	0.02590869
-689.14191419	0.02126814
-689.10891089	0.01710159
-689.07590759	0.01330996
-689.04290429	0.01008359
-689.00990099	0.00716875
-688.97689769	0.00441809
-688.94389439	0.00182329
-688.91089109	-0.00078711
-688.87788779	-0.00326881
-688.84488449	-0.00549791
-688.81188119	-0.00664950
-688.77887789	-0.00585584
-688.74587459	-0.00306273
-688.71287129	0.00179905
-688.67986799	0.00762269
-688.64686469	0.01392710
-688.61386139	0.01866365
-688.58085809	0.02081531
-688.54785479	0.01965119
-688.51485149	0.01493729
-688.48184818	0.00713718
-688.44884488	-0.00284638
-688.41584158	-0.01325350
-688.38283828	-0.02291688
-688.34983498	-0.03066461
-688.31683168	-0.03599957
-688.28382838	-0.03901920
-688.25082508	-0.03976897
-688.21782178	-0.03931874
-688.18481848	-0.03795514
-688.15181518	-0.03623556
-688.11881188	-0.03458997
-688.08580858	-0.03301487
-688.05280528	-0.03178389
-688.01980198	-0.03070553
-687.98679868	-0.02969881
-687.95379538	-0.02895469
-687.92079208	-0.02761220
-687.88778878	-0.02566434
-687.85478548	-0.02223719
-687.82178218	-0.01644631
-687.78877888	-0.00762717
-687.75577558	0.00394295
-687.72277228	0.01778378
-687.68976898	0.03254044
-687.65676568	0.04691185
-687.62376238	0.05882610
-687.59075908	0.06728097
-687.55775578	0.07174200
-687.52475248	0.07193858
-687.49174917	0.06849745
-687.45874587	0.06173961
-687.42574257	0.05264889
-687.39273927	0.04124619
-687.35973597	0.02848647
-687.32673267	0.01524436
-687.29372937	0.00249469
-687.26072607	-0.00876925
-687.22772277	-0.01766287
-687.19471947	-0.02392646
-687.16171617	-0.02739592
-687.12871287	-0.02825640
-687.09570957	-0.02607843
-687.06270627	-0.02095148
-687.02970297	-0.01325279
-686.99669967	-0.00347226
-686.96369637	0.00672057
-686.93069307	0.01551492
-686.89768977	0.02100338
-686.86468647	0.02194178
-686.83168317	0.01749608
-686.79867987	0.00843440
-686.76567657	-0.00432300
-686.73267327	-0.01873404
-686.69966997	-0.03304467
-686.66666667	-0.04556636
-686.63366337	-0.05486703
-686.60066007	-0.05996508
-686.56765677	-0.06062807
-686.53465347	-0.05626105
-686.50165017	-0.04793148
-686.46864686	-0.03667946
-686.43564356	-0.02415420
-686.40264026	-0.01244770
-686.36963696	-0.00310382
-686.33663366	0.00302208
-686.30363036	0.00549173
-686.27062706	0.00470528
-686.23762376	0.00133182
-686.20462046	-0.00380474
-686.17161716	-0.00985941
-686.13861386	-0.01552887
-686.10561056	-0.02021311
-686.07260726	-0.02284987
-686.03960396	-0.02249086
-686.00660066	-0.01887526
-685.97359736	-0.01143627
-685.94059406	-0.00088298
-685.90759076	0.01194822
-685.87458746	0.02597071
-685.84158416	0.03973026
-685.80858086	0.05200798
-685.77557756	0.06159045
-685.74257426	0.06785351
-685.70957096	0.06973582
-685.67656766	0.06758114
-685.64356436	0.06078993
-685.61056106	0.05026647
-685.57755776	0.03639896
-685.54455446	0.02054390
-685.51155116	0.00440113
-685.47854785	-0.01066579
-685.44554455	-0.02260456
-685.41254125	-0.03058049
-685.37953795	-0.03328901
-685.34653465	-0.03129821
-685.31353135	-0.02489998
-685.28052805	-0.01532266
-685.24752475	-0.00404756
-685.21452145	0.00804938
-685.18151815	0.01966195
-685.14851485	0.03058051
-685.11551155	0.03983834
-685.08250825	0.04751525
-685.04950495	0.05321569
-685.01650165	0.05658601
-684.98349835	0.05749762
-684.95049505	0.05568126
-684.91749175	0.05134395
-684.88448845	0.04507174
-684.85148515	0.03758699
-684.81848185	0.03009091
-684.78547855	0.02334492
-684.75247525	0.01814220
-684.71947195	0.01519069
-684.68646865	0.01443415
-684.65346535	0.01555651
-684.62046205	0.01744074
-684.58745875	0.01923422
-684.55445545	0.01972854
-684.52145215	0.01796845
-684.48844884	0.01441068
-684.45544554	0.00964301
-684.42244224	0.00449091
-684.38943894	-0.00008372
-684.35643564	-0.00371695
-684.32343234	-0.00643738
-684.29042904	-0.00815578
-684.25742574	-0.00931114
-684.22442244	-0.00960341
-684.19141914	-0.00907550
-684.15841584	-0.00761303
-684.12541254	-0.00520782
-684.09240924	-0.00245020
-684.05940594	0.00023452
-684.02640264	0.00210027
-683.99339934	0.00303652
-683.96039604	0.00316664
-683.92739274	0.00338388
-683.89438944	0.00362981
-683.86138614	0.00464346
-683.82838284	0.00605615
-683.79537954	0.00742032
-683.76237624	0.00865598
-683.72937294	0.00940619
-683.69636964	0.01031923
-683.66336634	0.01084311
-683.63036304	0.01129591
-683.59735974	0.01069206
-683.56435644	0.00880202
-683.53135314	0.00496368
-683.49834983	-0.00086264
-683.46534653	-0.00819164
-683.43234323	-0.01655025
-683.39933993	-0.02448078
-683.36633663	-0.03141696
-683.33333333	-0.03609016
-683.30033003	-0.03842520
-683.26732673	-0.03853521
-683.23432343	-0.03695827
-683.20132013	-0.03494037
-683.16831683	-0.03317571
-683.13531353	-0.03240517
-683.10231023	-0.03354525
-683.06930693	-0.03635612
-683.03630363	-0.04099793
-683.00330033	-0.04678029
-682.97029703	-0.05252844
-682.93729373	-0.05732841
-682.90429043	-0.05954439
-682.87128713	-0.05842594
-682.83828383	-0.05358381
-682.80528053	-0.04548297
-682.77227723	-0.03499610
-682.73927393	-0.02400301
-682.70627063	-0.01433627
-682.67326733	-0.00771698
-682.64026403	-0.00508221
-682.60726073	-0.00703926
-682.57425743	-0.01299927
-682.54125413	-0.02191997
-682.50825083	-0.03291951
-682.47524752	-0.04413534
-682.44224422	-0.05394628
-682.40924092	-0.06070176
-682.37623762	-0.06326147
-682.34323432	-0.06052876
-682.31023102	-0.05236474
-682.27722772	-0.03980101
-682.24422442	-0.02360759
-682.21122112	-0.00576942
-682.17821782	0.01202994
-682.14521452	0.02803817
-682.11221122	0.04060675
-682.07920792	0.04910724
-682.04620462	0.05359950
-682.01320132	0.05430059
-681.98019802	0.05204696
-681.94719472	0.04705997
-681.91419142	0.03967679
-681.88118812	0.03009672
-681.84818482	0.01890991
-681.81518152	0.00674593
-681.78217822	-0.00511572
-681.74917492	-0.01600410
-681.71617162	-0.02421941
-681.68316832	-0.02972898
-681.65016502	-0.03248963
-681.61716172	-0.03264931
-681.58415842	-0.03130378
-681.55115512	-0.02897205
-681.51815182	-0.02647189
-681.48514851	-0.02431486
-681.45214521	-0.02282326
-681.41914191	-0.02234499
-681.38613861	-0.02251874
-681.35313531	-0.02319139
-681.32013201	-0.02385066
-681.28712871	-0.02443159
-681.25412541	-0.02382028
-681.22112211	-0.02238850
-681.18811881	-0.01907695
-681.15511551	-0.01468849
-681.12211221	-0.00825915
-681.08910891	-0.00103255
-681.05610561	0.00707474
-681.02310231	0.01497304
-680.99009901	0.02180178
-680.95709571	0.02678084
-680.92409241	0.02951460
-680.89108911	0.02990202
-680.85808581	0.02822375
-680.82508251	0.02479827
-680.79207921	0.01992259
-680.75907591	0.01408569
-680.72607261	0.00844809
-680.69306931	0.00378498
-680.66006601	0.00115462
-680.62706271	0.00127882
-680.59405941	0.00419746
-680.56105611	0.00922135
-680.52805281	0.01541979
-680.49504950	0.02160378
-680.46204620	0.02671181
-680.42904290	0.03010039
-680.39603960	0.03191993
-680.36303630	0.03213981
-680.33003300	0.03133834
-680.29702970	0.03008198
-680.26402640	0.02856997
-680.23102310	0.02697922
-680.19801980	0.02562108
-680.16501650	0.02441379
-680.13201320	0.02336394
-680.09900990	0.02244102
-680.06600660	0.02143455
-680.03300330	0.01956020
-680.00000000	0.01672041
-679.96699670	0.01202163
-679.93399340	0.00572436
-679.90099010	-0.00190570
-679.86798680	-0.01013983
-679.83498350	-0.01754023
-679.80198020	-0.02350849
-679.76897690	-0.02659086
-679.73597360	-0.02655584
-679.70297030	-0.02325711
-679.66996700	-0.01746534
-679.63696370	-0.00982023
-679.60396040	-0.00171054
-679.57095710	0.00622889
-679.53795380	0.01325762
-679.50495050	0.01991916
-679.47194719	0.02603123
-679.43894389	0.03181222
-679.40594059	0.03678406
-679.37293729	0.04057556
-679.33993399	0.04208428
-679.30693069	0.04080254
-679.27392739	0.03637910
-679.24092409	0.02898131
-679.20792079	0.01910570
-679.17491749	0.00800520
-679.14191419	-0.00380240
-679.10891089	-0.01491664
-679.07590759	-0.02489705
-679.04290429	-0.03290725
-679.00990099	-0.03825450
-678.97689769	-0.04062467
-678.94389439	-0.03953777
-678.91089109	-0.03509826
-678.87788779	-0.02757837
-678.84488449	-0.01779077
-678.81188119	-0.00634956
-678.77887789	0.00538615
-678.74587459	0.01681640
-678.71287129	0.02691083
-678.67986799	0.03544614
-678.64686469	0.04194502
-678.61386139	0.04692261
-678.58085809	0.05005535
-678.54785479	0.05171696
-678.51485149	0.05161387
-678.48184818	0.04975330
-678.44884488	0.04591135
-678.41584158	0.04038478
-678.38283828	0.03357779
-678.34983498	0.02585664
-678.31683168	0.01740899
-678.28382838	0.00884506
-678.25082508	0.00011956
-678.21782178	-0.00790634
-678.18481848	-0.01488227
-678.15181518	-0.02014342
-678.11881188	-0.02342288
-678.08580858	-0.02485688
-678.05280528	-0.02476750
-678.01980198	-0.02376660
-677.98679868	-0.02224058
-677.95379538	-0.02023971
-677.92079208	-0.01770265
-677.88778878	-0.01418826
-677.85478548	-0.00994042
-677.82178218	-0.00505155
-677.78877888	-0.00008996
-677.75577558	0.00391248
-677.72277228	0.00653134
-677.68976898	0.00725565
-677.65676568	0.00588077
-677.62376238	0.00305544
-677.59075908	-0.00104134
-677.55775578	-0.00572264
-677.52475248	-0.01092635
-677.49174917	-0.01707709
-677.45874587	-0.02437948
-677.42574257	-0.03260300
-677.39273927	-0.04123866
-677.35973597	-0.04906228
-677.32673267	-0.05406718
-677.29372937	-0.05513924
-677.26072607	-0.05125461
-677.22772277	-0.04314229
-677.19471947	-0.03143472
-677.16171617	-0.01815013
-677.12871287	-0.00442070
-677.09570957	0.00815532
-677.06270627	0.01924349
-677.02970297	0.02820064
-676.99669967	0.03488587
-676.96369637	0.03982083
-676.93069307	0.04334612
-676.89768977	0.04604911
-676.86468647	0.04783267
-676.83168317	0.04941379
-676.79867987	0.04972382
-676.76567657	0.04896630
-676.73267327	0.04653008
-676.69966997	0.04224501
-676.66666667	0.03666657
-676.63366337	0.03046712
-676.60066007	0.02435753
-676.56765677	0.01887374
-676.53465347	0.01428095
-676.50165017	0.01042607
-676.46864686	0.00713736
-676.43564356	0.00413201
-676.40264026	0.00116551
-676.36963696	-0.00161126
-676.33663366	-0.00463121
-676.30363036	-0.00745474
-676.27062706	-0.01084246
-676.23762376	-0.01432318
-676.20462046	-0.01847538
-676.17161716	-0.02284920
-676.13861386	-0.02701951
-676.10561056	-0.03073216
-676.07260726	-0.03300452
-676.03960396	-0.03332347
-676.00660066	-0.03172786
-675.97359736	-0.02751125
-675.94059406	-0.02151693
-675.90759076	-0.01431956
-675.87458746	-0.00670618
-675.84158416	0.00016553
-675.80858086	0.00563198
-675.77557756	0.00889687
-675.74257426	0.01003508
-675.70957096	0.00933527
-675.67656766	0.00700136
-675.64356436	0.00432664
-675.61056106	0.00151062
-675.57755776	-0.00049409
-675.54455446	-0.00165364
-675.51155116	-0.00199065
-675.47854785	-0.00154722
-675.44554455	-0.00032352
-675.41254125	0.00150345
-675.37953795	0.00367577
-675.34653465	0.00646903
-675.31353135	0.00877364
-675.28052805	0.01094430
-675.24752475	0.01283696
-675.21452145	0.01443256
-675.18151815	0.01577369
-675.14851485	0.01724414
-675.11551155	0.01829876
-675.08250825	0.01875011
-675.04950495	0.01848073
-675.01650165	0.01684786
-674.98349835	0.01411698
-674.95049505	0.01029868
-674.91749175	0.00590689
-674.88448845	0.00126551
-674.85148515	-0.00286901
-674.81848185	-0.00642803
-674.78547855	-0.00872498
-674.75247525	-0.00960063
-674.71947195	-0.00913690
-674.68646865	-0.00718534
-674.65346535	-0.00431758
-674.62046205	-0.00048726
-674.58745875	0.00323549
-674.55445545	0.00659266
-674.52145215	0.00866532
-674.48844884	0.00889666
-674.45544554	0.00701390
-674.42244224	0.00306380
-674.38943894	-0.00210770
-674.35643564	-0.00787998
-674.32343234	-0.01292235
-674.29042904	-0.01662415
-674.25742574	-0.01846687
-674.22442244	-0.01907414
-674.19141914	-0.01860667
-674.15841584	-0.01810203
-674.12541254	-0.01795365
-674.09240924	-0.01810230
-674.05940594	-0.01881445
-674.02640264	-0.01918633
-673.99339934	-0.01892801
-673.96039604	-0.01771572
-673.92739274	-0.01526553
-673.89438944	-0.01139388
-673.86138614	-0.00654946
-673.82838284	-0.00141307
-673.79537954	0.00411966
-673.76237624	0.00886766
-673.72937294	0.01256355
-673.69636964	0.01492249
-673.66336634	0.01600202
-673.63036304	0.01530154
-673.59735974	0.01351640
-673.56435644	0.01072731
-673.53135314	0.00742291
-673.49834983	0.00412355
-673.46534653	0.00087754
-673.43234323	-0.00233896
-673.39933993	-0.00542543
-673.36633663	-0.00845464
-673.33333333	-0.01119075
-673.30033003	-0.01312746
-673.26732673	-0.01384101
-673.23432343	-0.01328713
-673.20132013	-0.01129285
-673.16831683	-0.00874040
-673.13531353	-0.00586992
-673.10231023	-0.00352198
-673.06930693	-0.00138817
-673.03630363	0.00020456
-673.00330033	0.00206698
-672.97029703	0.00418914
-672.93729373	0.00701091
-672.90429043	0.01019648
-672.87128713	0.01363244
-672.83828383	0.01646607
-672.80528053	0.01828833
-672.77227723	0.01821777
-672.73927393	0.01587671
-672.70627063	0.01091753
-672.67326733	0.00373193
-672.64026403	-0.00541149
-672.60726073	-0.01519845
-672.57425743	-0.02499690
-672.54125413	-0.03357797
-672.50825083	-0.04053120
-672.47524752	-0.04544073
-672.44224422	-0.04822730
-672.40924092	-0.04877092
-672.37623762	-0.04724397
-672.34323432	-0.04390550
-672.31023102	-0.03897930
-672.27722772	-0.03259189
-672.24422442	-0.02529368
-672.21122112	-0.01783412
-672.17821782	-0.01031817
-672.14521452	-0.00347285
-672.11221122	0.00202859
-672.07920792	0.00619981
-672.04620462	0.00855229
-672.01320132	0.00926875
-671.98019802	0.00875667
-671.94719472	0.00713453
-671.91419142	0.00505168
-671.88118812	0.00331333
-671.84818482	0.00186518
-671.81518152	0.00126957
-671.78217822	0.00154081
-671.74917492	0.00191804
-671.71617162	0.00223570
-671.68316832	0.00198756
-671.65016502	0.00097135
-671.61716172	-0.00081513
-671.58415842	-0.00302030
-671.55115512	-0.00523857
-671.51815182	-0.00711130
-671.48514851	-0.00810053
-671.45214521	-0.00790140
-671.41914191	-0.00605033
-671.38613861	-0.00293008
-671.35313531	0.00164611
-671.32013201	0.00691933
-671.28712871	0.01248626
-671.25412541	0.01749891
-671.22112211	0.02137398
-671.18811881	0.02323805
-671.15511551	0.02292972
-671.12211221	0.01983025
-671.08910891	0.01427343
-671.05610561	0.00674865
-671.02310231	-0.00213862
-670.99009901	-0.01102860
-670.95709571	-0.01916263
-670.92409241	-0.02564170
-670.89108911	-0.03014221
-670.85808581	-0.03266208
-670.82508251	-0.03364773
-670.79207921	-0.03350061
-670.75907591	-0.03272924
-670.72607261	-0.03119975
-670.69306931	-0.02942072
-670.66006601	-0.02713511
-670.62706271	-0.02439279
-670.59405941	-0.02119777
-670.56105611	-0.01746346
-670.52805281	-0.01308503
-670.49504950	-0.00830346
-670.46204620	-0.00267883
-670.42904290	0.00299193
-670.39603960	0.00895983
-670.36303630	0.01464711
-670.33003300	0.02011651
-670.29702970	0.02482128
-670.26402640	0.02873312
-670.23102310	0.03143856
-670.19801980	0.03292013
-670.16501650	0.03292425
-670.13201320	0.03182972
-670.09900990	0.02975325
-670.06600660	0.02707799
-670.03300330	0.02368171
-670.00000000	0.01991480
-669.96699670	0.01591360
-669.93399340	0.01180817
-669.90099010	0.00783579
-669.86798680	0.00393703
-669.83498350	0.00047088
-669.80198020	-0.00256865
-669.76897690	-0.00538625
-669.73597360	-0.00755160
-669.70297030	-0.00863546
-669.66996700	-0.00867105
-669.63696370	-0.00709771
-669.60396040	-0.00456491
-669.57095710	-0.00054489
-669.53795380	0.00401899
-669.50495050	0.00872115
-669.47194719	0.01321019
-669.43894389	0.01689555
-669.40594059	0.01927330
-669.37293729	0.02006853
-669.33993399	0.01910690
-669.30693069	0.01660935
-669.27392739	0.01284587
-669.24092409	0.00843723
-669.20792079	0.00367752
-669.17491749	-0.00076055
-669.14191419	-0.00475974
-669.10891089	-0.00816766
-669.07590759	-0.01051767
-669.04290429	-0.01211667
-669.00990099	-0.01223402
-668.97689769	-0.01068721
-668.94389439	-0.00709847
-668.91089109	-0.00155714
-668.87788779	0.00540962
-668.84488449	0.01280915
-668.81188119	0.02004243
-668.77887789	0.02579216
-668.74587459	0.02948717
-668.71287129	0.03058291
-668.67986799	0.02920307
-668.64686469	0.02568386
-668.61386139	0.02041155
-668.58085809	0.01372373
-668.54785479	0.00625704
-668.51485149	-0.00162399
-668.48184818	-0.00949273
-668.44884488	-0.01658125
-668.41584158	-0.02244852
-668.38283828	-0.02674151
-668.34983498	-0.02892740
-668.31683168	-0.02925885
-668.28382838	-0.02786678
-668.25082508	-0.02541198
-668.21782178	-0.02316118
-668.18481848	-0.02166223
-668.15181518	-0.02122389
-668.11881188	-0.02201526
-668.08580858	-0.02364904
-668.05280528	-0.02475022
-668.01980198	-0.02462699
-667.98679868	-0.02247493
-667.95379538	-0.01725365
-667.92079208	-0.00972125
-667.88778878	-0.00003699
-667.85478548	0.01066644
-667.82178218	0.02127405
-667.78877888	0.03059650
-667.75577558	0.03808278
-667.72277228	0.04324404
-667.68976898	0.04629164
-667.65676568	0.04750027
-667.62376238	0.04741113
-667.59075908	0.04603856
-667.55775578	0.04397042
-667.52475248	0.04061806
-667.49174917	0.03626829
-667.45874587	0.03080292
-667.42574257	0.02385452
-667.39273927	0.01647701
-667.35973597	0.00880671
-667.32673267	0.00137935
-667.29372937	-0.00485090
-667.26072607	-0.00964787
-667.22772277	-0.01207206
-667.19471947	-0.01260572
-667.16171617	-0.01107269
-667.12871287	-0.00816972
-667.09570957	-0.00444148
-667.06270627	-0.00118439
-667.02970297	0.00146471
-666.99669967	0.00270624
-666.96369637	0.00228045
-666.93069307	-0.00000494
-666.89768977	-0.00440634
-666.86468647	-0.01033181
-666.83168317	-0.01746783
-666.79867987	-0.02447472
-666.76567657	-0.03026018
-666.73267327	-0.03387130
-666.69966997	-0.03439889
-666.66666667	-0.03238871
-666.63366337	-0.02788139
-666.60066007	-0.02171820
-666.56765677	-0.01488210
-666.53465347	-0.00836958
-666.50165017	-0.00275006
-666.46864686	0.00156514
-666.43564356	0.00455276
-666.40264026	0.00595611
-666.36963696	0.00651892
-666.33663366	0.00610234
-666.30363036	0.00547580
-666.27062706	0.00490513
-666.23762376	0.00462816
-666.20462046	0.00493081
-666.17161716	0.00583813
-666.13861386	0.00790438
-666.10561056	0.01097343
-666.07260726	0.01532963
-666.03960396	0.02033568
-666.00660066	0.02565945
-665.97359736	0.03036584
-665.94059406	0.03383764
-665.90759076	0.03526570
-665.87458746	0.03479746
-665.84158416	0.03229727
-665.80858086	0.02796967
-665.77557756	0.02222004
-665.74257426	0.01559661
-665.70957096	0.00838265
-665.67656766	0.00122241
-665.64356436	-0.00523006
-665.61056106	-0.01083143
-665.57755776	-0.01527719
-665.54455446	-0.01854094
-665.51155116	-0.02070340
-665.47854785	-0.02160971
-665.44554455	-0.02187146
-665.41254125	-0.02125317
-665.37953795	-0.02026717
-665.34653465	-0.01885722
-665.31353135	-0.01766091
-665.28052805	-0.01647736
-665.24752475	-0.01590434
-665.21452145	-0.01609872
-665.18151815	-0.01666826
-665.14851485	-0.01758985
-665.11551155	-0.01849574
-665.08250825	-0.01853154
-665.04950495	-0.01764879
-665.01650165	-0.01528607
-664.98349835	-0.01153349
-664.95049505	-0.00664589
-664.91749175	-0.00126429
-664.88448845	0.00414034
-664.85148515	0.00867143
-664.81848185	0.01177950
-664.78547855	0.01294089
-664.75247525	0.01203249
-664.71947195	0.00949796
-664.68646865	0.00589590
-664.65346535	0.00212240
-664.62046205	-0.00075542
-664.58745875	-0.00241730
-664.55445545	-0.00214275
-664.52145215	-0.00037852
-664.48844884	0.00240821
-664.45544554	0.00552915
-664.42244224	0.00845500
-664.38943894	0.01047899
-664.35643564	0.01143065
-664.32343234	0.01106236
-664.29042904	0.00963368
-664.25742574	0.00701041
-664.22442244	0.00374463
-664.19141914	0.00037832
-664.15841584	-0.00274252
-664.12541254	-0.00497565
-664.09240924	-0.00614885
-664.05940594	-0.00606833
-664.02640264	-0.00490341
-663.99339934	-0.00290232
-663.96039604	-0.00025043
-663.92739274	0.00275252
-663.89438944	0.00596398
-663.86138614	0.00915753
-663.82838284	0.01204721
-663.79537954	0.01392084
-663.76237624	0.01450449
-663.72937294	0.01339827
-663.69636964	0.01075018
-663.66336634	0.00679253
-663.63036304	0.00230979
-663.59735974	-0.00226432
-663.56435644	-0.00662077
-663.53135314	-0.01022802
-663.49834983	-0.01278754
-663.46534653	-0.01411914
-663.43234323	-0.01460196
-663.39933993	-0.01384832
-663.36633663	-0.01253301
-663.33333333	-0.01085938
-663.30033003	-0.00938626
-663.26732673	-0.00813437
-663.23432343	-0.00716279
-663.20132013	-0.00621001
-663.16831683	-0.00545871
-663.13531353	-0.00467770
-663.10231023	-0.00417411
-663.06930693	-0.00413042
-663.03630363	-0.00472184
-663.00330033	-0.00615357
-662.97029703	-0.00832264
-662.93729373	-0.01110110
-662.90429043	-0.01421888
-662.87128713	-0.01765306
-662.83828383	-0.02097294
-662.80528053	-0.02356873
-662.77227723	-0.02534940
-662.73927393	-0.02563627
-662.70627063	-0.02423827
-662.67326733	-0.02095308
-662.64026403	-0.01601488
-662.60726073	-0.01000007
-662.57425743	-0.00327273
-662.54125413	0.00341427
-662.50825083	0.00950354
-662.47524752	0.01452234
-662.44224422	0.01835359
-662.40924092	0.02094426
-662.37623762	0.02248677
-662.34323432	0.02338155
-662.31023102	0.02344795
-662.27722772	0.02321860
-662.24422442	0.02262820
-662.21122112	0.02204166
-662.17821782	0.02165515
-662.14521452	0.02139601
-662.11221122	0.02121647
-662.07920792	0.02077667
-662.04620462	0.01996459
-662.01320132	0.01814356
-661.98019802	0.01527133
-661.94719472	0.01127391
-661.91419142	0.00579740
-661.88118812	-0.00092226
-661.84818482	-0.00877083
-661.81518152	-0.01700283
-661.78217822	-0.02487479
-661.74917492	-0.03166455
-661.71617162	-0.03645551
-661.68316832	-0.03872878
-661.65016502	-0.03822642
-661.61716172	-0.03517463
-661.58415842	-0.03017590
-661.55115512	-0.02394271
-661.51815182	-0.01757889
-661.48514851	-0.01157882
-661.45214521	-0.00669623
-661.41914191	-0.00302300
-661.38613861	-0.00080647
-661.35313531	0.00010858
-661.32013201	-0.00002950
-661.28712871	-0.00097134
-661.25412541	-0.00220127
-661.22112211	-0.00404781
-661.18811881	-0.00622500
-661.15511551	-0.00836231
-661.12211221	-0.01017397
-661.08910891	-0.01103737
-661.05610561	-0.01073502
-661.02310231	-0.00903536
-660.99009901	-0.00616437
-660.95709571	-0.00261517
-660.92409241	0.00154621
-660.89108911	0.00590416
-660.85808581	0.01042338
-660.82508251	0.01496687
-660.79207921	0.01954132
-660.75907591	0.02361948
-660.72607261	0.02713825
-660.69306931	0.02969448
-660.66006601	0.03114124
-660.62706271	0.03148739
-660.59405941	0.03049853
-660.56105611	0.02845652
-660.52805281	0.02546064
-660.49504950	0.02174886
-660.46204620	0.01751803
-660.42904290	0.01341494
-660.39603960	0.00966038
-660.36303630	0.00662813
-660.33003300	0.00438752
-660.29702970	0.00274581
-660.26402640	0.00178361
-660.23102310	0.00091282
-660.19801980	-0.00047879
-660.16501650	-0.00229107
-660.13201320	-0.00516190
-660.09900990	-0.00860918
-660.06600660	-0.01252862
-660.03300330	-0.01662115
-660.00000000	-0.02062554
