# Menlo Systems GmbH ScanControl
# Program Version 1.14.3
# Start: -740.00000000 ps, Average over 1000 waveforms. Timestamp: 2026-02-06T12:17:15
# User time axis shift: 0 ps
# Time axis offset: 0 ps
# Time [ps]	THz Signal [a.u.]
-740.00000000	-0.00004510
-739.96699670	-0.00002980
-739.93399340	-0.00002453
-739.90099010	-0.00003920
-739.86798680	-0.00006122
-739.83498350	-0.00011853
-739.80198020	-0.00015057
-739.76897690	-0.00007506
-739.73597360	-0.00009424
-739.70297030	-0.00013568
-739.66996700	-0.00008583
-739.63696370	-0.00008136
-739.60396040	-0.00011714
-739.57095710	-0.00000431
-739.53795380	-0.00000949
-739.50495050	-0.00011534
-739.47194719	0.00002230
-739.43894389	-0.00007428
-739.40594059	-0.00003687
-739.37293729	0.00003648
-739.33993399	0.00010101
-739.30693069	-0.00000401
-739.27392739	-0.00009253
-739.24092409	0.00022057
-739.20792079	0.00007275
-739.17491749	0.00020877
-739.14191419	0.00014601
-739.10891089	0.00016617
-739.07590759	0.00022944
-739.04290429	0.00019159
-739.00990099	0.00031348
-738.97689769	0.00019702
-738.94389439	0.00023465
-738.91089109	0.00028181
-738.87788779	0.00034675
-738.84488449	0.00030354
-738.81188119	0.00036085
-738.77887789	0.00044686
-738.74587459	0.00042927
-738.71287129	0.00052768
-738.67986799	0.00039475
-738.64686469	0.00045749
-738.61386139	0.00053231
-738.58085809	0.00049276
-738.54785479	0.00060907
-738.51485149	0.00050759
-738.48184818	0.00047728
-738.44884488	0.00054323
-738.41584158	0.00060088
-738.38283828	0.00056358
-738.34983498	0.00051086
-738.31683168	0.00055247
-738.28382838	0.00055367
-738.25082508	0.00067477
-738.21782178	0.00058183
-738.18481848	0.00055329
-738.15181518	0.00048692
-738.11881188	0.00053432
-738.08580858	0.00047364
-738.05280528	0.00044506
-738.01980198	0.00040833
-737.98679868	0.00048728
-737.95379538	0.00039157
-737.92079208	0.00028250
-737.88778878	0.00028500
-737.85478548	0.00018943
-737.82178218	0.00025405
-737.78877888	0.00018989
-737.75577558	0.00017242
-737.72277228	0.00007836
-737.68976898	0.00010204
-737.65676568	0.00002396
-737.62376238	0.00008419
-737.59075908	-0.00001362
-737.55775578	-0.00005058
-737.52475248	-0.00000704
-737.49174917	-0.00002321
-737.45874587	-0.00008043
-737.42574257	-0.00010961
-737.39273927	-0.00009576
-737.35973597	-0.00016359
-737.32673267	-0.00012115
-737.29372937	-0.00011316
-737.26072607	-0.00017853
-737.22772277	-0.00008152
-737.19471947	-0.00008182
-737.16171617	-0.00009997
-737.12871287	-0.00015793
-737.09570957	-0.00014528
-737.06270627	-0.00016597
-737.02970297	-0.00020192
-736.99669967	-0.00021028
-736.96369637	-0.00016651
-736.93069307	-0.00014727
-736.89768977	-0.00014869
-736.86468647	-0.00018105
-736.83168317	-0.00012480
-736.79867987	-0.00004626
-736.76567657	0.00000834
-736.73267327	-0.00002271
-736.69966997	0.00004589
-736.66666667	0.00004424
-736.63366337	0.00012694
-736.60066007	0.00005594
-736.56765677	0.00006564
-736.53465347	0.00013126
-736.50165017	0.00016813
-736.46864686	0.00011575
-736.43564356	0.00009861
-736.40264026	0.00029736
-736.36963696	0.00023257
-736.33663366	0.00028232
-736.30363036	0.00015296
-736.27062706	0.00030932
-736.23762376	0.00033370
-736.20462046	0.00039646
-736.17161716	0.00025370
-736.13861386	0.00017135
-736.10561056	0.00031315
-736.07260726	0.00035474
-736.03960396	0.00040313
-736.00660066	0.00028190
-735.97359736	0.00032753
-735.94059406	0.00031191
-735.90759076	0.00026413
-735.87458746	0.00032179
-735.84158416	0.00030370
-735.80858086	0.00031644
-735.77557756	0.00033771
-735.74257426	0.00027784
-735.70957096	0.00030828
-735.67656766	0.00022529
-735.64356436	0.00029265
-735.61056106	0.00030493
-735.57755776	0.00037788
-735.54455446	0.00027282
-735.51155116	0.00016506
-735.47854785	0.00022644
-735.44554455	0.00024113
-735.41254125	0.00023913
-735.37953795	0.00024794
-735.34653465	0.00025426
-735.31353135	0.00021311
-735.28052805	0.00017420
-735.24752475	0.00011076
-735.21452145	0.00012269
-735.18151815	0.00023493
-735.14851485	0.00008564
-735.11551155	0.00014731
-735.08250825	0.00012495
-735.04950495	0.00009447
-735.01650165	0.00009256
-734.98349835	0.00011524
-734.95049505	0.00006154
-734.91749175	0.00005326
-734.88448845	0.00003776
-734.85148515	-0.00004306
-734.81848185	0.00002780
-734.78547855	0.00013931
-734.75247525	0.00014210
-734.71947195	0.00000425
-734.68646865	0.00000794
-734.65346535	0.00008242
-734.62046205	-0.00003510
-734.58745875	0.00007984
-734.55445545	0.00009997
-734.52145215	0.00018779
-734.48844884	0.00022884
-734.45544554	0.00016212
-734.42244224	0.00021001
-734.38943894	0.00020308
-734.35643564	0.00032471
-734.32343234	0.00023504
-734.29042904	0.00029833
-734.25742574	0.00033240
-734.22442244	0.00043175
-734.19141914	0.00046694
-734.15841584	0.00055628
-734.12541254	0.00056726
-734.09240924	0.00059370
-734.05940594	0.00064553
-734.02640264	0.00069127
-733.99339934	0.00077047
-733.96039604	0.00071700
-733.92739274	0.00090842
-733.89438944	0.00084529
-733.86138614	0.00091771
-733.82838284	0.00089735
-733.79537954	0.00094813
-733.76237624	0.00096400
-733.72937294	0.00096976
-733.69636964	0.00094682
-733.66336634	0.00096209
-733.63036304	0.00087846
-733.59735974	0.00083021
-733.56435644	0.00089767
-733.53135314	0.00078764
-733.49834983	0.00067139
-733.46534653	0.00057220
-733.43234323	0.00047002
-733.39933993	0.00036968
-733.36633663	0.00015692
-733.33333333	0.00000575
-733.30033003	-0.00018383
-733.26732673	-0.00037843
-733.23432343	-0.00058876
-733.20132013	-0.00064585
-733.16831683	-0.00089492
-733.13531353	-0.00100532
-733.10231023	-0.00110620
-733.06930693	-0.00113281
-733.03630363	-0.00129433
-733.00330033	-0.00134209
-732.97029703	-0.00138311
-732.93729373	-0.00150507
-732.90429043	-0.00146401
-732.87128713	-0.00150723
-732.83828383	-0.00163974
-732.80528053	-0.00160422
-732.77227723	-0.00166116
-732.73927393	-0.00145271
-732.70627063	-0.00150721
-732.67326733	-0.00132050
-732.64026403	-0.00110741
-732.60726073	-0.00068006
-732.57425743	-0.00042552
-732.54125413	0.00010815
-732.50825083	0.00041687
-732.47524752	0.00092164
-732.44224422	0.00133233
-732.40924092	0.00156473
-732.37623762	0.00196600
-732.34323432	0.00213690
-732.31023102	0.00225471
-732.27722772	0.00223932
-732.24422442	0.00224708
-732.21122112	0.00214018
-732.17821782	0.00197320
-732.14521452	0.00173912
-732.11221122	0.00159351
-732.07920792	0.00148799
-732.04620462	0.00128799
-732.01320132	0.00113328
-731.98019802	0.00095313
-731.94719472	0.00097649
-731.91419142	0.00081811
-731.88118812	0.00082213
-731.84818482	0.00078373
-731.81518152	0.00068417
-731.78217822	0.00072273
-731.74917492	0.00071155
-731.71617162	0.00064653
-731.68316832	0.00057001
-731.65016502	0.00061827
-731.61716172	0.00055242
-731.58415842	0.00062279
-731.55115512	0.00054728
-731.51815182	0.00051219
-731.48514851	0.00045881
-731.45214521	0.00046918
-731.41914191	0.00035042
-731.38613861	0.00039167
-731.35313531	0.00034076
-731.32013201	0.00030425
-731.28712871	0.00037377
-731.25412541	0.00021324
-731.22112211	0.00037081
-731.18811881	0.00032648
-731.15511551	0.00025955
-731.12211221	0.00039828
-731.08910891	0.00034048
-731.05610561	0.00042892
-731.02310231	0.00042646
-730.99009901	0.00042287
-730.95709571	0.00051289
-730.92409241	0.00045450
-730.89108911	0.00044890
-730.85808581	0.00052882
-730.82508251	0.00046780
-730.79207921	0.00044211
-730.75907591	0.00052329
-730.72607261	0.00046483
-730.69306931	0.00044515
-730.66006601	0.00059467
-730.62706271	0.00043725
-730.59405941	0.00048058
-730.56105611	0.00049883
-730.52805281	0.00053279
-730.49504950	0.00056549
-730.46204620	0.00060320
-730.42904290	0.00052221
-730.39603960	0.00052236
-730.36303630	0.00063149
-730.33003300	0.00051413
-730.29702970	0.00053869
-730.26402640	0.00054881
-730.23102310	0.00054049
-730.19801980	0.00052720
-730.16501650	0.00039920
-730.13201320	0.00048910
-730.09900990	0.00038843
-730.06600660	0.00037989
-730.03300330	0.00032929
-730.00000000	0.00030377
-729.96699670	0.00032307
-729.93399340	0.00022303
-729.90099010	0.00020479
-729.86798680	0.00021121
-729.83498350	0.00020738
-729.80198020	0.00010918
-729.76897690	0.00014529
-729.73597360	0.00008346
-729.70297030	0.00008837
-729.66996700	0.00004155
-729.63696370	-0.00000990
-729.60396040	0.00002215
-729.57095710	0.00001949
-729.53795380	-0.00009379
-729.50495050	0.00005654
-729.47194719	-0.00002873
-729.43894389	-0.00008386
-729.40594059	0.00004438
-729.37293729	-0.00002236
-729.33993399	-0.00000802
-729.30693069	-0.00004636
-729.27392739	0.00010008
-729.24092409	-0.00003643
-729.20792079	0.00014836
-729.17491749	0.00011730
-729.14191419	0.00024203
-729.10891089	0.00017135
-729.07590759	0.00039217
-729.04290429	0.00031313
-729.00990099	0.00054551
-728.97689769	0.00057352
-728.94389439	0.00066103
-728.91089109	0.00067484
-728.87788779	0.00055960
-728.84488449	0.00054413
-728.81188119	0.00036692
-728.77887789	-0.00002235
-728.74587459	-0.00033163
-728.71287129	-0.00103931
-728.67986799	-0.00166614
-728.64686469	-0.00245953
-728.61386139	-0.00324851
-728.58085809	-0.00391306
-728.54785479	-0.00469820
-728.51485149	-0.00490410
-728.48184818	-0.00505228
-728.44884488	-0.00481220
-728.41584158	-0.00430338
-728.38283828	-0.00343703
-728.34983498	-0.00243162
-728.31683168	-0.00124141
-728.28382838	-0.00001486
-728.25082508	0.00094848
-728.21782178	0.00191521
-728.18481848	0.00272159
-728.15181518	0.00320093
-728.11881188	0.00372045
-728.08580858	0.00402443
-728.05280528	0.00422978
-728.01980198	0.00429903
-727.98679868	0.00437880
-727.95379538	0.00424806
-727.92079208	0.00419534
-727.88778878	0.00394674
-727.85478548	0.00388218
-727.82178218	0.00383247
-727.78877888	0.00361041
-727.75577558	0.00364894
-727.72277228	0.00355545
-727.68976898	0.00340570
-727.65676568	0.00328164
-727.62376238	0.00313695
-727.59075908	0.00310516
-727.55775578	0.00304195
-727.52475248	0.00294322
-727.49174917	0.00284096
-727.45874587	0.00280919
-727.42574257	0.00268415
-727.39273927	0.00258014
-727.35973597	0.00239539
-727.32673267	0.00234824
-727.29372937	0.00210294
-727.26072607	0.00208899
-727.22772277	0.00183857
-727.19471947	0.00181374
-727.16171617	0.00149686
-727.12871287	0.00152091
-727.09570957	0.00130479
-727.06270627	0.00125918
-727.02970297	0.00107290
-726.99669967	0.00112371
-726.96369637	0.00093454
-726.93069307	0.00093538
-726.89768977	0.00088736
-726.86468647	0.00081449
-726.83168317	0.00072242
-726.79867987	0.00060873
-726.76567657	0.00053266
-726.73267327	0.00047711
-726.69966997	0.00026731
-726.66666667	0.00027072
-726.63366337	0.00006584
-726.60066007	-0.00003248
-726.56765677	-0.00021757
-726.53465347	-0.00026792
-726.50165017	-0.00040721
-726.46864686	-0.00043389
-726.43564356	-0.00044550
-726.40264026	-0.00048766
-726.36963696	-0.00047527
-726.33663366	-0.00046464
-726.30363036	-0.00049702
-726.27062706	-0.00039806
-726.23762376	-0.00034208
-726.20462046	-0.00031512
-726.17161716	-0.00035342
-726.13861386	-0.00024160
-726.10561056	-0.00036549
-726.07260726	-0.00033780
-726.03960396	-0.00044562
-726.00660066	-0.00046732
-725.97359736	-0.00062514
-725.94059406	-0.00070100
-725.90759076	-0.00073074
-725.87458746	-0.00078146
-725.84158416	-0.00074680
-725.80858086	-0.00074868
-725.77557756	-0.00054008
-725.74257426	-0.00035049
-725.70957096	-0.00018258
-725.67656766	0.00013527
-725.64356436	0.00029401
-725.61056106	0.00054930
-725.57755776	0.00055973
-725.54455446	0.00044610
-725.51155116	0.00027319
-725.47854785	-0.00017347
-725.44554455	-0.00069958
-725.41254125	-0.00141464
-725.37953795	-0.00206993
-725.34653465	-0.00275506
-725.31353135	-0.00313829
-725.28052805	-0.00315318
-725.24752475	-0.00295160
-725.21452145	-0.00200862
-725.18151815	-0.00074084
-725.14851485	0.00104314
-725.11551155	0.00306496
-725.08250825	0.00509816
-725.04950495	0.00704607
-725.01650165	0.00861403
-724.98349835	0.00968604
-724.95049505	0.01019131
-724.91749175	0.01013863
-724.88448845	0.00975554
-724.85148515	0.00923702
-724.81848185	0.00845044
-724.78547855	0.00805000
-724.75247525	0.00757376
-724.71947195	0.00742844
-724.68646865	0.00736010
-724.65346535	0.00746496
-724.62046205	0.00759863
-724.58745875	0.00760307
-724.55445545	0.00772025
-724.52145215	0.00746838
-724.48844884	0.00716544
-724.45544554	0.00647511
-724.42244224	0.00562136
-724.38943894	0.00442844
-724.35643564	0.00310770
-724.32343234	0.00156138
-724.29042904	-0.00001038
-724.25742574	-0.00154825
-724.22442244	-0.00323609
-724.19141914	-0.00483151
-724.15841584	-0.00630557
-724.12541254	-0.00783420
-724.09240924	-0.00926162
-724.05940594	-0.01038197
-724.02640264	-0.01178623
-723.99339934	-0.01305493
-723.96039604	-0.01452625
-723.92739274	-0.01611200
-723.89438944	-0.01811969
-723.86138614	-0.02043037
-723.82838284	-0.02276942
-723.79537954	-0.02566740
-723.76237624	-0.02868420
-723.72937294	-0.03163795
-723.69636964	-0.03431825
-723.66336634	-0.03647397
-723.63036304	-0.03785082
-723.59735974	-0.03807779
-723.56435644	-0.03713377
-723.53135314	-0.03475297
-723.49834983	-0.03137621
-723.46534653	-0.02702743
-723.43234323	-0.02217513
-723.39933993	-0.01737800
-723.36633663	-0.01329218
-723.33333333	-0.01002866
-723.30033003	-0.00781872
-723.26732673	-0.00676699
-723.23432343	-0.00654251
-723.20132013	-0.00691662
-723.16831683	-0.00753979
-723.13531353	-0.00814509
-723.10231023	-0.00857068
-723.06930693	-0.00886564
-723.03630363	-0.00903757
-723.00330033	-0.00890206
-722.97029703	-0.00868356
-722.93729373	-0.00818803
-722.90429043	-0.00742556
-722.87128713	-0.00635903
-722.83828383	-0.00526825
-722.80528053	-0.00398256
-722.77227723	-0.00281149
-722.73927393	-0.00149946
-722.70627063	-0.00029724
-722.67326733	0.00098953
-722.64026403	0.00231277
-722.60726073	0.00387511
-722.57425743	0.00549245
-722.54125413	0.00719244
-722.50825083	0.00917780
-722.47524752	0.01100371
-722.44224422	0.01319129
-722.40924092	0.01567621
-722.37623762	0.01821278
-722.34323432	0.02116924
-722.31023102	0.02439378
-722.27722772	0.02784735
-722.24422442	0.03203512
-722.21122112	0.03649072
-722.17821782	0.04155110
-722.14521452	0.04689996
-722.11221122	0.05276906
-722.07920792	0.05923644
-722.04620462	0.06596456
-722.01320132	0.07303859
-721.98019802	0.08039545
-721.94719472	0.08787546
-721.91419142	0.09536769
-721.88118812	0.10272115
-721.84818482	0.10988857
-721.81518152	0.11684685
-721.78217822	0.12351263
-721.74917492	0.13029708
-721.71617162	0.13690042
-721.68316832	0.14388960
-721.65016502	0.15162834
-721.61716172	0.16013159
-721.58415842	0.17015176
-721.55115512	0.18193704
-721.51815182	0.19582628
-721.48514851	0.21263750
-721.45214521	0.23210020
-721.41914191	0.25465119
-721.38613861	0.28020583
-721.35313531	0.30805369
-721.32013201	0.33836712
-721.28712871	0.36935613
-721.25412541	0.40042338
-721.22112211	0.42979468
-721.18811881	0.45547216
-721.15511551	0.47569957
-721.12211221	0.48794846
-721.08910891	0.49042597
-721.05610561	0.48067019
-721.02310231	0.45782879
-720.99009901	0.42058594
-720.95709571	0.36957001
-720.92409241	0.30554349
-720.89108911	0.23107502
-720.85808581	0.14958860
-720.82508251	0.06470990
-720.79207921	-0.01915043
-720.75907591	-0.09888397
-720.72607261	-0.17156270
-720.69306931	-0.23688708
-720.66006601	-0.29707885
-720.62706271	-0.35548302
-720.59405941	-0.41901766
-720.56105611	-0.49542184
-720.52805281	-0.59280541
-720.49504950	-0.71904860
-720.46204620	-0.87971820
-720.42904290	-1.07667498
-720.39603960	-1.30702729
-720.36303630	-1.56042779
-720.33003300	-1.82012257
-720.29702970	-2.06209924
-720.26402640	-2.25795737
-720.23102310	-2.37900615
-720.19801980	-2.39855355
-720.16501650	-2.29880528
-720.13201320	-2.07228532
-720.09900990	-1.72717613
-720.06600660	-1.28762474
-720.03300330	-0.79055427
-720.00000000	-0.28050662
-719.96699670	0.19849660
-719.93399340	0.61059632
-719.90099010	0.93458998
-719.86798680	1.16523036
-719.83498350	1.31093178
-719.80198020	1.38697461
-719.76897690	1.40972185
-719.73597360	1.39216652
-719.70297030	1.34274878
-719.66996700	1.26745562
-719.63696370	1.17305892
-719.60396040	1.06830767
-719.57095710	0.96310399
-719.53795380	0.86664236
-719.50495050	0.78239588
-719.47194719	0.70917467
-719.43894389	0.64212993
-719.40594059	0.57642465
-719.37293729	0.51055605
-719.33993399	0.44735414
-719.30693069	0.39072235
-719.27392739	0.34400934
-719.24092409	0.30710180
-719.20792079	0.27678714
-719.17491749	0.24869047
-719.14191419	0.22048168
-719.10891089	0.19073372
-719.07590759	0.16057143
-719.04290429	0.13002223
-719.00990099	0.09889348
-718.97689769	0.06684649
-718.94389439	0.03477576
-718.91089109	0.00417275
-718.87788779	-0.02211673
-718.84488449	-0.04257746
-718.81188119	-0.05606485
-718.77887789	-0.06295883
-718.74587459	-0.06374923
-718.71287129	-0.05846962
-718.67986799	-0.04736433
-718.64686469	-0.03174678
-718.61386139	-0.01311413
-718.58085809	0.00519559
-718.54785479	0.02109491
-718.51485149	0.03254561
-718.48184818	0.03894702
-718.44884488	0.04028499
-718.41584158	0.03703559
-718.38283828	0.03008452
-718.34983498	0.02115399
-718.31683168	0.01099384
-718.28382838	0.00100914
-718.25082508	-0.00845872
-718.21782178	-0.01673653
-718.18481848	-0.02346175
-718.15181518	-0.02797799
-718.11881188	-0.02960988
-718.08580858	-0.02835579
-718.05280528	-0.02485039
-718.01980198	-0.02009534
-717.98679868	-0.01453302
-717.95379538	-0.00897008
-717.92079208	-0.00387760
-717.88778878	-0.00011956
-717.85478548	0.00106744
-717.82178218	-0.00054866
-717.78877888	-0.00413635
-717.75577558	-0.00880397
-717.72277228	-0.01285174
-717.68976898	-0.01604437
-717.65676568	-0.01892624
-717.62376238	-0.02176146
-717.59075908	-0.02516694
-717.55775578	-0.02886559
-717.52475248	-0.03238932
-717.49174917	-0.03554818
-717.45874587	-0.03770221
-717.42574257	-0.03845066
-717.39273927	-0.03770636
-717.35973597	-0.03574055
-717.32673267	-0.03324406
-717.29372937	-0.03066856
-717.26072607	-0.02810382
-717.22772277	-0.02524981
-717.19471947	-0.02243465
-717.16171617	-0.02013556
-717.12871287	-0.01961733
-717.09570957	-0.02080851
-717.06270627	-0.02292665
-717.02970297	-0.02446026
-716.99669967	-0.02362613
-716.96369637	-0.01980347
-716.93069307	-0.01298543
-716.89768977	-0.00414733
-716.86468647	0.00567389
-716.83168317	0.01537637
-716.79867987	0.02422367
-716.76567657	0.03157852
-716.73267327	0.03733081
-716.69966997	0.04123689
-716.66666667	0.04299044
-716.63366337	0.04246012
-716.60066007	0.03990339
-716.56765677	0.03501588
-716.53465347	0.02808751
-716.50165017	0.01887105
-716.46864686	0.00749089
-716.43564356	-0.00554650
-716.40264026	-0.01916564
-716.36963696	-0.03211058
-716.33663366	-0.04293769
-716.30363036	-0.05074739
-716.27062706	-0.05457583
-716.23762376	-0.05476044
-716.20462046	-0.05194384
-716.17161716	-0.04694979
-716.13861386	-0.04045993
-716.10561056	-0.03349384
-716.07260726	-0.02692414
-716.03960396	-0.02151472
-716.00660066	-0.01819669
-715.97359736	-0.01795183
-715.94059406	-0.02035360
-715.90759076	-0.02495079
-715.87458746	-0.02996990
-715.84158416	-0.03503422
-715.80858086	-0.03937982
-715.77557756	-0.04236914
-715.74257426	-0.04408826
-715.70957096	-0.04402955
-715.67656766	-0.04207415
-715.64356436	-0.03873009
-715.61056106	-0.03396405
-715.57755776	-0.02861238
-715.54455446	-0.02336126
-715.51155116	-0.01871310
-715.47854785	-0.01506832
-715.44554455	-0.01210999
-715.41254125	-0.00982111
-715.37953795	-0.00757063
-715.34653465	-0.00544734
-715.31353135	-0.00370909
-715.28052805	-0.00230906
-715.24752475	-0.00137868
-715.21452145	-0.00048848
-715.18151815	-0.00019648
-715.14851485	-0.00054442
-715.11551155	-0.00210928
-715.08250825	-0.00457459
-715.04950495	-0.00768581
-715.01650165	-0.01011515
-714.98349835	-0.01084243
-714.95049505	-0.00924702
-714.91749175	-0.00545683
-714.88448845	-0.00093977
-714.85148515	0.00315807
-714.81848185	0.00503692
-714.78547855	0.00407499
-714.75247525	0.00043391
-714.71947195	-0.00513675
-714.68646865	-0.01167660
-714.65346535	-0.01763615
-714.62046205	-0.02232299
-714.58745875	-0.02564199
-714.55445545	-0.02711565
-714.52145215	-0.02751183
-714.48844884	-0.02642956
-714.45544554	-0.02487231
-714.42244224	-0.02287562
-714.38943894	-0.02058407
-714.35643564	-0.01862070
-714.32343234	-0.01664184
-714.29042904	-0.01494808
-714.25742574	-0.01360099
-714.22442244	-0.01248276
-714.19141914	-0.01162206
-714.15841584	-0.01096252
-714.12541254	-0.01095335
-714.09240924	-0.01176762
-714.05940594	-0.01371573
-714.02640264	-0.01623311
-713.99339934	-0.01873850
-713.96039604	-0.01970022
-713.92739274	-0.01782206
-713.89438944	-0.01315607
-713.86138614	-0.00593878
-713.82838284	0.00214865
-713.79537954	0.00901285
-713.76237624	0.01386127
-713.72937294	0.01612667
-713.69636964	0.01635792
-713.66336634	0.01567782
-713.63036304	0.01491603
-713.59735974	0.01440618
-713.56435644	0.01408400
-713.53135314	0.01384654
-713.49834983	0.01379643
-713.46534653	0.01394315
-713.43234323	0.01510123
-713.39933993	0.01720892
-713.36633663	0.02045375
-713.33333333	0.02448773
-713.30033003	0.02888528
-713.26732673	0.03256625
-713.23432343	0.03598230
-713.20132013	0.03863478
-713.16831683	0.04128395
-713.13531353	0.04433237
-713.10231023	0.04774902
-713.06930693	0.05140659
-713.03630363	0.05488918
-713.00330033	0.05728561
-712.97029703	0.05768339
-712.93729373	0.05625716
-712.90429043	0.05240338
-712.87128713	0.04704621
-712.83828383	0.04085254
-712.80528053	0.03516579
-712.77227723	0.03080736
-712.73927393	0.02891461
-712.70627063	0.02943545
-712.67326733	0.03255596
-712.64026403	0.03749829
-712.60726073	0.04350245
-712.57425743	0.05010329
-712.54125413	0.05653177
-712.50825083	0.06208211
-712.47524752	0.06670532
-712.44224422	0.06990363
-712.40924092	0.07248292
-712.37623762	0.07516002
-712.34323432	0.07858221
-712.31023102	0.08327424
-712.27722772	0.08840738
-712.24422442	0.09253416
-712.21122112	0.09441969
-712.17821782	0.09244377
-712.14521452	0.08597443
-712.11221122	0.07485157
-712.07920792	0.06039135
-712.04620462	0.04374701
-712.01320132	0.02635825
-711.98019802	0.00951838
-711.94719472	-0.00651168
-711.91419142	-0.02201855
-711.88118812	-0.03736126
-711.84818482	-0.05393399
-711.81518152	-0.07271559
-711.78217822	-0.09538732
-711.74917492	-0.12392405
-711.71617162	-0.15982429
-711.68316832	-0.20442864
-711.65016502	-0.25822882
-711.61716172	-0.32065651
-711.58415842	-0.38973462
-711.55115512	-0.46231000
-711.51815182	-0.53373057
-711.48514851	-0.59739163
-711.45214521	-0.64629032
-711.41914191	-0.67218187
-711.38613861	-0.66820441
-711.35313531	-0.62965220
-711.32013201	-0.55490760
-711.28712871	-0.44770260
-711.25412541	-0.31571135
-711.22112211	-0.17012776
-711.18811881	-0.02400015
-711.15511551	0.10978082
-711.12211221	0.22124833
-711.08910891	0.30527995
-711.05610561	0.36135290
-711.02310231	0.39247925
-710.99009901	0.40471693
-710.95709571	0.40335468
-710.92409241	0.39229736
-710.89108911	0.37393329
-710.85808581	0.35000576
-710.82508251	0.32176454
-710.79207921	0.29110270
-710.75907591	0.26035143
-710.72607261	0.23162585
-710.69306931	0.20611183
-710.66006601	0.18322350
-710.62706271	0.16232754
-710.59405941	0.14242438
-710.56105611	0.12357369
-710.52805281	0.10640996
-710.49504950	0.09133566
-710.46204620	0.07862358
-710.42904290	0.06813241
-710.39603960	0.05889083
-710.36303630	0.05025199
-710.33003300	0.04217081
-710.29702970	0.03396918
-710.26402640	0.02599620
-710.23102310	0.01853256
-710.19801980	0.01101191
-710.16501650	0.00373938
-710.13201320	-0.00306064
-710.09900990	-0.00871924
-710.06600660	-0.01313502
-710.03300330	-0.01666765
-710.00000000	-0.01959304
-709.96699670	-0.02213735
-709.93399340	-0.02467904
-709.90099010	-0.02626060
-709.86798680	-0.02610364
-709.83498350	-0.02377908
-709.80198020	-0.01949678
-709.76897690	-0.01345589
-709.73597360	-0.00695447
-709.70297030	-0.00044854
-709.66996700	0.00513791
-709.63696370	0.00920473
-709.60396040	0.01146704
-709.57095710	0.01186170
-709.53795380	0.01048258
-709.50495050	0.00778330
-709.47194719	0.00452787
-709.43894389	0.00113878
-709.40594059	-0.00151601
-709.37293729	-0.00302660
-709.33993399	-0.00391140
-709.30693069	-0.00386122
-709.27392739	-0.00345625
-709.24092409	-0.00276022
-709.20792079	-0.00170057
-709.17491749	-0.00071003
-709.14191419	0.00035091
-709.10891089	0.00129074
-709.07590759	0.00197374
-709.04290429	0.00233425
-709.00990099	0.00202948
-708.97689769	0.00145539
-708.94389439	0.00060282
-708.91089109	0.00006970
-708.87788779	-0.00019988
-708.84488449	-0.00019487
-708.81188119	-0.00004525
-708.77887789	-0.00027924
-708.74587459	-0.00132002
-708.71287129	-0.00323185
-708.67986799	-0.00636843
-708.64686469	-0.00972321
-708.61386139	-0.01267572
-708.58085809	-0.01484669
-708.54785479	-0.01544013
-708.51485149	-0.01510066
-708.48184818	-0.01362826
-708.44884488	-0.01135423
-708.41584158	-0.00800925
-708.38283828	-0.00390759
-708.34983498	0.00024839
-708.31683168	0.00387664
-708.28382838	0.00654553
-708.25082508	0.00810717
-708.21782178	0.00925382
-708.18481848	0.01036622
-708.15181518	0.01186588
-708.11881188	0.01401672
-708.08580858	0.01609995
-708.05280528	0.01753728
-708.01980198	0.01819161
-707.98679868	0.01683335
-707.95379538	0.01431823
-707.92079208	0.01092410
-707.88778878	0.00747344
-707.85478548	0.00429608
-707.82178218	0.00195801
-707.78877888	0.00054545
-707.75577558	-0.00017747
-707.72277228	-0.00029548
-707.68976898	0.00015507
-707.65676568	0.00086715
-707.62376238	0.00177033
-707.59075908	0.00229181
-707.55775578	0.00225115
-707.52475248	0.00169276
-707.49174917	0.00058917
-707.45874587	-0.00051420
-707.42574257	-0.00135518
-707.39273927	-0.00162338
-707.35973597	-0.00105764
-707.32673267	-0.00036965
-707.29372937	-0.00018394
-707.26072607	-0.00082047
-707.22772277	-0.00298042
-707.19471947	-0.00697130
-707.16171617	-0.01204615
-707.12871287	-0.01741016
-707.09570957	-0.02199266
-707.06270627	-0.02431666
-707.02970297	-0.02434333
-706.99669967	-0.02180215
-706.96369637	-0.01801822
-706.93069307	-0.01400724
-706.89768977	-0.01017020
-706.86468647	-0.00741825
-706.83168317	-0.00553659
-706.79867987	-0.00434323
-706.76567657	-0.00420998
-706.73267327	-0.00436933
-706.69966997	-0.00495316
-706.66666667	-0.00547753
-706.63366337	-0.00543889
-706.60066007	-0.00414462
-706.56765677	-0.00153357
-706.53465347	0.00206909
-706.50165017	0.00626425
-706.46864686	0.01040093
-706.43564356	0.01383787
-706.40264026	0.01616534
-706.36963696	0.01732811
-706.33663366	0.01731586
-706.30363036	0.01630815
-706.27062706	0.01474113
-706.23762376	0.01274747
-706.20462046	0.01003683
-706.17161716	0.00689272
-706.13861386	0.00372403
-706.10561056	0.00063677
-706.07260726	-0.00210811
-706.03960396	-0.00397512
-706.00660066	-0.00510884
-705.97359736	-0.00506312
-705.94059406	-0.00387489
-705.90759076	-0.00175225
-705.87458746	0.00112890
-705.84158416	0.00446357
-705.80858086	0.00804490
-705.77557756	0.01157036
-705.74257426	0.01485337
-705.70957096	0.01734609
-705.67656766	0.01833089
-705.64356436	0.01708303
-705.61056106	0.01342174
-705.57755776	0.00754628
-705.54455446	0.00038967
-705.51155116	-0.00652049
-705.47854785	-0.01216716
-705.44554455	-0.01628901
-705.41254125	-0.01871658
-705.37953795	-0.02000870
-705.34653465	-0.02050452
-705.31353135	-0.02036217
-705.28052805	-0.01944587
-705.24752475	-0.01775952
-705.21452145	-0.01548090
-705.18151815	-0.01318545
-705.14851485	-0.01096821
-705.11551155	-0.00913162
-705.08250825	-0.00792114
-705.04950495	-0.00723325
-705.01650165	-0.00769128
-704.98349835	-0.00901874
-704.95049505	-0.01087891
-704.91749175	-0.01274862
-704.88448845	-0.01376553
-704.85148515	-0.01307892
-704.81848185	-0.01022595
-704.78547855	-0.00525404
-704.75247525	0.00165435
-704.71947195	0.00932484
-704.68646865	0.01708262
-704.65346535	0.02395267
-704.62046205	0.02929536
-704.58745875	0.03229543
-704.55445545	0.03271113
-704.52145215	0.03048126
-704.48844884	0.02587845
-704.45544554	0.01980663
-704.42244224	0.01337808
-704.38943894	0.00754233
-704.35643564	0.00333234
-704.32343234	0.00059724
-704.29042904	-0.00105473
-704.25742574	-0.00204612
-704.22442244	-0.00248751
-704.19141914	-0.00224256
-704.15841584	-0.00091851
-704.12541254	0.00231501
-704.09240924	0.00766898
-704.05940594	0.01471056
-704.02640264	0.02266797
-703.99339934	0.03045494
-703.96039604	0.03679365
-703.92739274	0.04038170
-703.89438944	0.04056899
-703.86138614	0.03726400
-703.82838284	0.03107120
-703.79537954	0.02323269
-703.76237624	0.01486513
-703.72937294	0.00713425
-703.69636964	0.00113245
-703.66336634	-0.00282311
-703.63036304	-0.00436515
-703.59735974	-0.00346254
-703.56435644	-0.00031450
-703.53135314	0.00412411
-703.49834983	0.00946537
-703.46534653	0.01433148
-703.43234323	0.01771375
-703.39933993	0.01945433
-703.36633663	0.01946489
-703.33333333	0.01826242
-703.30033003	0.01589041
-703.26732673	0.01299768
-703.23432343	0.00945877
-703.20132013	0.00551098
-703.16831683	0.00103150
-703.13531353	-0.00355729
-703.10231023	-0.00807341
-703.06930693	-0.01263834
-703.03630363	-0.01730138
-703.00330033	-0.02237604
-702.97029703	-0.02860026
-702.93729373	-0.03653236
-702.90429043	-0.04690721
-702.87128713	-0.05996871
-702.83828383	-0.07583734
-702.80528053	-0.09440066
-702.77227723	-0.11495808
-702.73927393	-0.13691996
-702.70627063	-0.15838991
-702.67326733	-0.17746395
-702.64026403	-0.19206626
-702.60726073	-0.19972198
-702.57425743	-0.19879155
-702.54125413	-0.18786036
-702.50825083	-0.16692939
-702.47524752	-0.13686645
-702.44224422	-0.09933008
-702.40924092	-0.05729559
-702.37623762	-0.01400202
-702.34323432	0.02742224
-702.31023102	0.06357293
-702.27722772	0.09277401
-702.24422442	0.11422327
-702.21122112	0.12789477
-702.17821782	0.13514242
-702.14521452	0.13714798
-702.11221122	0.13458251
-702.07920792	0.12850341
-702.04620462	0.11893625
-702.01320132	0.10661281
-701.98019802	0.09212831
-701.94719472	0.07715631
-701.91419142	0.06262597
-701.88118812	0.04955747
-701.84818482	0.03886330
-701.81518152	0.03024991
-701.78217822	0.02402557
-701.74917492	0.01988277
-701.71617162	0.01753016
-701.68316832	0.01717059
-701.65016502	0.01781479
-701.61716172	0.01909626
-701.58415842	0.02006158
-701.55115512	0.01990527
-701.51815182	0.01828373
-701.48514851	0.01492413
-701.45214521	0.01030372
-701.41914191	0.00503415
-701.38613861	-0.00042619
-701.35313531	-0.00493856
-701.32013201	-0.00813272
-701.28712871	-0.00970699
-701.25412541	-0.00983537
-701.22112211	-0.00909420
-701.18811881	-0.00786817
-701.15511551	-0.00632280
-701.12211221	-0.00467617
-701.08910891	-0.00256145
-701.05610561	0.00037953
-701.02310231	0.00401423
-700.99009901	0.00773780
-700.95709571	0.01095258
-700.92409241	0.01208475
-700.89108911	0.01100438
-700.85808581	0.00756899
-700.82508251	0.00247383
-700.79207921	-0.00311885
-700.75907591	-0.00824608
-700.72607261	-0.01202255
-700.69306931	-0.01458650
-700.66006601	-0.01573670
-700.62706271	-0.01525982
-700.59405941	-0.01324389
-700.56105611	-0.00911265
-700.52805281	-0.00316037
-700.49504950	0.00452187
-700.46204620	0.01323265
-700.42904290	0.02152022
-700.39603960	0.02856713
-700.36303630	0.03288540
-700.33003300	0.03393866
-700.29702970	0.03146685
-700.26402640	0.02578967
-700.23102310	0.01780005
-700.19801980	0.00890511
-700.16501650	-0.00012306
-700.13201320	-0.00800957
-700.09900990	-0.01419647
-700.06600660	-0.01849704
-700.03300330	-0.02029739
-700.00000000	-0.01971910
-699.96699670	-0.01725957
-699.93399340	-0.01339372
-699.90099010	-0.00913364
-699.86798680	-0.00528581
-699.83498350	-0.00218004
-699.80198020	0.00015935
-699.76897690	0.00151555
-699.73597360	0.00215387
-699.70297030	0.00210177
-699.66996700	0.00129305
-699.63696370	-0.00022791
-699.60396040	-0.00252208
-699.57095710	-0.00516945
-699.53795380	-0.00783718
-699.50495050	-0.00976668
-699.47194719	-0.01024303
-699.43894389	-0.00889795
-699.40594059	-0.00577029
-699.37293729	-0.00128878
-699.33993399	0.00338013
-699.30693069	0.00727376
-699.27392739	0.00992606
-699.24092409	0.01083600
-699.20792079	0.00982490
-699.17491749	0.00739246
-699.14191419	0.00419348
-699.10891089	0.00084859
-699.07590759	-0.00202795
-699.04290429	-0.00397021
-699.00990099	-0.00486331
-698.97689769	-0.00522399
-698.94389439	-0.00567206
-698.91089109	-0.00608763
-698.87788779	-0.00682616
-698.84488449	-0.00740193
-698.81188119	-0.00771791
-698.77887789	-0.00682959
-698.74587459	-0.00515152
-698.71287129	-0.00266181
-698.67986799	0.00065470
-698.64686469	0.00389738
-698.61386139	0.00684729
-698.58085809	0.00878522
-698.54785479	0.00915385
-698.51485149	0.00730897
-698.48184818	0.00343286
-698.44884488	-0.00228937
-698.41584158	-0.00884215
-698.38283828	-0.01499185
-698.34983498	-0.01963004
-698.31683168	-0.02162819
-698.28382838	-0.02126153
-698.25082508	-0.01881435
-698.21782178	-0.01509921
-698.18481848	-0.01098983
-698.15181518	-0.00718506
-698.11881188	-0.00357722
-698.08580858	-0.00058775
-698.05280528	0.00166747
-698.01980198	0.00345093
-697.98679868	0.00429762
-697.95379538	0.00399747
-697.92079208	0.00271699
-697.88778878	0.00047760
-697.85478548	-0.00229477
-697.82178218	-0.00494184
-697.78877888	-0.00709266
-697.75577558	-0.00826903
-697.72277228	-0.00799358
-697.68976898	-0.00651093
-697.65676568	-0.00341678
-697.62376238	0.00061958
-697.59075908	0.00491983
-697.55775578	0.00915976
-697.52475248	0.01268645
-697.49174917	0.01476042
-697.45874587	0.01538987
-697.42574257	0.01457874
-697.39273927	0.01258165
-697.35973597	0.00947292
-697.32673267	0.00577996
-697.29372937	0.00226145
-697.26072607	-0.00072090
-697.22772277	-0.00324794
-697.19471947	-0.00464686
-697.16171617	-0.00554828
-697.12871287	-0.00584208
-697.09570957	-0.00511183
-697.06270627	-0.00371869
-697.02970297	-0.00115265
-696.99669967	0.00241969
-696.96369637	0.00632573
-696.93069307	0.01042206
-696.89768977	0.01404302
-696.86468647	0.01678833
-696.83168317	0.01835715
-696.79867987	0.01838503
-696.76567657	0.01708019
-696.73267327	0.01380413
-696.69966997	0.00913626
-696.66666667	0.00337997
-696.63366337	-0.00323610
-696.60066007	-0.00947721
-696.56765677	-0.01498369
-696.53465347	-0.01933155
-696.50165017	-0.02205422
-696.46864686	-0.02236094
-696.43564356	-0.02072229
-696.40264026	-0.01684645
-696.36963696	-0.01113929
-696.33663366	-0.00432326
-696.30363036	0.00220200
-696.27062706	0.00737707
-696.23762376	0.01031485
-696.20462046	0.01033952
-696.17161716	0.00797684
-696.13861386	0.00382397
-696.10561056	-0.00099893
-696.07260726	-0.00530020
-696.03960396	-0.00855584
-696.00660066	-0.01047259
-695.97359736	-0.01078593
-695.94059406	-0.01030908
-695.90759076	-0.00869856
-695.87458746	-0.00685088
-695.84158416	-0.00500704
-695.80858086	-0.00325104
-695.77557756	-0.00139496
-695.74257426	0.00062722
-695.70957096	0.00273782
-695.67656766	0.00489047
-695.64356436	0.00685922
-695.61056106	0.00789776
-695.57755776	0.00783934
-695.54455446	0.00667709
-695.51155116	0.00444793
-695.47854785	0.00151825
-695.44554455	-0.00115743
-695.41254125	-0.00335761
-695.37953795	-0.00418375
-695.34653465	-0.00294699
-695.31353135	0.00030938
-695.28052805	0.00565919
-695.24752475	0.01218438
-695.21452145	0.01864470
-695.18151815	0.02396610
-695.14851485	0.02721990
-695.11551155	0.02807422
-695.08250825	0.02651372
-695.04950495	0.02315416
-695.01650165	0.01878883
-694.98349835	0.01369789
-694.95049505	0.00825591
-694.91749175	0.00273049
-694.88448845	-0.00256852
-694.85148515	-0.00706480
-694.81848185	-0.01018810
-694.78547855	-0.01085931
-694.75247525	-0.00913401
-694.71947195	-0.00470411
-694.68646865	0.00153805
-694.65346535	0.00801940
-694.62046205	0.01365230
-694.58745875	0.01734111
-694.55445545	0.01845141
-694.52145215	0.01716048
-694.48844884	0.01401361
-694.45544554	0.00956950
-694.42244224	0.00466843
-694.38943894	-0.00022722
-694.35643564	-0.00461527
-694.32343234	-0.00833227
-694.29042904	-0.01139654
-694.25742574	-0.01379970
-694.22442244	-0.01595721
-694.19141914	-0.01745000
-694.15841584	-0.01885569
-694.12541254	-0.02025744
-694.09240924	-0.02196930
-694.05940594	-0.02377649
-694.02640264	-0.02635962
-693.99339934	-0.02921871
-693.96039604	-0.03232294
-693.92739274	-0.03578399
-693.89438944	-0.03915332
-693.86138614	-0.04248970
-693.82838284	-0.04521197
-693.79537954	-0.04714496
-693.76237624	-0.04711747
-693.72937294	-0.04470358
-693.69636964	-0.03970410
-693.66336634	-0.03198369
-693.63036304	-0.02218509
-693.59735974	-0.01096184
-693.56435644	0.00098253
-693.53135314	0.01234690
-693.49834983	0.02296647
-693.46534653	0.03214807
-693.43234323	0.03978191
-693.39933993	0.04585802
-693.36633663	0.04990226
-693.33333333	0.05196684
-693.30033003	0.05152819
-693.26732673	0.04869764
-693.23432343	0.04360895
-693.20132013	0.03668517
-693.16831683	0.02879132
-693.13531353	0.02072033
-693.10231023	0.01364869
-693.06930693	0.00775912
-693.03630363	0.00400184
-693.00330033	0.00241161
-692.97029703	0.00247848
-692.93729373	0.00398909
-692.90429043	0.00615003
-692.87128713	0.00845065
-692.83828383	0.01070810
-692.80528053	0.01253388
-692.77227723	0.01368146
-692.73927393	0.01375881
-692.70627063	0.01277205
-692.67326733	0.01094361
-692.64026403	0.00815792
-692.60726073	0.00514909
-692.57425743	0.00247214
-692.54125413	-0.00024505
-692.50825083	-0.00212889
-692.47524752	-0.00372324
-692.44224422	-0.00534025
-692.40924092	-0.00658930
-692.37623762	-0.00780629
-692.34323432	-0.00844591
-692.31023102	-0.00834512
-692.27722772	-0.00753141
-692.24422442	-0.00567936
-692.21122112	-0.00344235
-692.17821782	-0.00094670
-692.14521452	0.00147747
-692.11221122	0.00375263
-692.07920792	0.00546506
-692.04620462	0.00683074
-692.01320132	0.00781843
-691.98019802	0.00821698
-691.94719472	0.00831142
-691.91419142	0.00816865
-691.88118812	0.00741005
-691.84818482	0.00691574
-691.81518152	0.00625027
-691.78217822	0.00564327
-691.74917492	0.00564008
-691.71617162	0.00559708
-691.68316832	0.00566660
-691.65016502	0.00569300
-691.61716172	0.00530757
-691.58415842	0.00493917
-691.55115512	0.00450810
-691.51815182	0.00390633
-691.48514851	0.00349571
-691.45214521	0.00280369
-691.41914191	0.00185465
-691.38613861	0.00059023
-691.35313531	-0.00126420
-691.32013201	-0.00318629
-691.28712871	-0.00485765
-691.25412541	-0.00612711
-691.22112211	-0.00633278
-691.18811881	-0.00517180
-691.15511551	-0.00294027
-691.12211221	0.00028671
-691.08910891	0.00399755
-691.05610561	0.00751272
-691.02310231	0.01027131
-690.99009901	0.01200788
-690.95709571	0.01193092
-690.92409241	0.01002556
-690.89108911	0.00672321
-690.85808581	0.00211938
-690.82508251	-0.00287169
-690.79207921	-0.00731939
-690.75907591	-0.01062915
-690.72607261	-0.01247954
-690.69306931	-0.01280093
-690.66006601	-0.01222495
-690.62706271	-0.01081987
-690.59405941	-0.00925739
-690.56105611	-0.00797153
-690.52805281	-0.00700227
-690.49504950	-0.00682942
-690.46204620	-0.00715640
-690.42904290	-0.00767580
-690.39603960	-0.00808826
-690.36303630	-0.00783266
-690.33003300	-0.00645725
-690.29702970	-0.00436111
-690.26402640	-0.00156892
-690.23102310	0.00145255
-690.19801980	0.00388025
-690.16501650	0.00517143
-690.13201320	0.00500535
-690.09900990	0.00343881
-690.06600660	0.00099781
-690.03300330	-0.00195044
-690.00000000	-0.00466290
-689.96699670	-0.00681858
-689.93399340	-0.00795859
-689.90099010	-0.00814338
-689.86798680	-0.00726356
-689.83498350	-0.00582011
-689.80198020	-0.00425571
-689.76897690	-0.00274179
-689.73597360	-0.00174559
-689.70297030	-0.00139608
-689.66996700	-0.00130408
-689.63696370	-0.00211360
-689.60396040	-0.00324476
-689.57095710	-0.00480827
-689.53795380	-0.00704353
-689.50495050	-0.00925042
-689.47194719	-0.01110549
-689.43894389	-0.01243850
-689.40594059	-0.01233781
-689.37293729	-0.01125327
-689.33993399	-0.00909889
-689.30693069	-0.00632107
-689.27392739	-0.00342408
-689.24092409	-0.00101410
-689.20792079	0.00058033
-689.17491749	0.00080875
-689.14191419	-0.00031839
-689.10891089	-0.00244397
-689.07590759	-0.00530942
-689.04290429	-0.00784337
-689.00990099	-0.00961670
-688.97689769	-0.01019238
-688.94389439	-0.00959900
-688.91089109	-0.00836832
-688.87788779	-0.00703313
-688.84488449	-0.00573418
-688.81188119	-0.00497528
-688.77887789	-0.00464416
-688.74587459	-0.00443459
-688.71287129	-0.00432746
-688.67986799	-0.00415691
-688.64686469	-0.00398330
-688.61386139	-0.00348061
-688.58085809	-0.00259574
-688.54785479	-0.00114631
-688.51485149	0.00100407
-688.48184818	0.00397975
-688.44884488	0.00763899
-688.41584158	0.01133346
-688.38283828	0.01483963
-688.34983498	0.01718607
-688.31683168	0.01826376
-688.28382838	0.01787350
-688.25082508	0.01622753
-688.21782178	0.01370364
-688.18481848	0.01086579
-688.15181518	0.00846893
-688.11881188	0.00649219
-688.08580858	0.00510325
-688.05280528	0.00465930
-688.01980198	0.00453196
-687.98679868	0.00473642
-687.95379538	0.00507808
-687.92079208	0.00537457
-687.88778878	0.00535858
-687.85478548	0.00498656
-687.82178218	0.00420823
-687.78877888	0.00304425
-687.75577558	0.00236015
-687.72277228	0.00211474
-687.68976898	0.00251874
-687.65676568	0.00372431
-687.62376238	0.00532993
-687.59075908	0.00694438
-687.55775578	0.00817365
-687.52475248	0.00908930
-687.49174917	0.00956571
-687.45874587	0.00949761
-687.42574257	0.00891332
-687.39273927	0.00755894
-687.35973597	0.00534335
-687.32673267	0.00236619
-687.29372937	-0.00133970
-687.26072607	-0.00510704
-687.22772277	-0.00859057
-687.19471947	-0.01119247
-687.16171617	-0.01260954
-687.12871287	-0.01276367
-687.09570957	-0.01179114
-687.06270627	-0.00986463
-687.02970297	-0.00742703
-686.99669967	-0.00467677
-686.96369637	-0.00240144
-686.93069307	-0.00099540
-686.89768977	-0.00040879
-686.86468647	-0.00078845
-686.83168317	-0.00190865
-686.79867987	-0.00334714
-686.76567657	-0.00521097
-686.73267327	-0.00694679
-686.69966997	-0.00845547
-686.66666667	-0.00957026
-686.63366337	-0.00999265
-686.60066007	-0.00963478
-686.56765677	-0.00802884
-686.53465347	-0.00531850
-686.50165017	-0.00202345
-686.46864686	0.00144659
-686.43564356	0.00430692
-686.40264026	0.00596963
-686.36963696	0.00622673
-686.33663366	0.00481166
-686.30363036	0.00267670
-686.27062706	-0.00000314
-686.23762376	-0.00256228
-686.20462046	-0.00444068
-686.17161716	-0.00562263
-686.13861386	-0.00583024
-686.10561056	-0.00523333
-686.07260726	-0.00371628
-686.03960396	-0.00155085
-686.00660066	0.00126382
-685.97359736	0.00414861
-685.94059406	0.00677384
-685.90759076	0.00896634
-685.87458746	0.01027517
-685.84158416	0.01064403
-685.80858086	0.01025788
-685.77557756	0.00960228
-685.74257426	0.00851582
-685.70957096	0.00736266
-685.67656766	0.00596043
-685.64356436	0.00443387
-685.61056106	0.00257403
-685.57755776	0.00063213
-685.54455446	-0.00090122
-685.51155116	-0.00190790
-685.47854785	-0.00246450
-685.44554455	-0.00246657
-685.41254125	-0.00246001
-685.37953795	-0.00272820
-685.34653465	-0.00350789
-685.31353135	-0.00485438
-685.28052805	-0.00656163
-685.24752475	-0.00879253
-685.21452145	-0.01103571
-685.18151815	-0.01311973
-685.14851485	-0.01524368
-685.11551155	-0.01727592
-685.08250825	-0.01902641
-685.04950495	-0.02035916
-685.01650165	-0.02126754
-684.98349835	-0.02107567
-684.95049505	-0.01964038
-684.91749175	-0.01676515
-684.88448845	-0.01241142
-684.85148515	-0.00685998
-684.81848185	-0.00058611
-684.78547855	0.00567470
-684.75247525	0.01125955
-684.71947195	0.01594809
-684.68646865	0.01928325
-684.65346535	0.02112582
-684.62046205	0.02201449
-684.58745875	0.02152641
-684.55445545	0.02008579
-684.52145215	0.01783128
-684.48844884	0.01455717
-684.45544554	0.01106994
-684.42244224	0.00729183
-684.38943894	0.00417328
-684.35643564	0.00191937
-684.32343234	0.00067156
-684.29042904	0.00071194
-684.25742574	0.00177110
-684.22442244	0.00371497
-684.19141914	0.00657881
-684.15841584	0.00921309
-684.12541254	0.01168285
-684.09240924	0.01312307
-684.05940594	0.01338372
-684.02640264	0.01214567
-683.99339934	0.01008715
-683.96039604	0.00713415
-683.92739274	0.00469075
-683.89438944	0.00231914
-683.86138614	0.00065489
-683.82838284	-0.00047994
-683.79537954	-0.00143417
-683.76237624	-0.00223574
-683.72937294	-0.00315917
-683.69636964	-0.00430102
-683.66336634	-0.00541294
-683.63036304	-0.00665558
-683.59735974	-0.00740046
-683.56435644	-0.00797980
-683.53135314	-0.00781640
-683.49834983	-0.00739552
-683.46534653	-0.00660712
-683.43234323	-0.00569204
-683.39933993	-0.00492595
-683.36633663	-0.00483381
-683.33333333	-0.00532506
-683.30033003	-0.00617895
-683.26732673	-0.00757046
-683.23432343	-0.00863496
-683.20132013	-0.00958984
-683.16831683	-0.00942066
-683.13531353	-0.00883613
-683.10231023	-0.00756936
-683.06930693	-0.00602559
-683.03630363	-0.00452439
-683.00330033	-0.00308301
-682.97029703	-0.00177368
-682.93729373	-0.00031397
-682.90429043	0.00101345
-682.87128713	0.00242311
-682.83828383	0.00348794
-682.80528053	0.00408647
-682.77227723	0.00437282
-682.73927393	0.00412501
-682.70627063	0.00389146
-682.67326733	0.00365828
-682.64026403	0.00313674
-682.60726073	0.00274971
-682.57425743	0.00192536
-682.54125413	0.00139815
-682.50825083	0.00130278
-682.47524752	0.00255974
-682.44224422	0.00481145
-682.40924092	0.00845734
-682.37623762	0.01271089
-682.34323432	0.01668353
-682.31023102	0.02000331
-682.27722772	0.02197734
-682.24422442	0.02276648
-682.21122112	0.02264307
-682.17821782	0.02202451
-682.14521452	0.02099982
-682.11221122	0.02010837
-682.07920792	0.01891824
-682.04620462	0.01808383
-682.01320132	0.01740291
-681.98019802	0.01746421
-681.94719472	0.01811301
-681.91419142	0.01926392
-681.88118812	0.02058633
-681.84818482	0.02192438
-681.81518152	0.02285244
-681.78217822	0.02319533
-681.74917492	0.02281240
-681.71617162	0.02188027
-681.68316832	0.01976631
-681.65016502	0.01722354
-681.61716172	0.01400307
-681.58415842	0.01064054
-681.55115512	0.00751480
-681.51815182	0.00503731
-681.48514851	0.00324135
-681.45214521	0.00261577
-681.41914191	0.00248936
-681.38613861	0.00338134
-681.35313531	0.00416767
-681.32013201	0.00533545
-681.28712871	0.00586020
-681.25412541	0.00644145
-681.22112211	0.00616037
-681.18811881	0.00539287
-681.15511551	0.00421456
-681.12211221	0.00245361
-681.08910891	0.00052481
-681.05610561	-0.00168464
-681.02310231	-0.00372742
-680.99009901	-0.00590917
-680.95709571	-0.00808262
-680.92409241	-0.01003087
-680.89108911	-0.01191247
-680.85808581	-0.01370698
-680.82508251	-0.01473699
-680.79207921	-0.01522025
-680.75907591	-0.01500631
-680.72607261	-0.01401918
-680.69306931	-0.01240333
-680.66006601	-0.01058673
-680.62706271	-0.00849599
-680.59405941	-0.00658832
-680.56105611	-0.00486916
-680.52805281	-0.00389893
-680.49504950	-0.00369107
-680.46204620	-0.00473592
-680.42904290	-0.00710376
-680.39603960	-0.01075279
-680.36303630	-0.01529969
-680.33003300	-0.02019938
-680.29702970	-0.02435183
-680.26402640	-0.02735141
-680.23102310	-0.02815828
-680.19801980	-0.02702361
-680.16501650	-0.02391609
-680.13201320	-0.01969322
-680.09900990	-0.01500752
-680.06600660	-0.01080155
-680.03300330	-0.00800399
-680.00000000	-0.00672428
-679.96699670	-0.00746179
-679.93399340	-0.00982475
-679.90099010	-0.01323943
-679.86798680	-0.01708871
-679.83498350	-0.02058055
-679.80198020	-0.02294753
-679.76897690	-0.02373877
-679.73597360	-0.02281507
-679.70297030	-0.02053537
-679.66996700	-0.01722916
-679.63696370	-0.01370931
-679.60396040	-0.01064261
-679.57095710	-0.00836727
-679.53795380	-0.00722355
-679.50495050	-0.00744410
-679.47194719	-0.00835520
-679.43894389	-0.01025076
-679.40594059	-0.01194650
-679.37293729	-0.01381274
-679.33993399	-0.01483596
-679.30693069	-0.01554006
-679.27392739	-0.01557273
-679.24092409	-0.01490632
-679.20792079	-0.01382840
-679.17491749	-0.01198450
-679.14191419	-0.00960831
-679.10891089	-0.00683022
-679.07590759	-0.00421243
-679.04290429	-0.00200406
-679.00990099	-0.00053712
-678.97689769	0.00028379
-678.94389439	0.00070505
-678.91089109	0.00136395
-678.87788779	0.00189937
-678.84488449	0.00308449
-678.81188119	0.00376121
-678.77887789	0.00405872
-678.74587459	0.00321216
-678.71287129	0.00145356
-678.67986799	-0.00113368
-678.64686469	-0.00396041
-678.61386139	-0.00656459
-678.58085809	-0.00862142
-678.54785479	-0.00977963
-678.51485149	-0.01009431
-678.48184818	-0.00934259
-678.44884488	-0.00758013
-678.41584158	-0.00497438
-678.38283828	-0.00183965
-678.34983498	0.00125843
-678.31683168	0.00366944
-678.28382838	0.00547502
-678.25082508	0.00614371
-678.21782178	0.00633803
-678.18481848	0.00590317
-678.15181518	0.00534006
-678.11881188	0.00450943
-678.08580858	0.00330215
-678.05280528	0.00195595
-678.01980198	0.00029891
-677.98679868	-0.00125911
-677.95379538	-0.00233336
-677.92079208	-0.00282869
-677.88778878	-0.00225017
-677.85478548	-0.00120111
-677.82178218	0.00054883
-677.78877888	0.00232862
-677.75577558	0.00413324
-677.72277228	0.00565873
-677.68976898	0.00684983
-677.65676568	0.00755890
-677.62376238	0.00793432
-677.59075908	0.00779536
-677.55775578	0.00725816
-677.52475248	0.00655911
-677.49174917	0.00543892
-677.45874587	0.00495229
-677.42574257	0.00411306
-677.39273927	0.00383329
-677.35973597	0.00362874
-677.32673267	0.00372251
-677.29372937	0.00401059
-677.26072607	0.00469942
-677.22772277	0.00589804
-677.19471947	0.00777646
-677.16171617	0.00984673
-677.12871287	0.01211085
-677.09570957	0.01385557
-677.06270627	0.01476708
-677.02970297	0.01476897
-676.99669967	0.01337586
-676.96369637	0.01137473
-676.93069307	0.00860670
-676.89768977	0.00571565
-676.86468647	0.00265341
-676.83168317	-0.00018099
-676.79867987	-0.00278531
-676.76567657	-0.00456169
-676.73267327	-0.00557239
-676.69966997	-0.00516021
-676.66666667	-0.00388612
-676.63366337	-0.00119446
-676.60066007	0.00165630
-676.56765677	0.00492625
-676.53465347	0.00763751
-676.50165017	0.01007276
-676.46864686	0.01184683
-676.43564356	0.01294179
-676.40264026	0.01336114
-676.36963696	0.01286692
-676.33663366	0.01166136
-676.30363036	0.00939903
-676.27062706	0.00669557
-676.23762376	0.00344968
-676.20462046	0.00027391
-676.17161716	-0.00216971
-676.13861386	-0.00405279
-676.10561056	-0.00450603
-676.07260726	-0.00401665
-676.03960396	-0.00234245
-676.00660066	-0.00002881
-675.97359736	0.00299652
-675.94059406	0.00594778
-675.90759076	0.00880069
-675.87458746	0.01104413
-675.84158416	0.01261182
-675.80858086	0.01351954
-675.77557756	0.01356348
-675.74257426	0.01349990
-675.70957096	0.01270852
-675.67656766	0.01205310
-675.64356436	0.01121563
-675.61056106	0.01091664
-675.57755776	0.01088303
-675.54455446	0.01174991
-675.51155116	0.01292377
-675.47854785	0.01441682
-675.44554455	0.01546995
-675.41254125	0.01595773
-675.37953795	0.01577008
-675.34653465	0.01447317
-675.31353135	0.01294441
-675.28052805	0.01057982
-675.24752475	0.00796301
-675.21452145	0.00504834
-675.18151815	0.00192949
-675.14851485	-0.00119692
-675.11551155	-0.00413216
-675.08250825	-0.00686864
-675.04950495	-0.00921005
-675.01650165	-0.01090188
-674.98349835	-0.01205882
-674.95049505	-0.01249500
-674.91749175	-0.01180541
-674.88448845	-0.01020464
-674.85148515	-0.00731636
-674.81848185	-0.00369930
-674.78547855	0.00037246
-674.75247525	0.00401852
-674.71947195	0.00684929
-674.68646865	0.00815388
-674.65346535	0.00802046
-674.62046205	0.00629245
-674.58745875	0.00348755
-674.55445545	-0.00026549
-674.52145215	-0.00418401
-674.48844884	-0.00775645
-674.45544554	-0.01083564
-674.42244224	-0.01243859
-674.38943894	-0.01287829
-674.35643564	-0.01239057
-674.32343234	-0.01079413
-674.29042904	-0.00902168
-674.25742574	-0.00680986
-674.22442244	-0.00451256
-674.19141914	-0.00214982
-674.15841584	0.00015261
-674.12541254	0.00253738
-674.09240924	0.00460723
-674.05940594	0.00656365
-674.02640264	0.00782304
-673.99339934	0.00845725
-673.96039604	0.00874550
-673.92739274	0.00836917
-673.89438944	0.00798187
-673.86138614	0.00768141
-673.82838284	0.00748421
-673.79537954	0.00788995
-673.76237624	0.00830723
-673.72937294	0.00889502
-673.69636964	0.00972999
-673.66336634	0.01014389
-673.63036304	0.01076206
-673.59735974	0.01098905
-673.56435644	0.01100005
-673.53135314	0.01077673
-673.49834983	0.00999231
-673.46534653	0.00894367
-673.43234323	0.00755409
-673.39933993	0.00582946
-673.36633663	0.00401185
-673.33333333	0.00188788
-673.30033003	-0.00017111
-673.26732673	-0.00226906
-673.23432343	-0.00405294
-673.20132013	-0.00522582
-673.16831683	-0.00534216
-673.13531353	-0.00419776
-673.10231023	-0.00176284
-673.06930693	0.00149237
-673.03630363	0.00494991
-673.00330033	0.00834543
-672.97029703	0.01088423
-672.93729373	0.01269579
-672.90429043	0.01343343
-672.87128713	0.01318333
-672.83828383	0.01186432
-672.80528053	0.00977404
-672.77227723	0.00720920
-672.73927393	0.00441303
-672.70627063	0.00205546
-672.67326733	0.00038982
-672.64026403	-0.00049120
-672.60726073	-0.00052196
-672.57425743	0.00005092
-672.54125413	0.00073861
-672.50825083	0.00132113
-672.47524752	0.00182491
-672.44224422	0.00204057
-672.40924092	0.00182475
-672.37623762	0.00169153
-672.34323432	0.00108478
-672.31023102	0.00064263
-672.27722772	0.00007060
-672.24422442	-0.00033127
-672.21122112	-0.00034407
-672.17821782	-0.00001798
-672.14521452	0.00063525
-672.11221122	0.00159137
-672.07920792	0.00235270
-672.04620462	0.00302572
-672.01320132	0.00308363
-671.98019802	0.00280588
-671.94719472	0.00224625
-671.91419142	0.00129426
-671.88118812	0.00037750
-671.84818482	-0.00055091
-671.81518152	-0.00132648
-671.78217822	-0.00234473
-671.74917492	-0.00321011
-671.71617162	-0.00435806
-671.68316832	-0.00580363
-671.65016502	-0.00738516
-671.61716172	-0.00938332
-671.58415842	-0.01130792
-671.55115512	-0.01339146
-671.51815182	-0.01530957
-671.48514851	-0.01673152
-671.45214521	-0.01750259
-671.41914191	-0.01720443
-671.38613861	-0.01603622
-671.35313531	-0.01357699
-671.32013201	-0.01053475
-671.28712871	-0.00720064
-671.25412541	-0.00412718
-671.22112211	-0.00179453
-671.18811881	-0.00052677
-671.15511551	-0.00063263
-671.12211221	-0.00176918
-671.08910891	-0.00393825
-671.05610561	-0.00662558
-671.02310231	-0.00929251
-670.99009901	-0.01157692
-670.95709571	-0.01279118
-670.92409241	-0.01329070
-670.89108911	-0.01261186
-670.85808581	-0.01084216
-670.82508251	-0.00834655
-670.79207921	-0.00520355
-670.75907591	-0.00217085
-670.72607261	0.00082327
-670.69306931	0.00324057
-670.66006601	0.00479707
-670.62706271	0.00553928
-670.59405941	0.00507729
-670.56105611	0.00400349
-670.52805281	0.00258337
-670.49504950	0.00085335
-670.46204620	-0.00032248
-670.42904290	-0.00094153
-670.39603960	-0.00095001
-670.36303630	-0.00024771
-670.33003300	0.00068534
-670.29702970	0.00160197
-670.26402640	0.00222409
-670.23102310	0.00237669
-670.19801980	0.00182566
-670.16501650	0.00098540
-670.13201320	-0.00008450
-670.09900990	-0.00135759
-670.06600660	-0.00258833
-670.03300330	-0.00377249
-670.00000000	-0.00510369
-669.96699670	-0.00647792
-669.93399340	-0.00797972
-669.90099010	-0.00963503
-669.86798680	-0.01118109
-669.83498350	-0.01253390
-669.80198020	-0.01368230
-669.76897690	-0.01471579
-669.73597360	-0.01561352
-669.70297030	-0.01638290
-669.66996700	-0.01664542
-669.63696370	-0.01668349
-669.60396040	-0.01604906
-669.57095710	-0.01481302
-669.53795380	-0.01298256
-669.50495050	-0.01086629
-669.47194719	-0.00868723
-669.43894389	-0.00642776
-669.40594059	-0.00465901
-669.37293729	-0.00307291
-669.33993399	-0.00181783
-669.30693069	-0.00090849
-669.27392739	-0.00030278
-669.24092409	0.00018962
-669.20792079	0.00066098
-669.17491749	0.00142715
-669.14191419	0.00235135
-669.10891089	0.00370852
-669.07590759	0.00534063
-669.04290429	0.00702680
-669.00990099	0.00846035
-668.97689769	0.00944913
-668.94389439	0.00974326
-668.91089109	0.00942152
-668.87788779	0.00839824
-668.84488449	0.00682007
-668.81188119	0.00521883
-668.77887789	0.00340957
-668.74587459	0.00153791
-668.71287129	-0.00013520
-668.67986799	-0.00190908
-668.64686469	-0.00357703
-668.61386139	-0.00498172
-668.58085809	-0.00616431
-668.54785479	-0.00678728
-668.51485149	-0.00678039
-668.48184818	-0.00610874
-668.44884488	-0.00512791
-668.41584158	-0.00375588
-668.38283828	-0.00262003
-668.34983498	-0.00152282
-668.31683168	-0.00100343
-668.28382838	-0.00091227
-668.25082508	-0.00150022
-668.21782178	-0.00246139
-668.18481848	-0.00404981
-668.15181518	-0.00559885
-668.11881188	-0.00712412
-668.08580858	-0.00849887
-668.05280528	-0.00939644
-668.01980198	-0.00990715
-667.98679868	-0.00997486
-667.95379538	-0.00961662
-667.92079208	-0.00876404
-667.88778878	-0.00760650
-667.85478548	-0.00627217
-667.82178218	-0.00496302
-667.78877888	-0.00368570
-667.75577558	-0.00265815
-667.72277228	-0.00188516
-667.68976898	-0.00105333
-667.65676568	-0.00061970
-667.62376238	-0.00002572
-667.59075908	0.00053011
-667.55775578	0.00066414
-667.52475248	0.00064304
-667.49174917	0.00041202
-667.45874587	0.00018329
-667.42574257	0.00042006
-667.39273927	0.00111804
-667.35973597	0.00246726
-667.32673267	0.00452086
-667.29372937	0.00717126
-667.26072607	0.01019748
-667.22772277	0.01348972
-667.19471947	0.01672887
-667.16171617	0.01966267
-667.12871287	0.02189425
-667.09570957	0.02342202
-667.06270627	0.02378185
-667.02970297	0.02322015
-666.99669967	0.02146411
-666.96369637	0.01881465
-666.93069307	0.01560821
-666.89768977	0.01236676
-666.86468647	0.00932371
-666.83168317	0.00704728
-666.79867987	0.00521537
-666.76567657	0.00410325
-666.73267327	0.00341000
-666.69966997	0.00281774
-666.66666667	0.00220760
-666.63366337	0.00147505
-666.60066007	0.00042233
-666.56765677	-0.00088756
-666.53465347	-0.00238309
-666.50165017	-0.00411181
-666.46864686	-0.00599956
-666.43564356	-0.00765869
-666.40264026	-0.00888018
-666.36963696	-0.00961003
-666.33663366	-0.00931990
-666.30363036	-0.00818462
-666.27062706	-0.00611328
-666.23762376	-0.00346958
-666.20462046	-0.00053119
-666.17161716	0.00284888
-666.13861386	0.00597013
-666.10561056	0.00883572
-666.07260726	0.01155945
-666.03960396	0.01350078
-666.00660066	0.01490860
-665.97359736	0.01560257
-665.94059406	0.01552908
-665.90759076	0.01467130
-665.87458746	0.01326521
-665.84158416	0.01138466
-665.80858086	0.00918914
-665.77557756	0.00683749
-665.74257426	0.00467983
-665.70957096	0.00237334
-665.67656766	0.00047003
-665.64356436	-0.00120729
-665.61056106	-0.00245444
-665.57755776	-0.00345838
-665.54455446	-0.00413397
-665.51155116	-0.00451411
-665.47854785	-0.00456707
-665.44554455	-0.00456741
-665.41254125	-0.00434869
-665.37953795	-0.00399594
-665.34653465	-0.00399773
-665.31353135	-0.00407196
-665.28052805	-0.00446656
-665.24752475	-0.00498992
-665.21452145	-0.00545145
-665.18151815	-0.00574589
-665.14851485	-0.00557251
-665.11551155	-0.00514227
-665.08250825	-0.00417452
-665.04950495	-0.00279856
-665.01650165	-0.00122033
-664.98349835	0.00056743
-664.95049505	0.00238128
-664.91749175	0.00402296
-664.88448845	0.00525026
-664.85148515	0.00641607
-664.81848185	0.00741196
-664.78547855	0.00841308
-664.75247525	0.00931922
-664.71947195	0.01039439
-664.68646865	0.01143842
-664.65346535	0.01213675
-664.62046205	0.01244441
-664.58745875	0.01230353
-664.55445545	0.01170815
-664.52145215	0.01072588
-664.48844884	0.00938518
-664.45544554	0.00804493
-664.42244224	0.00709604
-664.38943894	0.00658127
-664.35643564	0.00666627
-664.32343234	0.00727715
-664.29042904	0.00809619
-664.25742574	0.00914158
-664.22442244	0.00982641
-664.19141914	0.01013984
-664.15841584	0.01015799
-664.12541254	0.00982230
-664.09240924	0.00924924
-664.05940594	0.00827019
-664.02640264	0.00707408
-663.99339934	0.00554466
-663.96039604	0.00394754
-663.92739274	0.00225088
-663.89438944	0.00055297
-663.86138614	-0.00092101
-663.82838284	-0.00212710
-663.79537954	-0.00299674
-663.76237624	-0.00359249
-663.72937294	-0.00425910
-663.69636964	-0.00489146
-663.66336634	-0.00559945
-663.63036304	-0.00634069
-663.59735974	-0.00709351
-663.56435644	-0.00760358
-663.53135314	-0.00751068
-663.49834983	-0.00708704
-663.46534653	-0.00608137
-663.43234323	-0.00483181
-663.39933993	-0.00317012
-663.36633663	-0.00171581
-663.33333333	-0.00040195
-663.30033003	0.00056979
-663.26732673	0.00121248
-663.23432343	0.00160235
-663.20132013	0.00171045
-663.16831683	0.00199041
-663.13531353	0.00219079
-663.10231023	0.00267003
-663.06930693	0.00352647
-663.03630363	0.00485402
-663.00330033	0.00647054
-662.97029703	0.00806333
-662.93729373	0.00931812
-662.90429043	0.00984333
-662.87128713	0.00941136
-662.83828383	0.00800733
-662.80528053	0.00570209
-662.77227723	0.00256177
-662.73927393	-0.00087611
-662.70627063	-0.00429487
-662.67326733	-0.00754396
-662.64026403	-0.01024496
-662.60726073	-0.01200911
-662.57425743	-0.01304702
-662.54125413	-0.01311904
-662.50825083	-0.01253967
-662.47524752	-0.01167074
-662.44224422	-0.01066913
-662.40924092	-0.00980058
-662.37623762	-0.00937312
-662.34323432	-0.00929876
-662.31023102	-0.00971254
-662.27722772	-0.01041663
-662.24422442	-0.01100677
-662.21122112	-0.01144659
-662.17821782	-0.01143201
-662.14521452	-0.01093202
-662.11221122	-0.00971058
-662.07920792	-0.00808369
-662.04620462	-0.00600514
-662.01320132	-0.00372682
-661.98019802	-0.00155683
-661.94719472	0.00036127
-661.91419142	0.00199616
-661.88118812	0.00324729
-661.84818482	0.00388741
-661.81518152	0.00386701
-661.78217822	0.00326181
-661.74917492	0.00208365
-661.71617162	0.00058824
-661.68316832	-0.00093681
-661.65016502	-0.00195216
-661.61716172	-0.00247145
-661.58415842	-0.00226312
-661.55115512	-0.00148863
-661.51815182	-0.00044384
-661.48514851	0.00078610
-661.45214521	0.00176997
-661.41914191	0.00247471
-661.38613861	0.00262873
-661.35313531	0.00229092
-661.32013201	0.00139522
-661.28712871	0.00020910
-661.25412541	-0.00114142
-661.22112211	-0.00254296
-661.18811881	-0.00380867
-661.15511551	-0.00476510
-661.12211221	-0.00524161
-661.08910891	-0.00528558
-661.05610561	-0.00489025
-661.02310231	-0.00420980
-660.99009901	-0.00339281
-660.95709571	-0.00248805
-660.92409241	-0.00165997
-660.89108911	-0.00091130
-660.85808581	-0.00040442
-660.82508251	-0.00016259
-660.79207921	-0.00017388
-660.75907591	-0.00044792
-660.72607261	-0.00112658
-660.69306931	-0.00216842
-660.66006601	-0.00359544
-660.62706271	-0.00509452
-660.59405941	-0.00659995
-660.56105611	-0.00780788
-660.52805281	-0.00869265
-660.49504950	-0.00898483
-660.46204620	-0.00913338
-660.42904290	-0.00881960
-660.39603960	-0.00821916
-660.36303630	-0.00728467
-660.33003300	-0.00593573
-660.29702970	-0.00429424
-660.26402640	-0.00216645
-660.23102310	0.00025045
-660.19801980	0.00240705
-660.16501650	0.00421849
-660.13201320	0.00533740
-660.09900990	0.00553238
-660.06600660	0.00498222
-660.03300330	0.00372511
-660.00000000	0.00176900
