# Menlo Systems GmbH ScanControl
# Program Version 1.14.3
# Start: -740.00000000 ps, Average over 1000 waveforms. Timestamp: 2026-02-06T11:57:35
# User time axis shift: 0 ps
# Time axis offset: 0 ps
# Time [ps]	THz Signal [a.u.]
-740.00000000	-0.00014013
-739.96699670	-0.00017837
-739.93399340	-0.00013566
-739.90099010	-0.00011275
-739.86798680	-0.00020573
-739.83498350	-0.00011389
-739.80198020	-0.00008614
-739.76897690	-0.00016494
-739.73597360	-0.00015482
-739.70297030	-0.00000578
-739.66996700	-0.00014148
-739.63696370	0.00000306
-739.60396040	0.00000687
-739.57095710	0.00001083
-739.53795380	0.00005792
-739.50495050	0.00002076
-739.47194719	0.00006463
-739.43894389	0.00007449
-739.40594059	-0.00000937
-739.37293729	0.00001922
-739.33993399	0.00009033
-739.30693069	0.00012455
-739.27392739	0.00012083
-739.24092409	0.00006407
-739.20792079	0.00010568
-739.17491749	0.00019079
-739.14191419	0.00015838
-739.10891089	0.00011242
-739.07590759	0.00009872
-739.04290429	0.00012550
-739.00990099	0.00015574
-738.97689769	0.00012934
-738.94389439	0.00007336
-738.91089109	0.00008337
-738.87788779	0.00005697
-738.84488449	0.00009698
-738.81188119	0.00004911
-738.77887789	0.00009310
-738.74587459	0.00021452
-738.71287129	0.00005536
-738.67986799	0.00003935
-738.64686469	0.00006289
-738.61386139	0.00008001
-738.58085809	0.00012361
-738.54785479	0.00013152
-738.51485149	0.00007153
-738.48184818	0.00005326
-738.44884488	0.00007688
-738.41584158	0.00000651
-738.38283828	0.00006690
-738.34983498	0.00006918
-738.31683168	0.00005525
-738.28382838	0.00004793
-738.25082508	0.00001707
-738.21782178	0.00005583
-738.18481848	0.00008876
-738.15181518	0.00015834
-738.11881188	0.00012271
-738.08580858	0.00007098
-738.05280528	0.00011662
-738.01980198	0.00009202
-737.98679868	0.00007970
-737.95379538	0.00006007
-737.92079208	0.00011159
-737.88778878	0.00010434
-737.85478548	0.00007151
-737.82178218	0.00010190
-737.78877888	0.00012686
-737.75577558	-0.00004201
-737.72277228	0.00016185
-737.68976898	0.00014604
-737.65676568	0.00018030
-737.62376238	0.00026388
-737.59075908	0.00024126
-737.55775578	0.00015228
-737.52475248	0.00021572
-737.49174917	0.00025647
-737.45874587	0.00033551
-737.42574257	0.00034728
-737.39273927	0.00029655
-737.35973597	0.00031525
-737.32673267	0.00033452
-737.29372937	0.00040244
-737.26072607	0.00043033
-737.22772277	0.00048657
-737.19471947	0.00053105
-737.16171617	0.00056937
-737.12871287	0.00062703
-737.09570957	0.00063560
-737.06270627	0.00066142
-737.02970297	0.00073933
-736.99669967	0.00071961
-736.96369637	0.00071999
-736.93069307	0.00083509
-736.89768977	0.00078369
-736.86468647	0.00087390
-736.83168317	0.00091583
-736.79867987	0.00097582
-736.76567657	0.00092460
-736.73267327	0.00088433
-736.69966997	0.00072644
-736.66666667	0.00080560
-736.63366337	0.00065824
-736.60066007	0.00057218
-736.56765677	0.00042195
-736.53465347	0.00033855
-736.50165017	0.00011864
-736.46864686	-0.00007510
-736.43564356	-0.00026283
-736.40264026	-0.00051453
-736.36963696	-0.00073841
-736.33663366	-0.00102236
-736.30363036	-0.00133885
-736.27062706	-0.00147556
-736.23762376	-0.00182732
-736.20462046	-0.00200878
-736.17161716	-0.00214419
-736.13861386	-0.00217794
-736.10561056	-0.00231031
-736.07260726	-0.00255573
-736.03960396	-0.00257128
-736.00660066	-0.00258658
-735.97359736	-0.00268954
-735.94059406	-0.00280243
-735.90759076	-0.00282031
-735.87458746	-0.00280131
-735.84158416	-0.00271243
-735.80858086	-0.00261928
-735.77557756	-0.00255056
-735.74257426	-0.00230373
-735.70957096	-0.00190752
-735.67656766	-0.00149213
-735.64356436	-0.00094152
-735.61056106	-0.00035334
-735.57755776	0.00021169
-735.54455446	0.00086443
-735.51155116	0.00149653
-735.47854785	0.00193820
-735.44554455	0.00233773
-735.41254125	0.00267518
-735.37953795	0.00278614
-735.34653465	0.00281130
-735.31353135	0.00277801
-735.28052805	0.00255782
-735.24752475	0.00246348
-735.21452145	0.00225367
-735.18151815	0.00184568
-735.14851485	0.00163812
-735.11551155	0.00148418
-735.08250825	0.00119727
-735.04950495	0.00094986
-735.01650165	0.00094971
-734.98349835	0.00074754
-734.95049505	0.00067802
-734.91749175	0.00064277
-734.88448845	0.00046794
-734.85148515	0.00045770
-734.81848185	0.00050533
-734.78547855	0.00043334
-734.75247525	0.00037997
-734.71947195	0.00039413
-734.68646865	0.00036964
-734.65346535	0.00033320
-734.62046205	0.00028136
-734.58745875	0.00029028
-734.55445545	0.00019743
-734.52145215	0.00023008
-734.48844884	0.00012763
-734.45544554	0.00020004
-734.42244224	0.00011907
-734.38943894	0.00006989
-734.35643564	0.00001488
-734.32343234	0.00008911
-734.29042904	0.00011743
-734.25742574	0.00012117
-734.22442244	0.00004822
-734.19141914	0.00029917
-734.15841584	0.00026550
-734.12541254	0.00022306
-734.09240924	0.00032640
-734.05940594	0.00049577
-734.02640264	0.00034853
-733.99339934	0.00041416
-733.96039604	0.00038180
-733.92739274	0.00045234
-733.89438944	0.00046518
-733.86138614	0.00047082
-733.82838284	0.00050115
-733.79537954	0.00054023
-733.76237624	0.00048348
-733.72937294	0.00053795
-733.69636964	0.00050378
-733.66336634	0.00044969
-733.63036304	0.00051640
-733.59735974	0.00060549
-733.56435644	0.00059468
-733.53135314	0.00063524
-733.49834983	0.00053314
-733.46534653	0.00060895
-733.43234323	0.00068905
-733.39933993	0.00066262
-733.36633663	0.00050237
-733.33333333	0.00066895
-733.30033003	0.00060616
-733.26732673	0.00062474
-733.23432343	0.00049646
-733.20132013	0.00056428
-733.16831683	0.00063997
-733.13531353	0.00045080
-733.10231023	0.00053986
-733.06930693	0.00056784
-733.03630363	0.00054963
-733.00330033	0.00061569
-732.97029703	0.00053732
-732.93729373	0.00057366
-732.90429043	0.00053943
-732.87128713	0.00058375
-732.83828383	0.00069848
-732.80528053	0.00063791
-732.77227723	0.00072669
-732.73927393	0.00070360
-732.70627063	0.00076967
-732.67326733	0.00085043
-732.64026403	0.00085972
-732.60726073	0.00093246
-732.57425743	0.00096910
-732.54125413	0.00113106
-732.50825083	0.00117933
-732.47524752	0.00122038
-732.44224422	0.00126378
-732.40924092	0.00139872
-732.37623762	0.00142998
-732.34323432	0.00146803
-732.31023102	0.00165437
-732.27722772	0.00174407
-732.24422442	0.00168824
-732.21122112	0.00190701
-732.17821782	0.00206927
-732.14521452	0.00198322
-732.11221122	0.00221084
-732.07920792	0.00233489
-732.04620462	0.00225924
-732.01320132	0.00240489
-731.98019802	0.00235003
-731.94719472	0.00219932
-731.91419142	0.00192918
-731.88118812	0.00155357
-731.84818482	0.00091941
-731.81518152	0.00026398
-731.78217822	-0.00063981
-731.74917492	-0.00184527
-731.71617162	-0.00296242
-731.68316832	-0.00428579
-731.65016502	-0.00547081
-731.61716172	-0.00643999
-731.58415842	-0.00717468
-731.55115512	-0.00750505
-731.51815182	-0.00736084
-731.48514851	-0.00688324
-731.45214521	-0.00599459
-731.41914191	-0.00478687
-731.38613861	-0.00332233
-731.35313531	-0.00188880
-731.32013201	-0.00058426
-731.28712871	0.00064957
-731.25412541	0.00154572
-731.22112211	0.00222529
-731.18811881	0.00274509
-731.15511551	0.00312781
-731.12211221	0.00323692
-731.08910891	0.00330614
-731.05610561	0.00326588
-731.02310231	0.00315326
-730.99009901	0.00287435
-730.95709571	0.00262389
-730.92409241	0.00241905
-730.89108911	0.00224712
-730.85808581	0.00200267
-730.82508251	0.00202816
-730.79207921	0.00165497
-730.75907591	0.00163541
-730.72607261	0.00157845
-730.69306931	0.00127698
-730.66006601	0.00135492
-730.62706271	0.00123420
-730.59405941	0.00114400
-730.56105611	0.00111187
-730.52805281	0.00110912
-730.49504950	0.00088081
-730.46204620	0.00103061
-730.42904290	0.00082793
-730.39603960	0.00066762
-730.36303630	0.00066639
-730.33003300	0.00061009
-730.29702970	0.00053063
-730.26402640	0.00039818
-730.23102310	0.00030089
-730.19801980	0.00024855
-730.16501650	0.00028179
-730.13201320	0.00008272
-730.09900990	0.00021167
-730.06600660	0.00014040
-730.03300330	0.00024361
-730.00000000	0.00018928
-729.96699670	0.00031247
-729.93399340	0.00035208
-729.90099010	0.00039716
-729.86798680	0.00044298
-729.83498350	0.00032480
-729.80198020	0.00031751
-729.76897690	0.00035751
-729.73597360	0.00025184
-729.70297030	0.00024602
-729.66996700	0.00012662
-729.63696370	0.00018766
-729.60396040	0.00009899
-729.57095710	0.00007810
-729.53795380	0.00016391
-729.50495050	0.00007604
-729.47194719	0.00015591
-729.43894389	0.00027925
-729.40594059	0.00027764
-729.37293729	0.00036040
-729.33993399	0.00052866
-729.30693069	0.00051313
-729.27392739	0.00050776
-729.24092409	0.00059041
-729.20792079	0.00036024
-729.17491749	0.00029822
-729.14191419	0.00021149
-729.10891089	-0.00023855
-729.07590759	-0.00046350
-729.04290429	-0.00069879
-729.00990099	-0.00125371
-728.97689769	-0.00165661
-728.94389439	-0.00194548
-728.91089109	-0.00230174
-728.87788779	-0.00257117
-728.84488449	-0.00290277
-728.81188119	-0.00292697
-728.77887789	-0.00303291
-728.74587459	-0.00315015
-728.71287129	-0.00324826
-728.67986799	-0.00334829
-728.64686469	-0.00371375
-728.61386139	-0.00419835
-728.58085809	-0.00485335
-728.54785479	-0.00578163
-728.51485149	-0.00691944
-728.48184818	-0.00820194
-728.44884488	-0.00940565
-728.41584158	-0.01066614
-728.38283828	-0.01157476
-728.34983498	-0.01202603
-728.31683168	-0.01182116
-728.28382838	-0.01105114
-728.25082508	-0.00952022
-728.21782178	-0.00726138
-728.18481848	-0.00463329
-728.15181518	-0.00180615
-728.11881188	0.00089243
-728.08580858	0.00321291
-728.05280528	0.00490047
-728.01980198	0.00573533
-727.98679868	0.00607949
-727.95379538	0.00564940
-727.92079208	0.00509892
-727.88778878	0.00439237
-727.85478548	0.00373448
-727.82178218	0.00366170
-727.78877888	0.00346775
-727.75577558	0.00392096
-727.72277228	0.00437307
-727.68976898	0.00498696
-727.65676568	0.00570759
-727.62376238	0.00624653
-727.59075908	0.00670032
-727.55775578	0.00695090
-727.52475248	0.00679572
-727.49174917	0.00637617
-727.45874587	0.00565618
-727.42574257	0.00455314
-727.39273927	0.00350730
-727.35973597	0.00216403
-727.32673267	0.00098883
-727.29372937	-0.00035570
-727.26072607	-0.00139481
-727.22772277	-0.00247198
-727.19471947	-0.00340192
-727.16171617	-0.00426443
-727.12871287	-0.00475754
-727.09570957	-0.00564798
-727.06270627	-0.00608693
-727.02970297	-0.00710035
-726.99669967	-0.00816337
-726.96369637	-0.00965228
-726.93069307	-0.01171566
-726.89768977	-0.01422715
-726.86468647	-0.01710559
-726.83168317	-0.02029941
-726.79867987	-0.02371673
-726.76567657	-0.02677332
-726.73267327	-0.02938857
-726.69966997	-0.03083656
-726.66666667	-0.03104007
-726.63366337	-0.02954745
-726.60066007	-0.02644788
-726.56765677	-0.02166153
-726.53465347	-0.01586362
-726.50165017	-0.00939272
-726.46864686	-0.00286311
-726.43564356	0.00262748
-726.40264026	0.00706049
-726.36963696	0.00961226
-726.33663366	0.01086776
-726.30363036	0.01045015
-726.27062706	0.00939843
-726.23762376	0.00753816
-726.20462046	0.00584893
-726.17161716	0.00416467
-726.13861386	0.00262293
-726.10561056	0.00140774
-726.07260726	0.00034950
-726.03960396	-0.00040675
-726.00660066	-0.00091813
-725.97359736	-0.00098288
-725.94059406	-0.00066469
-725.90759076	-0.00016092
-725.87458746	0.00053585
-725.84158416	0.00145302
-725.80858086	0.00217386
-725.77557756	0.00304674
-725.74257426	0.00411206
-725.70957096	0.00520016
-725.67656766	0.00654265
-725.64356436	0.00816318
-725.61056106	0.00977220
-725.57755776	0.01155329
-725.54455446	0.01367643
-725.51155116	0.01597230
-725.47854785	0.01845971
-725.44554455	0.02140771
-725.41254125	0.02473461
-725.37953795	0.02850065
-725.34653465	0.03281065
-725.31353135	0.03793865
-725.28052805	0.04372584
-725.24752475	0.05020447
-725.21452145	0.05762662
-725.18151815	0.06551647
-725.14851485	0.07432997
-725.11551155	0.08364870
-725.08250825	0.09359741
-725.04950495	0.10393886
-725.01650165	0.11446015
-724.98349835	0.12510141
-724.95049505	0.13573956
-724.91749175	0.14607582
-724.88448845	0.15629037
-724.85148515	0.16629778
-724.81848185	0.17630084
-724.78547855	0.18645014
-724.75247525	0.19709714
-724.71947195	0.20888076
-724.68646865	0.22196337
-724.65346535	0.23709592
-724.62046205	0.25488657
-724.58745875	0.27593125
-724.55445545	0.30057166
-724.52145215	0.32942599
-724.48844884	0.36243626
-724.45544554	0.39984226
-724.42244224	0.44056633
-724.38943894	0.48437444
-724.35643564	0.52938478
-724.32343234	0.57461118
-724.29042904	0.61723277
-724.25742574	0.65523776
-724.22442244	0.68531634
-724.19141914	0.70480860
-724.15841584	0.71046433
-724.12541254	0.69974025
-724.09240924	0.67044752
-724.05940594	0.62188488
-724.02640264	0.55372690
-723.99339934	0.46783596
-723.96039604	0.36717881
-723.92739274	0.25587254
-723.89438944	0.13920866
-723.86138614	0.02254031
-723.82838284	-0.08948275
-723.79537954	-0.19324732
-723.76237624	-0.28827902
-723.72937294	-0.37650144
-723.69636964	-0.46371775
-723.66336634	-0.55811070
-723.63036304	-0.67048253
-723.59735974	-0.81183704
-723.56435644	-0.99233055
-723.53135314	-1.21959831
-723.49834983	-1.49624708
-723.46534653	-1.81794213
-723.43234323	-2.17135324
-723.39933993	-2.53256857
-723.36633663	-2.86885749
-723.33333333	-3.14175664
-723.30033003	-3.31189175
-723.26732673	-3.34367129
-723.23432343	-3.21201675
-723.20132013	-2.90512587
-723.16831683	-2.43254333
-723.13531353	-1.82610742
-723.10231023	-1.13603592
-723.06930693	-0.42380586
-723.03630363	0.24907497
-723.00330033	0.83142995
-722.97029703	1.29117395
-722.93729373	1.61951913
-722.90429043	1.82706038
-722.87128713	1.93568218
-722.83828383	1.96849953
-722.80528053	1.94405180
-722.77227723	1.87521717
-722.73927393	1.77050022
-722.70627063	1.63891828
-722.67326733	1.49204688
-722.64026403	1.34410863
-722.60726073	1.20670808
-722.57425743	1.08657332
-722.54125413	0.98191897
-722.50825083	0.88680112
-722.47524752	0.79453423
-722.44224422	0.70264218
-722.40924092	0.61402874
-722.37623762	0.53450691
-722.34323432	0.46838706
-722.31023102	0.41582557
-722.27722772	0.37227028
-722.24422442	0.33246841
-722.21122112	0.29205846
-722.17821782	0.25024523
-722.14521452	0.20754160
-722.11221122	0.16463646
-722.07920792	0.12149180
-722.04620462	0.07765608
-722.01320132	0.03383881
-721.98019802	-0.00777295
-721.94719472	-0.04339271
-721.91419142	-0.07078292
-721.88118812	-0.08859816
-721.84818482	-0.09683120
-721.81518152	-0.09658689
-721.78217822	-0.08782725
-721.74917492	-0.07160305
-721.71617162	-0.04866944
-721.68316832	-0.02189638
-721.65016502	0.00455841
-721.61716172	0.02772446
-721.58415842	0.04481704
-721.55115512	0.05481171
-721.51815182	0.05802452
-721.48514851	0.05489147
-721.45214521	0.04710504
-721.41914191	0.03585148
-721.38613861	0.02339972
-721.35313531	0.01096722
-721.32013201	-0.00080159
-721.28712871	-0.01115480
-721.25412541	-0.01946404
-721.22112211	-0.02509413
-721.18811881	-0.02721983
-721.15511551	-0.02583173
-721.12211221	-0.02181198
-721.08910891	-0.01627997
-721.05610561	-0.01016230
-721.02310231	-0.00410028
-720.99009901	0.00116236
-720.95709571	0.00455100
-720.92409241	0.00489570
-720.89108911	0.00127360
-720.85808581	-0.00505758
-720.82508251	-0.01269234
-720.79207921	-0.01968677
-720.75907591	-0.02551315
-720.72607261	-0.03029885
-720.69306931	-0.03529373
-720.66006601	-0.04054555
-720.62706271	-0.04630139
-720.59405941	-0.05167609
-720.56105611	-0.05618759
-720.52805281	-0.05939082
-720.49504950	-0.06054953
-720.46204620	-0.05958217
-720.42904290	-0.05679706
-720.39603960	-0.05315704
-720.36303630	-0.04926611
-720.33003300	-0.04534428
-720.29702970	-0.04102042
-720.26402640	-0.03656698
-720.23102310	-0.03258172
-720.19801980	-0.03071147
-720.16501650	-0.03090301
-720.13201320	-0.03250996
-720.09900990	-0.03336153
-720.06600660	-0.03139658
-720.03300330	-0.02498423
-720.00000000	-0.01491577
-719.96699670	-0.00186596
-719.93399340	0.01245508
-719.90099010	0.02679202
-719.86798680	0.03986004
-719.83498350	0.05094708
-719.80198020	0.05982926
-719.76897690	0.06609337
-719.73597360	0.06967134
-719.70297030	0.07022246
-719.66996700	0.06773186
-719.63696370	0.06259858
-719.60396040	0.05436663
-719.57095710	0.04315105
-719.53795380	0.02902575
-719.50495050	0.01262419
-719.47194719	-0.00496248
-719.43894389	-0.02206094
-719.40594059	-0.03660965
-719.37293729	-0.04724855
-719.33993399	-0.05294645
-719.30693069	-0.05399258
-719.27392739	-0.05044738
-719.24092409	-0.04398564
-719.20792079	-0.03539156
-719.17491749	-0.02590230
-719.14191419	-0.01677819
-719.10891089	-0.00897727
-719.07590759	-0.00423522
-719.04290429	-0.00318457
-719.00990099	-0.00600857
-718.97689769	-0.01160011
-718.94389439	-0.01833938
-718.91089109	-0.02516569
-718.87788779	-0.03095825
-718.84488449	-0.03515044
-718.81188119	-0.03780395
-718.77887789	-0.03808862
-718.74587459	-0.03606023
-718.71287129	-0.03195557
-718.67986799	-0.02613287
-718.64686469	-0.01956399
-718.61386139	-0.01320387
-718.58085809	-0.00761612
-718.54785479	-0.00359868
-718.51485149	-0.00064578
-718.48184818	0.00154963
-718.44884488	0.00341236
-718.41584158	0.00491892
-718.38283828	0.00593252
-718.34983498	0.00645608
-718.31683168	0.00633444
-718.28382838	0.00599206
-718.25082508	0.00505809
-718.21782178	0.00338025
-718.18481848	0.00045685
-718.15181518	-0.00376908
-718.11881188	-0.00850978
-718.08580858	-0.01229298
-718.05280528	-0.01375947
-718.01980198	-0.01201305
-717.98679868	-0.00755914
-717.95379538	-0.00185000
-717.92079208	0.00317770
-717.88778878	0.00530086
-717.85478548	0.00344413
-717.82178218	-0.00228241
-717.78877888	-0.01094118
-717.75577558	-0.02106829
-717.72277228	-0.03070072
-717.68976898	-0.03903593
-717.65676568	-0.04512821
-717.62376238	-0.04871865
-717.59075908	-0.05018222
-717.55775578	-0.04945344
-717.52475248	-0.04742926
-717.49174917	-0.04431132
-717.45874587	-0.04083270
-717.42574257	-0.03731337
-717.39273927	-0.03401343
-717.35973597	-0.03106770
-717.32673267	-0.02856087
-717.29372937	-0.02659506
-717.26072607	-0.02492826
-717.22772277	-0.02381186
-717.19471947	-0.02342323
-717.16171617	-0.02418482
-717.12871287	-0.02649704
-717.09570957	-0.02967445
-717.06270627	-0.03283055
-717.02970297	-0.03389939
-716.99669967	-0.03163085
-716.96369637	-0.02542963
-716.93069307	-0.01627197
-716.89768977	-0.00589893
-716.86468647	0.00329972
-716.83168317	0.00948714
-716.79867987	0.01231245
-716.76567657	0.01232214
-716.73267327	0.01106991
-716.69966997	0.00963935
-716.66666667	0.00844968
-716.63366337	0.00757859
-716.60066007	0.00682819
-716.56765677	0.00613240
-716.53465347	0.00582748
-716.50165017	0.00640869
-716.46864686	0.00808867
-716.43564356	0.01115172
-716.40264026	0.01490333
-716.36963696	0.01882194
-716.33663366	0.02205283
-716.30363036	0.02432198
-716.27062706	0.02574551
-716.23762376	0.02682246
-716.20462046	0.02816203
-716.17161716	0.03019652
-716.13861386	0.03222484
-716.10561056	0.03401026
-716.07260726	0.03454656
-716.03960396	0.03265902
-716.00660066	0.02789689
-715.97359736	0.02038486
-715.94059406	0.01034929
-715.90759076	-0.00093077
-715.87458746	-0.01232556
-715.84158416	-0.02232374
-715.80858086	-0.03032629
-715.77557756	-0.03578391
-715.74257426	-0.03915734
-715.70957096	-0.04121907
-715.67656766	-0.04286612
-715.64356436	-0.04509186
-715.61056106	-0.04851265
-715.57755776	-0.05361267
-715.54455446	-0.06054940
-715.51155116	-0.06900196
-715.47854785	-0.07745466
-715.44554455	-0.08412226
-715.41254125	-0.08738512
-715.37953795	-0.08559181
-715.34653465	-0.07863247
-715.31353135	-0.06765665
-715.28052805	-0.05403899
-715.24752475	-0.03923585
-715.21452145	-0.02527448
-715.18151815	-0.01219693
-715.14851485	-0.00024412
-715.11551155	0.01108977
-715.08250825	0.02207871
-715.04950495	0.03276993
-715.01650165	0.04257376
-714.98349835	0.05063378
-714.95049505	0.05608616
-714.91749175	0.05854712
-714.88448845	0.05795366
-714.85148515	0.05474919
-714.81848185	0.04957932
-714.78547855	0.04314715
-714.75247525	0.03679714
-714.71947195	0.03149849
-714.68646865	0.02828032
-714.65346535	0.02778591
-714.62046205	0.02998778
-714.58745875	0.03419519
-714.55445545	0.03918975
-714.52145215	0.04402729
-714.48844884	0.04786080
-714.45544554	0.05074199
-714.42244224	0.05268234
-714.38943894	0.05373255
-714.35643564	0.05389470
-714.32343234	0.05344103
-714.29042904	0.05173355
-714.25742574	0.04858288
-714.22442244	0.04324287
-714.19141914	0.03503852
-714.15841584	0.02455679
-714.12541254	0.01236293
-714.09240924	0.00026363
-714.05940594	-0.01043167
-714.02640264	-0.01856595
-713.99339934	-0.02343066
-713.96039604	-0.02568096
-713.92739274	-0.02614150
-713.89438944	-0.02542990
-713.86138614	-0.02455463
-713.82838284	-0.02397055
-713.79537954	-0.02402887
-713.76237624	-0.02456605
-713.72937294	-0.02547522
-713.69636964	-0.02643771
-713.66336634	-0.02686417
-713.63036304	-0.02641062
-713.59735974	-0.02498759
-713.56435644	-0.02326606
-713.53135314	-0.02185413
-713.49834983	-0.02112852
-713.46534653	-0.02101608
-713.43234323	-0.02109559
-713.39933993	-0.02075942
-713.36633663	-0.01980018
-713.33333333	-0.01823045
-713.30033003	-0.01614333
-713.26732673	-0.01375518
-713.23432343	-0.01098277
-713.20132013	-0.00786679
-713.16831683	-0.00410390
-713.13531353	-0.00049595
-713.10231023	0.00222064
-713.06930693	0.00309881
-713.03630363	0.00152332
-713.00330033	-0.00206102
-712.97029703	-0.00711999
-712.93729373	-0.01212540
-712.90429043	-0.01597080
-712.87128713	-0.01785414
-712.83828383	-0.01755850
-712.80528053	-0.01535909
-712.77227723	-0.01148899
-712.73927393	-0.00694693
-712.70627063	-0.00206253
-712.67326733	0.00224312
-712.64026403	0.00535359
-712.60726073	0.00692037
-712.57425743	0.00707973
-712.54125413	0.00618667
-712.50825083	0.00487091
-712.47524752	0.00401717
-712.44224422	0.00378485
-712.40924092	0.00396820
-712.37623762	0.00424925
-712.34323432	0.00405002
-712.31023102	0.00362494
-712.27722772	0.00295774
-712.24422442	0.00218889
-712.21122112	0.00154502
-712.17821782	0.00095069
-712.14521452	0.00067892
-712.11221122	0.00076260
-712.07920792	0.00098226
-712.04620462	0.00177424
-712.01320132	0.00237785
-711.98019802	0.00314831
-711.94719472	0.00413868
-711.91419142	0.00535113
-711.88118812	0.00652282
-711.84818482	0.00754461
-711.81518152	0.00762705
-711.78217822	0.00625017
-711.74917492	0.00350254
-711.71617162	-0.00034354
-711.68316832	-0.00432968
-711.65016502	-0.00748045
-711.61716172	-0.00951822
-711.58415842	-0.01010010
-711.55115512	-0.00943184
-711.51815182	-0.00748440
-711.48514851	-0.00444430
-711.45214521	-0.00025603
-711.41914191	0.00457421
-711.38613861	0.00909731
-711.35313531	0.01318733
-711.32013201	0.01603619
-711.28712871	0.01772832
-711.25412541	0.01859943
-711.22112211	0.01881859
-711.18811881	0.01875123
-711.15511551	0.01808126
-711.12211221	0.01630466
-711.08910891	0.01320948
-711.05610561	0.00852367
-711.02310231	0.00261095
-710.99009901	-0.00367173
-710.95709571	-0.00973794
-710.92409241	-0.01413301
-710.89108911	-0.01667823
-710.85808581	-0.01721412
-710.82508251	-0.01605828
-710.79207921	-0.01293054
-710.75907591	-0.00854786
-710.72607261	-0.00291667
-710.69306931	0.00330689
-710.66006601	0.00932512
-710.62706271	0.01430104
-710.59405941	0.01781209
-710.56105611	0.01913202
-710.52805281	0.01901237
-710.49504950	0.01787587
-710.46204620	0.01640013
-710.42904290	0.01476574
-710.39603960	0.01304341
-710.36303630	0.01074824
-710.33003300	0.00751081
-710.29702970	0.00278835
-710.26402640	-0.00322182
-710.23102310	-0.00966543
-710.19801980	-0.01593397
-710.16501650	-0.02039407
-710.13201320	-0.02178286
-710.09900990	-0.02019772
-710.06600660	-0.01561344
-710.03300330	-0.00964706
-710.00000000	-0.00362435
-709.96699670	0.00137546
-709.93399340	0.00445455
-709.90099010	0.00559203
-709.86798680	0.00529273
-709.83498350	0.00371921
-709.80198020	0.00145454
-709.76897690	-0.00092464
-709.73597360	-0.00310314
-709.70297030	-0.00400658
-709.66996700	-0.00327317
-709.63696370	-0.00080382
-709.60396040	0.00344463
-709.57095710	0.00848478
-709.53795380	0.01359378
-709.50495050	0.01798246
-709.47194719	0.02090978
-709.43894389	0.02252699
-709.40594059	0.02270473
-709.37293729	0.02211248
-709.33993399	0.02082294
-709.30693069	0.01887760
-709.27392739	0.01621021
-709.24092409	0.01225997
-709.20792079	0.00724688
-709.17491749	0.00195622
-709.14191419	-0.00307336
-709.10891089	-0.00698251
-709.07590759	-0.00870634
-709.04290429	-0.00811884
-709.00990099	-0.00495002
-708.97689769	0.00005286
-708.94389439	0.00647244
-708.91089109	0.01307878
-708.87788779	0.01937621
-708.84488449	0.02515482
-708.81188119	0.02974676
-708.77887789	0.03286703
-708.74587459	0.03361727
-708.71287129	0.03126943
-708.67986799	0.02580250
-708.64686469	0.01732645
-708.61386139	0.00723043
-708.58085809	-0.00279789
-708.54785479	-0.01093803
-708.51485149	-0.01696366
-708.48184818	-0.02054696
-708.44884488	-0.02230199
-708.41584158	-0.02306226
-708.38283828	-0.02273681
-708.34983498	-0.02103796
-708.31683168	-0.01818169
-708.28382838	-0.01447035
-708.25082508	-0.01066177
-708.21782178	-0.00748376
-708.18481848	-0.00593476
-708.15181518	-0.00591661
-708.11881188	-0.00767175
-708.08580858	-0.01082910
-708.05280528	-0.01470600
-708.01980198	-0.01871304
-707.98679868	-0.02192794
-707.95379538	-0.02310516
-707.92079208	-0.02206773
-707.88778878	-0.01823873
-707.85478548	-0.01113790
-707.82178218	-0.00210380
-707.78877888	0.00821872
-707.75577558	0.01867725
-707.72277228	0.02765992
-707.68976898	0.03442305
-707.65676568	0.03783458
-707.62376238	0.03731482
-707.59075908	0.03308978
-707.55775578	0.02542874
-707.52475248	0.01596247
-707.49174917	0.00613424
-707.45874587	-0.00291174
-707.42574257	-0.00987765
-707.39273927	-0.01500869
-707.35973597	-0.01855360
-707.32673267	-0.02117750
-707.29372937	-0.02297778
-707.26072607	-0.02329149
-707.22772277	-0.02165154
-707.19471947	-0.01682318
-707.16171617	-0.00867342
-707.12871287	0.00246893
-707.09570957	0.01512166
-707.06270627	0.02745153
-707.02970297	0.03727858
-706.99669967	0.04283524
-706.96369637	0.04296692
-706.93069307	0.03770147
-706.89768977	0.02776127
-706.86468647	0.01490326
-706.83168317	0.00128324
-706.79867987	-0.01163501
-706.76567657	-0.02213224
-706.73267327	-0.02920313
-706.69966997	-0.03287317
-706.66666667	-0.03289458
-706.63366337	-0.03017443
-706.60066007	-0.02554229
-706.56765677	-0.02021897
-706.53465347	-0.01542972
-706.50165017	-0.01187898
-706.46864686	-0.00973858
-706.43564356	-0.00852809
-706.40264026	-0.00738794
-706.36963696	-0.00582655
-706.33663366	-0.00403457
-706.30363036	-0.00200605
-706.27062706	-0.00035456
-706.23762376	0.00064344
-706.20462046	0.00104096
-706.17161716	0.00138899
-706.13861386	0.00188791
-706.10561056	0.00280415
-706.07260726	0.00412254
-706.03960396	0.00575836
-706.00660066	0.00754352
-705.97359736	0.00905828
-705.94059406	0.01034535
-705.90759076	0.01135814
-705.87458746	0.01171761
-705.84158416	0.01142145
-705.80858086	0.01027096
-705.77557756	0.00822375
-705.74257426	0.00540451
-705.70957096	0.00191527
-705.67656766	-0.00208050
-705.64356436	-0.00650544
-705.61056106	-0.01117854
-705.57755776	-0.01588235
-705.54455446	-0.02012070
-705.51155116	-0.02308155
-705.47854785	-0.02401105
-705.44554455	-0.02223793
-705.41254125	-0.01769206
-705.37953795	-0.01075515
-705.34653465	-0.00244022
-705.31353135	0.00603750
-705.28052805	0.01391421
-705.24752475	0.02017581
-705.21452145	0.02461905
-705.18151815	0.02699288
-705.14851485	0.02691298
-705.11551155	0.02441498
-705.08250825	0.01948975
-705.04950495	0.01244804
-705.01650165	0.00422066
-704.98349835	-0.00418993
-704.95049505	-0.01158571
-704.91749175	-0.01739925
-704.88448845	-0.02071478
-704.85148515	-0.02164590
-704.81848185	-0.02032016
-704.78547855	-0.01683917
-704.75247525	-0.01189913
-704.71947195	-0.00622189
-704.68646865	-0.00052804
-704.65346535	0.00421020
-704.62046205	0.00731440
-704.58745875	0.00840259
-704.55445545	0.00716294
-704.52145215	0.00429631
-704.48844884	0.00020351
-704.45544554	-0.00414672
-704.42244224	-0.00756600
-704.38943894	-0.00942943
-704.35643564	-0.00952989
-704.32343234	-0.00807637
-704.29042904	-0.00567719
-704.25742574	-0.00271301
-704.22442244	0.00022926
-704.19141914	0.00314602
-704.15841584	0.00638153
-704.12541254	0.00983352
-704.09240924	0.01342438
-704.05940594	0.01670727
-704.02640264	0.01847180
-703.99339934	0.01790487
-703.96039604	0.01432490
-703.92739274	0.00805454
-703.89438944	0.00021910
-703.86138614	-0.00781491
-703.82838284	-0.01464580
-703.79537954	-0.01900174
-703.76237624	-0.02138388
-703.72937294	-0.02155347
-703.69636964	-0.01981369
-703.66336634	-0.01612566
-703.63036304	-0.01022017
-703.59735974	-0.00208918
-703.56435644	0.00782542
-703.53135314	0.01888761
-703.49834983	0.02954404
-703.46534653	0.03845842
-703.43234323	0.04417622
-703.39933993	0.04544303
-703.36633663	0.04218249
-703.33333333	0.03470840
-703.30033003	0.02420618
-703.26732673	0.01249881
-703.23432343	0.00073799
-703.20132013	-0.00978275
-703.16831683	-0.01815211
-703.13531353	-0.02388558
-703.10231023	-0.02659102
-703.06930693	-0.02617489
-703.03630363	-0.02291232
-703.00330033	-0.01745534
-702.97029703	-0.01086587
-702.93729373	-0.00455906
-702.90429043	0.00102124
-702.87128713	0.00524754
-702.83828383	0.00772936
-702.80528053	0.00890189
-702.77227723	0.00886157
-702.73927393	0.00728991
-702.70627063	0.00436601
-702.67326733	0.00036194
-702.64026403	-0.00471954
-702.60726073	-0.00967736
-702.57425743	-0.01359017
-702.54125413	-0.01550887
-702.50825083	-0.01447582
-702.47524752	-0.01091009
-702.44224422	-0.00568309
-702.40924092	-0.00000452
-702.37623762	0.00504228
-702.34323432	0.00816309
-702.31023102	0.00907878
-702.27722772	0.00822294
-702.24422442	0.00572670
-702.21122112	0.00239384
-702.17821782	-0.00090992
-702.14521452	-0.00351879
-702.11221122	-0.00523049
-702.07920792	-0.00569295
-702.04620462	-0.00588833
-702.01320132	-0.00604523
-701.98019802	-0.00660225
-701.94719472	-0.00777991
-701.91419142	-0.00902595
-701.88118812	-0.00957700
-701.84818482	-0.00901825
-701.81518152	-0.00698802
-701.78217822	-0.00349079
-701.74917492	0.00092784
-701.71617162	0.00576244
-701.68316832	0.01000853
-701.65016502	0.01278871
-701.61716172	0.01323492
-701.58415842	0.01110215
-701.55115512	0.00616686
-701.51815182	-0.00083889
-701.48514851	-0.00852018
-701.45214521	-0.01526632
-701.41914191	-0.01975182
-701.38613861	-0.02093020
-701.35313531	-0.01922437
-701.32013201	-0.01531755
-701.28712871	-0.01054441
-701.25412541	-0.00598096
-701.22112211	-0.00198278
-701.18811881	0.00096832
-701.15511551	0.00365326
-701.12211221	0.00583204
-701.08910891	0.00738471
-701.05610561	0.00819228
-701.02310231	0.00786277
-700.99009901	0.00615544
-700.95709571	0.00332695
-700.92409241	-0.00008032
-700.89108911	-0.00405073
-700.85808581	-0.00768075
-700.82508251	-0.01048572
-700.79207921	-0.01202362
-700.75907591	-0.01182415
-700.72607261	-0.00966576
-700.69306931	-0.00590442
-700.66006601	-0.00108984
-700.62706271	0.00423255
-700.59405941	0.00889101
-700.56105611	0.01221886
-700.52805281	0.01405956
-700.49504950	0.01401071
-700.46204620	0.01232656
-700.42904290	0.00953928
-700.39603960	0.00590992
-700.36303630	0.00220703
-700.33003300	-0.00111231
-700.29702970	-0.00374703
-700.26402640	-0.00560037
-700.23102310	-0.00698438
-700.19801980	-0.00776918
-700.16501650	-0.00797443
-700.13201320	-0.00722808
-700.09900990	-0.00516146
-700.06600660	-0.00195765
-700.03300330	0.00206592
-700.00000000	0.00647311
-699.96699670	0.01047975
-699.93399340	0.01417108
-699.90099010	0.01714318
-699.86798680	0.01901381
-699.83498350	0.01958628
-699.80198020	0.01822967
-699.76897690	0.01465862
-699.73597360	0.00902828
-699.70297030	0.00190662
-699.66996700	-0.00574276
-699.63696370	-0.01291681
-699.60396040	-0.01877293
-699.57095710	-0.02259007
-699.53795380	-0.02402774
-699.50495050	-0.02287038
-699.47194719	-0.01867675
-699.43894389	-0.01226885
-699.40594059	-0.00452074
-699.37293729	0.00365770
-699.33993399	0.01033240
-699.30693069	0.01402229
-699.27392739	0.01462433
-699.24092409	0.01207175
-699.20792079	0.00714626
-699.17491749	0.00132706
-699.14191419	-0.00459712
-699.10891089	-0.00977793
-699.07590759	-0.01371989
-699.04290429	-0.01657117
-699.00990099	-0.01846483
-698.97689769	-0.01943752
-698.94389439	-0.02000419
-698.91089109	-0.01992544
-698.87788779	-0.01909145
-698.84488449	-0.01760309
-698.81188119	-0.01494457
-698.77887789	-0.01105251
-698.74587459	-0.00605973
-698.71287129	-0.00117675
-698.67986799	0.00298215
-698.64686469	0.00564624
-698.61386139	0.00577350
-698.58085809	0.00408220
-698.54785479	0.00124481
-698.51485149	-0.00204986
-698.48184818	-0.00497405
-698.44884488	-0.00639448
-698.41584158	-0.00575328
-698.38283828	-0.00310713
-698.34983498	0.00166236
-698.31683168	0.00750893
-698.28382838	0.01337208
-698.25082508	0.01789404
-698.21782178	0.02046357
-698.18481848	0.02078918
-698.15181518	0.01919690
-698.11881188	0.01643682
-698.08580858	0.01316455
-698.05280528	0.00935230
-698.01980198	0.00541585
-697.98679868	0.00089814
-697.95379538	-0.00400237
-697.92079208	-0.00877302
-697.88778878	-0.01268349
-697.85478548	-0.01466936
-697.82178218	-0.01397187
-697.78877888	-0.01032700
-697.75577558	-0.00448812
-697.72277228	0.00237289
-697.68976898	0.00894475
-697.65676568	0.01341764
-697.62376238	0.01529479
-697.59075908	0.01447941
-697.55775578	0.01144304
-697.52475248	0.00701683
-697.49174917	0.00181797
-697.45874587	-0.00300620
-697.42574257	-0.00711205
-697.39273927	-0.01044551
-697.35973597	-0.01261216
-697.32673267	-0.01404973
-697.29372937	-0.01460092
-697.26072607	-0.01441955
-697.22772277	-0.01365233
-697.19471947	-0.01189295
-697.16171617	-0.00942262
-697.12871287	-0.00652662
-697.09570957	-0.00320787
-697.06270627	0.00054304
-697.02970297	0.00454492
-696.99669967	0.00851587
-696.96369637	0.01205829
-696.93069307	0.01455829
-696.89768977	0.01555067
-696.86468647	0.01512290
-696.83168317	0.01354144
-696.79867987	0.01104503
-696.76567657	0.00846880
-696.73267327	0.00602162
-696.69966997	0.00385325
-696.66666667	0.00230594
-696.63366337	0.00139564
-696.60066007	0.00101042
-696.56765677	0.00162845
-696.53465347	0.00311442
-696.50165017	0.00549305
-696.46864686	0.00874552
-696.43564356	0.01207784
-696.40264026	0.01455971
-696.36963696	0.01579374
-696.33663366	0.01510117
-696.30363036	0.01262531
-696.27062706	0.00872546
-696.23762376	0.00397284
-696.20462046	-0.00075719
-696.17161716	-0.00493684
-696.13861386	-0.00794481
-696.10561056	-0.00904439
-696.07260726	-0.00824653
-696.03960396	-0.00585504
-696.00660066	-0.00245397
-695.97359736	0.00112330
-695.94059406	0.00465778
-695.90759076	0.00757380
-695.87458746	0.00950435
-695.84158416	0.01095148
-695.80858086	0.01145531
-695.77557756	0.01103831
-695.74257426	0.01004545
-695.70957096	0.00833615
-695.67656766	0.00642825
-695.64356436	0.00458128
-695.61056106	0.00283478
-695.57755776	0.00124632
-695.54455446	-0.00031950
-695.51155116	-0.00236283
-695.47854785	-0.00441147
-695.44554455	-0.00655726
-695.41254125	-0.00822223
-695.37953795	-0.00883708
-695.34653465	-0.00861456
-695.31353135	-0.00748822
-695.28052805	-0.00572880
-695.24752475	-0.00361215
-695.21452145	-0.00118161
-695.18151815	0.00144942
-695.14851485	0.00447452
-695.11551155	0.00777836
-695.08250825	0.01087341
-695.04950495	0.01365295
-695.01650165	0.01552753
-694.98349835	0.01638106
-694.95049505	0.01665400
-694.91749175	0.01579283
-694.88448845	0.01441228
-694.85148515	0.01287015
-694.81848185	0.01060646
-694.78547855	0.00814798
-694.75247525	0.00532808
-694.71947195	0.00196566
-694.68646865	-0.00133347
-694.65346535	-0.00431004
-694.62046205	-0.00637150
-694.58745875	-0.00712390
-694.55445545	-0.00673447
-694.52145215	-0.00515757
-694.48844884	-0.00309228
-694.45544554	-0.00155217
-694.42244224	-0.00038611
-694.38943894	0.00009018
-694.35643564	-0.00021779
-694.32343234	-0.00036158
-694.29042904	-0.00016231
-694.25742574	0.00061999
-694.22442244	0.00248260
-694.19141914	0.00502301
-694.15841584	0.00814787
-694.12541254	0.01134993
-694.09240924	0.01398322
-694.05940594	0.01546184
-694.02640264	0.01494061
-693.99339934	0.01258482
-693.96039604	0.00824861
-693.92739274	0.00264320
-693.89438944	-0.00349052
-693.86138614	-0.00869024
-693.82838284	-0.01235004
-693.79537954	-0.01421250
-693.76237624	-0.01438777
-693.72937294	-0.01371302
-693.69636964	-0.01256322
-693.66336634	-0.01173012
-693.63036304	-0.01163058
-693.59735974	-0.01197288
-693.56435644	-0.01291865
-693.53135314	-0.01430598
-693.49834983	-0.01515325
-693.46534653	-0.01522468
-693.43234323	-0.01396488
-693.39933993	-0.01119969
-693.36633663	-0.00694028
-693.33333333	-0.00215816
-693.30033003	0.00244820
-693.26732673	0.00628186
-693.23432343	0.00840481
-693.20132013	0.00858228
-693.16831683	0.00699928
-693.13531353	0.00393965
-693.10231023	0.00025008
-693.06930693	-0.00338662
-693.03630363	-0.00668627
-693.00330033	-0.00892939
-692.97029703	-0.01012711
-692.93729373	-0.01031056
-692.90429043	-0.00963892
-692.87128713	-0.00847607
-692.83828383	-0.00705752
-692.80528053	-0.00547464
-692.77227723	-0.00399971
-692.73927393	-0.00248003
-692.70627063	-0.00088748
-692.67326733	0.00002311
-692.64026403	0.00007460
-692.60726073	-0.00078810
-692.57425743	-0.00307018
-692.54125413	-0.00585269
-692.50825083	-0.00851084
-692.47524752	-0.01026376
-692.44224422	-0.01039343
-692.40924092	-0.00926712
-692.37623762	-0.00708545
-692.34323432	-0.00439627
-692.31023102	-0.00199756
-692.27722772	-0.00027838
-692.24422442	-0.00003537
-692.21122112	-0.00109621
-692.17821782	-0.00328650
-692.14521452	-0.00593622
-692.11221122	-0.00853455
-692.07920792	-0.01021064
-692.04620462	-0.01036829
-692.01320132	-0.00950597
-691.98019802	-0.00809236
-691.94719472	-0.00685083
-691.91419142	-0.00634594
-691.88118812	-0.00675487
-691.84818482	-0.00773546
-691.81518152	-0.00900488
-691.78217822	-0.00996860
-691.74917492	-0.01048639
-691.71617162	-0.01024201
-691.68316832	-0.00903458
-691.65016502	-0.00703693
-691.61716172	-0.00389581
-691.58415842	0.00049959
-691.55115512	0.00570684
-691.51815182	0.01155856
-691.48514851	0.01755322
-691.45214521	0.02270344
-691.41914191	0.02638178
-691.38613861	0.02813890
-691.35313531	0.02730012
-691.32013201	0.02450845
-691.28712871	0.02020837
-691.25412541	0.01499352
-691.22112211	0.01010275
-691.18811881	0.00599262
-691.15511551	0.00289309
-691.12211221	0.00105829
-691.08910891	0.00055264
-691.05610561	0.00100031
-691.02310231	0.00204935
-690.99009901	0.00392410
-690.95709571	0.00572939
-690.92409241	0.00763053
-690.89108911	0.00911108
-690.85808581	0.01004581
-690.82508251	0.01119978
-690.79207921	0.01214042
-690.75907591	0.01342071
-690.72607261	0.01491746
-690.69306931	0.01611997
-690.66006601	0.01676468
-690.62706271	0.01614523
-690.59405941	0.01481225
-690.56105611	0.01304503
-690.52805281	0.01104182
-690.49504950	0.00922978
-690.46204620	0.00778786
-690.42904290	0.00585244
-690.39603960	0.00338463
-690.36303630	0.00044128
-690.33003300	-0.00314229
-690.29702970	-0.00650629
-690.26402640	-0.00941608
-690.23102310	-0.01158140
-690.19801980	-0.01236984
-690.16501650	-0.01201978
-690.13201320	-0.01031245
-690.09900990	-0.00795344
-690.06600660	-0.00530335
-690.03300330	-0.00316081
-690.00000000	-0.00194057
-689.96699670	-0.00200726
-689.93399340	-0.00349104
-689.90099010	-0.00555672
-689.86798680	-0.00793439
-689.83498350	-0.01025062
-689.80198020	-0.01198760
-689.76897690	-0.01324595
-689.73597360	-0.01375259
-689.70297030	-0.01363660
-689.66996700	-0.01248886
-689.63696370	-0.01056828
-689.60396040	-0.00798197
-689.57095710	-0.00511163
-689.53795380	-0.00272859
-689.50495050	-0.00121018
-689.47194719	-0.00129779
-689.43894389	-0.00288537
-689.40594059	-0.00562082
-689.37293729	-0.00869127
-689.33993399	-0.01145133
-689.30693069	-0.01357436
-689.27392739	-0.01432565
-689.24092409	-0.01394478
-689.20792079	-0.01224718
-689.17491749	-0.00931905
-689.14191419	-0.00548964
-689.10891089	-0.00105617
-689.07590759	0.00339884
-689.04290429	0.00742671
-689.00990099	0.01019761
-688.97689769	0.01132467
-688.94389439	0.01084549
-688.91089109	0.00901885
-688.87788779	0.00669646
-688.84488449	0.00438379
-688.81188119	0.00259347
-688.77887789	0.00177623
-688.74587459	0.00107749
-688.71287129	0.00085529
-688.67986799	0.00031105
-688.64686469	-0.00045394
-688.61386139	-0.00081909
-688.58085809	-0.00104727
-688.54785479	-0.00067457
-688.51485149	0.00022393
-688.48184818	0.00100851
-688.44884488	0.00128872
-688.41584158	0.00088574
-688.38283828	-0.00015930
-688.34983498	-0.00196299
-688.31683168	-0.00396040
-688.28382838	-0.00602761
-688.25082508	-0.00806638
-688.21782178	-0.00953019
-688.18481848	-0.01106544
-688.15181518	-0.01211942
-688.11881188	-0.01284432
-688.08580858	-0.01302651
-688.05280528	-0.01246470
-688.01980198	-0.01091937
-687.98679868	-0.00848496
-687.95379538	-0.00501598
-687.92079208	-0.00084694
-687.88778878	0.00350886
-687.85478548	0.00740753
-687.82178218	0.01044294
-687.78877888	0.01229325
-687.75577558	0.01275599
-687.72277228	0.01198801
-687.68976898	0.01034453
-687.65676568	0.00780892
-687.62376238	0.00463239
-687.59075908	0.00112507
-687.55775578	-0.00254775
-687.52475248	-0.00592701
-687.49174917	-0.00861966
-687.45874587	-0.01020107
-687.42574257	-0.01001632
-687.39273927	-0.00864523
-687.35973597	-0.00587800
-687.32673267	-0.00222368
-687.29372937	0.00182436
-687.26072607	0.00590709
-687.22772277	0.00950458
-687.19471947	0.01249887
-687.16171617	0.01386545
-687.12871287	0.01326675
-687.09570957	0.01119095
-687.06270627	0.00776328
-687.02970297	0.00376268
-686.99669967	0.00026857
-686.96369637	-0.00229449
-686.93069307	-0.00382572
-686.89768977	-0.00422182
-686.86468647	-0.00425131
-686.83168317	-0.00416379
-686.79867987	-0.00438482
-686.76567657	-0.00485428
-686.73267327	-0.00574166
-686.69966997	-0.00669521
-686.66666667	-0.00738451
-686.63366337	-0.00766152
-686.60066007	-0.00745343
-686.56765677	-0.00705636
-686.53465347	-0.00633528
-686.50165017	-0.00585212
-686.46864686	-0.00578490
-686.43564356	-0.00650860
-686.40264026	-0.00797715
-686.36963696	-0.01007397
-686.33663366	-0.01249351
-686.30363036	-0.01452051
-686.27062706	-0.01594250
-686.23762376	-0.01617060
-686.20462046	-0.01515004
-686.17161716	-0.01321332
-686.13861386	-0.01082290
-686.10561056	-0.00818534
-686.07260726	-0.00595469
-686.03960396	-0.00369444
-686.00660066	-0.00169739
-685.97359736	0.00047603
-685.94059406	0.00225082
-685.90759076	0.00404479
-685.87458746	0.00516515
-685.84158416	0.00580813
-685.80858086	0.00609467
-685.77557756	0.00622480
-685.74257426	0.00614932
-685.70957096	0.00628982
-685.67656766	0.00615541
-685.64356436	0.00606431
-685.61056106	0.00612450
-685.57755776	0.00694425
-685.54455446	0.00901799
-685.51155116	0.01255817
-685.47854785	0.01741675
-685.44554455	0.02277342
-685.41254125	0.02756623
-685.37953795	0.03090811
-685.34653465	0.03247449
-685.31353135	0.03249550
-685.28052805	0.03143899
-685.24752475	0.03014346
-685.21452145	0.02916250
-685.18151815	0.02868250
-685.14851485	0.02871291
-685.11551155	0.02928659
-685.08250825	0.03034904
-685.04950495	0.03195613
-685.01650165	0.03412916
-684.98349835	0.03610366
-684.95049505	0.03815062
-684.91749175	0.03936877
-684.88448845	0.04007384
-684.85148515	0.03980217
-684.81848185	0.03890232
-684.78547855	0.03702841
-684.75247525	0.03423031
-684.71947195	0.03077650
-684.68646865	0.02639321
-684.65346535	0.02185633
-684.62046205	0.01728751
-684.58745875	0.01298346
-684.55445545	0.00952252
-684.52145215	0.00724208
-684.48844884	0.00561981
-684.45544554	0.00568385
-684.42244224	0.00628834
-684.38943894	0.00730775
-684.35643564	0.00896248
-684.32343234	0.01010666
-684.29042904	0.01071172
-684.25742574	0.01064605
-684.22442244	0.00947229
-684.19141914	0.00730372
-684.15841584	0.00434031
-684.12541254	0.00103541
-684.09240924	-0.00276755
-684.05940594	-0.00633909
-684.02640264	-0.00998416
-683.99339934	-0.01316141
-683.96039604	-0.01605866
-683.92739274	-0.01839371
-683.89438944	-0.01978637
-683.86138614	-0.02015130
-683.82838284	-0.01922885
-683.79537954	-0.01744782
-683.76237624	-0.01457119
-683.72937294	-0.01174400
-683.69636964	-0.00864332
-683.66336634	-0.00619108
-683.63036304	-0.00470194
-683.59735974	-0.00407884
-683.56435644	-0.00487934
-683.53135314	-0.00729002
-683.49834983	-0.01103689
-683.46534653	-0.01628140
-683.43234323	-0.02224296
-683.39933993	-0.02829304
-683.36633663	-0.03330390
-683.33333333	-0.03645807
-683.30033003	-0.03703311
-683.26732673	-0.03521563
-683.23432343	-0.03112096
-683.20132013	-0.02590277
-683.16831683	-0.02006555
-683.13531353	-0.01497466
-683.10231023	-0.01148634
-683.06930693	-0.00988409
-683.03630363	-0.01077013
-683.00330033	-0.01381187
-682.97029703	-0.01848972
-682.93729373	-0.02360976
-682.90429043	-0.02879472
-682.87128713	-0.03231701
-682.83828383	-0.03418733
-682.80528053	-0.03395460
-682.77227723	-0.03201335
-682.73927393	-0.02889458
-682.70627063	-0.02571639
-682.67326733	-0.02280997
-682.64026403	-0.02080736
-682.60726073	-0.02000953
-682.57425743	-0.02047049
-682.54125413	-0.02141484
-682.50825083	-0.02294585
-682.47524752	-0.02454079
-682.44224422	-0.02560692
-682.40924092	-0.02640633
-682.37623762	-0.02649075
-682.34323432	-0.02612083
-682.31023102	-0.02519529
-682.27722772	-0.02357037
-682.24422442	-0.02144612
-682.21122112	-0.01837971
-682.17821782	-0.01478968
-682.14521452	-0.01115598
-682.11221122	-0.00777217
-682.07920792	-0.00525029
-682.04620462	-0.00354203
-682.01320132	-0.00253520
-681.98019802	-0.00169612
-681.94719472	-0.00076925
-681.91419142	0.00018468
-681.88118812	0.00077144
-681.84818482	0.00090205
-681.81518152	-0.00040517
-681.78217822	-0.00266252
-681.74917492	-0.00604039
-681.71617162	-0.00953716
-681.68316832	-0.01253315
-681.65016502	-0.01455152
-681.61716172	-0.01519276
-681.58415842	-0.01446940
-681.55115512	-0.01205826
-681.51815182	-0.00839803
-681.48514851	-0.00362328
-681.45214521	0.00165594
-681.41914191	0.00637640
-681.38613861	0.01019014
-681.35313531	0.01217034
-681.32013201	0.01275437
-681.28712871	0.01208774
-681.25412541	0.01074325
-681.22112211	0.00929238
-681.18811881	0.00772272
-681.15511551	0.00622571
-681.12211221	0.00469575
-681.08910891	0.00304695
-681.05610561	0.00149739
-681.02310231	0.00072529
-680.99009901	0.00062751
-680.95709571	0.00161476
-680.92409241	0.00338437
-680.89108911	0.00567373
-680.85808581	0.00804545
-680.82508251	0.00992165
-680.79207921	0.01109336
-680.75907591	0.01146553
-680.72607261	0.01145593
-680.69306931	0.01102533
-680.66006601	0.01044117
-680.62706271	0.00986312
-680.59405941	0.00920444
-680.56105611	0.00902956
-680.52805281	0.00878974
-680.49504950	0.00900528
-680.46204620	0.00915616
-680.42904290	0.00933600
-680.39603960	0.00948329
-680.36303630	0.00943191
-680.33003300	0.00980102
-680.29702970	0.01025293
-680.26402640	0.01151180
-680.23102310	0.01332250
-680.19801980	0.01510315
-680.16501650	0.01687177
-680.13201320	0.01777209
-680.09900990	0.01771770
-680.06600660	0.01637443
-680.03300330	0.01392014
-680.00000000	0.01081934
-679.96699670	0.00723360
-679.93399340	0.00384390
-679.90099010	0.00049410
-679.86798680	-0.00214350
-679.83498350	-0.00425116
-679.80198020	-0.00486102
-679.76897690	-0.00441647
-679.73597360	-0.00231482
-679.70297030	0.00094226
-679.66996700	0.00501285
-679.63696370	0.00932928
-679.60396040	0.01344182
-679.57095710	0.01718845
-679.53795380	0.02013590
-679.50495050	0.02249862
-679.47194719	0.02387898
-679.43894389	0.02405222
-679.40594059	0.02321929
-679.37293729	0.02111379
-679.33993399	0.01790490
-679.30693069	0.01396404
-679.27392739	0.00985544
-679.24092409	0.00599037
-679.20792079	0.00287821
-679.17491749	0.00041728
-679.14191419	-0.00058635
-679.10891089	-0.00092715
-679.07590759	-0.00012553
-679.04290429	0.00119271
-679.00990099	0.00320697
-678.97689769	0.00527809
-678.94389439	0.00704582
-678.91089109	0.00863667
-678.87788779	0.00941781
-678.84488449	0.00998396
-678.81188119	0.01023983
-678.77887789	0.01017534
-678.74587459	0.01032192
-678.71287129	0.01051395
-678.67986799	0.01109502
-678.64686469	0.01210254
-678.61386139	0.01363792
-678.58085809	0.01552031
-678.54785479	0.01718225
-678.51485149	0.01813185
-678.48184818	0.01795191
-678.44884488	0.01654955
-678.41584158	0.01405443
-678.38283828	0.01081111
-678.34983498	0.00722347
-678.31683168	0.00377152
-678.28382838	0.00028650
-678.25082508	-0.00290318
-678.21782178	-0.00621465
-678.18481848	-0.00924590
-678.15181518	-0.01194577
-678.11881188	-0.01437383
-678.08580858	-0.01624245
-678.05280528	-0.01761705
-678.01980198	-0.01770462
-677.98679868	-0.01665684
-677.95379538	-0.01422940
-677.92079208	-0.00997227
-677.88778878	-0.00479407
-677.85478548	0.00093230
-677.82178218	0.00610742
-677.78877888	0.01018314
-677.75577558	0.01194256
-677.72277228	0.01171881
-677.68976898	0.00925642
-677.65676568	0.00545632
-677.62376238	0.00051566
-677.59075908	-0.00448860
-677.55775578	-0.00888405
-677.52475248	-0.01242427
-677.49174917	-0.01425823
-677.45874587	-0.01467428
-677.42574257	-0.01387388
-677.39273927	-0.01218571
-677.35973597	-0.00998682
-677.32673267	-0.00772724
-677.29372937	-0.00516337
-677.26072607	-0.00250875
-677.22772277	0.00022388
-677.19471947	0.00278225
-677.16171617	0.00536410
-677.12871287	0.00741808
-677.09570957	0.00893701
-677.06270627	0.00981154
-677.02970297	0.01011949
-676.99669967	0.00983315
-676.96369637	0.00948375
-676.93069307	0.00900551
-676.89768977	0.00915670
-676.86468647	0.00945960
-676.83168317	0.01043254
-676.79867987	0.01122760
-676.76567657	0.01219888
-676.73267327	0.01244119
-676.69966997	0.01215996
-676.66666667	0.01115556
-676.63366337	0.00964033
-676.60066007	0.00783411
-676.56765677	0.00568090
-676.53465347	0.00363447
-676.50165017	0.00133954
-676.46864686	-0.00078704
-676.43564356	-0.00297954
-676.40264026	-0.00520772
-676.36963696	-0.00759547
-676.33663366	-0.00985650
-676.30363036	-0.01193144
-676.27062706	-0.01335992
-676.23762376	-0.01375059
-676.20462046	-0.01250806
-676.17161716	-0.00991329
-676.13861386	-0.00611447
-676.10561056	-0.00186067
-676.07260726	0.00252432
-676.03960396	0.00590277
-676.00660066	0.00864923
-675.97359736	0.01032181
-675.94059406	0.01076994
-675.90759076	0.01029262
-675.87458746	0.00882716
-675.84158416	0.00677201
-675.80858086	0.00405228
-675.77557756	0.00181881
-675.74257426	-0.00001522
-675.70957096	-0.00104817
-675.67656766	-0.00116218
-675.64356436	-0.00081125
-675.61056106	-0.00010843
-675.57755776	0.00046984
-675.54455446	0.00084359
-675.51155116	0.00112557
-675.47854785	0.00107192
-675.44554455	0.00125617
-675.41254125	0.00121800
-675.37953795	0.00121426
-675.34653465	0.00134923
-675.31353135	0.00172304
-675.28052805	0.00244388
-675.24752475	0.00360303
-675.21452145	0.00541395
-675.18151815	0.00724898
-675.14851485	0.00924048
-675.11551155	0.01041733
-675.08250825	0.01118677
-675.04950495	0.01076550
-675.01650165	0.00987484
-674.98349835	0.00821606
-674.95049505	0.00636070
-674.91749175	0.00423103
-674.88448845	0.00238526
-674.85148515	0.00044060
-674.81848185	-0.00126123
-674.78547855	-0.00302798
-674.75247525	-0.00479851
-674.71947195	-0.00648361
-674.68646865	-0.00801502
-674.65346535	-0.00935617
-674.62046205	-0.01037787
-674.58745875	-0.01128552
-674.55445545	-0.01183046
-674.52145215	-0.01202258
-674.48844884	-0.01166906
-674.45544554	-0.01065267
-674.42244224	-0.00904613
-674.38943894	-0.00661022
-674.35643564	-0.00395701
-674.32343234	-0.00132601
-674.29042904	0.00083829
-674.25742574	0.00228234
-674.22442244	0.00275608
-674.19141914	0.00201560
-674.15841584	0.00069396
-674.12541254	-0.00148344
-674.09240924	-0.00390695
-674.05940594	-0.00613023
-674.02640264	-0.00809178
-673.99339934	-0.00913658
-673.96039604	-0.00931780
-673.92739274	-0.00843249
-673.89438944	-0.00654742
-673.86138614	-0.00377995
-673.82838284	-0.00032915
-673.79537954	0.00314464
-673.76237624	0.00652334
-673.72937294	0.00912123
-673.69636964	0.01069850
-673.66336634	0.01120311
-673.63036304	0.01032154
-673.59735974	0.00878139
-673.56435644	0.00666561
-673.53135314	0.00496283
-673.49834983	0.00344949
-673.46534653	0.00281374
-673.43234323	0.00268677
-673.39933993	0.00275282
-673.36633663	0.00283507
-673.33333333	0.00247235
-673.30033003	0.00175840
-673.26732673	0.00052534
-673.23432343	-0.00103237
-673.20132013	-0.00300305
-673.16831683	-0.00502001
-673.13531353	-0.00705944
-673.10231023	-0.00910606
-673.06930693	-0.01125959
-673.03630363	-0.01309329
-673.00330033	-0.01490810
-672.97029703	-0.01646586
-672.93729373	-0.01748633
-672.90429043	-0.01855926
-672.87128713	-0.01930637
-672.83828383	-0.01990561
-672.80528053	-0.02064449
-672.77227723	-0.02155468
-672.73927393	-0.02246809
-672.70627063	-0.02323139
-672.67326733	-0.02345551
-672.64026403	-0.02308389
-672.60726073	-0.02168713
-672.57425743	-0.01977529
-672.54125413	-0.01713927
-672.50825083	-0.01434529
-672.47524752	-0.01150718
-672.44224422	-0.00904466
-672.40924092	-0.00692471
-672.37623762	-0.00502736
-672.34323432	-0.00355182
-672.31023102	-0.00208243
-672.27722772	-0.00075182
-672.24422442	0.00083896
-672.21122112	0.00258898
-672.17821782	0.00445989
-672.14521452	0.00660604
-672.11221122	0.00834374
-672.07920792	0.00974513
-672.04620462	0.01055257
-672.01320132	0.01032480
-671.98019802	0.00933933
-671.94719472	0.00765085
-671.91419142	0.00543117
-671.88118812	0.00287462
-671.84818482	0.00054300
-671.81518152	-0.00166457
-671.78217822	-0.00373119
-671.74917492	-0.00569199
-671.71617162	-0.00780936
-671.68316832	-0.00940546
-671.65016502	-0.01099698
-671.61716172	-0.01185996
-671.58415842	-0.01207514
-671.55115512	-0.01149937
-671.51815182	-0.01051383
-671.48514851	-0.00944511
-671.45214521	-0.00840987
-671.41914191	-0.00765991
-671.38613861	-0.00756589
-671.35313531	-0.00795338
-671.32013201	-0.00874153
-671.28712871	-0.00992158
-671.25412541	-0.01114648
-671.22112211	-0.01234277
-671.18811881	-0.01333435
-671.15511551	-0.01373782
-671.12211221	-0.01386388
-671.08910891	-0.01332485
-671.05610561	-0.01249181
-671.02310231	-0.01123878
-670.99009901	-0.00987398
-670.95709571	-0.00861261
-670.92409241	-0.00749664
-670.89108911	-0.00663252
-670.85808581	-0.00606992
-670.82508251	-0.00600371
-670.79207921	-0.00591796
-670.75907591	-0.00575153
-670.72607261	-0.00557977
-670.69306931	-0.00496681
-670.66006601	-0.00434623
-670.62706271	-0.00365248
-670.59405941	-0.00301254
-670.56105611	-0.00219131
-670.52805281	-0.00112670
-670.49504950	0.00030904
-670.46204620	0.00246449
-670.42904290	0.00516792
-670.39603960	0.00850874
-670.36303630	0.01230996
-670.33003300	0.01619372
-670.29702970	0.01999468
-670.26402640	0.02336694
-670.23102310	0.02621869
-670.19801980	0.02826903
-670.16501650	0.02931357
-670.13201320	0.02922129
-670.09900990	0.02779004
-670.06600660	0.02532567
-670.03300330	0.02181753
-670.00000000	0.01776646
-669.96699670	0.01348066
-669.93399340	0.00978544
-669.90099010	0.00682602
-669.86798680	0.00445604
-669.83498350	0.00279708
-669.80198020	0.00139779
-669.76897690	0.00001288
-669.73597360	-0.00143157
-669.70297030	-0.00294253
-669.66996700	-0.00467542
-669.63696370	-0.00613922
-669.60396040	-0.00788220
-669.57095710	-0.00933418
-669.53795380	-0.01081914
-669.50495050	-0.01194604
-669.47194719	-0.01249462
-669.43894389	-0.01211727
-669.40594059	-0.01054332
-669.37293729	-0.00771304
-669.33993399	-0.00393390
-669.30693069	0.00062084
-669.27392739	0.00552295
-669.24092409	0.01039849
-669.20792079	0.01480283
-669.17491749	0.01856725
-669.14191419	0.02147241
-669.10891089	0.02316929
-669.07590759	0.02361078
-669.04290429	0.02313260
-669.00990099	0.02149168
-668.97689769	0.01929716
-668.94389439	0.01695894
-668.91089109	0.01430903
-668.87788779	0.01211242
-668.84488449	0.00961067
-668.81188119	0.00791676
-668.77887789	0.00624256
-668.74587459	0.00471322
-668.71287129	0.00335576
-668.67986799	0.00206643
-668.64686469	0.00059684
-668.61386139	-0.00073887
-668.58085809	-0.00197890
-668.54785479	-0.00300731
-668.51485149	-0.00387406
-668.48184818	-0.00466729
-668.44884488	-0.00516924
-668.41584158	-0.00629561
-668.38283828	-0.00732831
-668.34983498	-0.00863301
-668.31683168	-0.01006436
-668.28382838	-0.01114070
-668.25082508	-0.01193300
-668.21782178	-0.01186992
-668.18481848	-0.01121580
-668.15181518	-0.00988899
-668.11881188	-0.00805618
-668.08580858	-0.00586838
-668.05280528	-0.00362600
-668.01980198	-0.00128830
-667.98679868	0.00072899
-667.95379538	0.00237917
-667.92079208	0.00370930
-667.88778878	0.00488136
-667.85478548	0.00627587
-667.82178218	0.00752906
-667.78877888	0.00898645
-667.75577558	0.01071120
-667.72277228	0.01227157
-667.68976898	0.01331427
-667.65676568	0.01405412
-667.62376238	0.01412373
-667.59075908	0.01362805
-667.55775578	0.01286796
-667.52475248	0.01189008
-667.49174917	0.01127141
-667.45874587	0.01076982
-667.42574257	0.01077618
-667.39273927	0.01110088
-667.35973597	0.01128953
-667.32673267	0.01144707
-667.29372937	0.01121216
-667.26072607	0.01069351
-667.22772277	0.00986647
-667.19471947	0.00891145
-667.16171617	0.00786848
-667.12871287	0.00684054
-667.09570957	0.00584022
-667.06270627	0.00476372
-667.02970297	0.00351510
-666.99669967	0.00214830
-666.96369637	0.00071121
-666.93069307	-0.00066675
-666.89768977	-0.00217455
-666.86468647	-0.00321647
-666.83168317	-0.00435457
-666.79867987	-0.00542263
-666.76567657	-0.00664017
-666.73267327	-0.00775284
-666.69966997	-0.00886580
-666.66666667	-0.00983135
-666.63366337	-0.01033005
-666.60066007	-0.01041010
-666.56765677	-0.00951630
-666.53465347	-0.00818252
-666.50165017	-0.00615951
-666.46864686	-0.00404054
-666.43564356	-0.00198434
-666.40264026	-0.00052528
-666.36963696	0.00087801
-666.33663366	0.00154580
-666.30363036	0.00227353
-666.27062706	0.00261723
-666.23762376	0.00311579
-666.20462046	0.00381073
-666.17161716	0.00482073
-666.13861386	0.00641743
-666.10561056	0.00838663
-666.07260726	0.01084226
-666.03960396	0.01324843
-666.00660066	0.01525848
-665.97359736	0.01650894
-665.94059406	0.01634051
-665.90759076	0.01516289
-665.87458746	0.01255462
-665.84158416	0.00915306
-665.80858086	0.00515370
-665.77557756	0.00100492
-665.74257426	-0.00290184
-665.70957096	-0.00649548
-665.67656766	-0.00920471
-665.64356436	-0.01129062
-665.61056106	-0.01242434
-665.57755776	-0.01289022
-665.54455446	-0.01287070
-665.51155116	-0.01266756
-665.47854785	-0.01233294
-665.44554455	-0.01201185
-665.41254125	-0.01195833
-665.37953795	-0.01174462
-665.34653465	-0.01171325
-665.31353135	-0.01153968
-665.28052805	-0.01110143
-665.24752475	-0.01033549
-665.21452145	-0.00905402
-665.18151815	-0.00738155
-665.14851485	-0.00542574
-665.11551155	-0.00327675
-665.08250825	-0.00126260
-665.04950495	0.00044582
-665.01650165	0.00185786
-664.98349835	0.00306835
-664.95049505	0.00390096
-664.91749175	0.00440705
-664.88448845	0.00415745
-664.85148515	0.00380371
-664.81848185	0.00277843
-664.78547855	0.00125458
-664.75247525	-0.00020422
-664.71947195	-0.00116123
-664.68646865	-0.00171717
-664.65346535	-0.00160495
-664.62046205	-0.00068125
-664.58745875	0.00057788
-664.55445545	0.00186287
-664.52145215	0.00306317
-664.48844884	0.00383140
-664.45544554	0.00430539
-664.42244224	0.00420192
-664.38943894	0.00342354
-664.35643564	0.00224495
-664.32343234	0.00092923
-664.29042904	-0.00057168
-664.25742574	-0.00178225
-664.22442244	-0.00243987
-664.19141914	-0.00247133
-664.15841584	-0.00201697
-664.12541254	-0.00097356
-664.09240924	0.00045694
-664.05940594	0.00182395
-664.02640264	0.00342499
-663.99339934	0.00479106
-663.96039604	0.00588002
-663.92739274	0.00659674
-663.89438944	0.00687183
-663.86138614	0.00657501
-663.82838284	0.00554389
-663.79537954	0.00388995
-663.76237624	0.00172535
-663.72937294	-0.00103480
-663.69636964	-0.00405174
-663.66336634	-0.00674150
-663.63036304	-0.00904995
-663.59735974	-0.01066188
-663.56435644	-0.01154941
-663.53135314	-0.01185187
-663.49834983	-0.01155886
-663.46534653	-0.01102961
-663.43234323	-0.01002962
-663.39933993	-0.00874322
-663.36633663	-0.00704784
-663.33333333	-0.00484205
-663.30033003	-0.00236979
-663.26732673	0.00010197
-663.23432343	0.00216274
-663.20132013	0.00359685
-663.16831683	0.00408213
-663.13531353	0.00366546
-663.10231023	0.00238864
-663.06930693	0.00049278
-663.03630363	-0.00180749
-663.00330033	-0.00417888
-662.97029703	-0.00622296
-662.93729373	-0.00757783
-662.90429043	-0.00862673
-662.87128713	-0.00904263
-662.83828383	-0.00926460
-662.80528053	-0.00930470
-662.77227723	-0.00908010
-662.73927393	-0.00869670
-662.70627063	-0.00830265
-662.67326733	-0.00810677
-662.64026403	-0.00812544
-662.60726073	-0.00830393
-662.57425743	-0.00850812
-662.54125413	-0.00848397
-662.50825083	-0.00793191
-662.47524752	-0.00651686
-662.44224422	-0.00409243
-662.40924092	-0.00073447
-662.37623762	0.00323356
-662.34323432	0.00756510
-662.31023102	0.01176947
-662.27722772	0.01541997
-662.24422442	0.01791817
-662.21122112	0.01906383
-662.17821782	0.01842098
-662.14521452	0.01628837
-662.11221122	0.01306135
-662.07920792	0.00918904
-662.04620462	0.00514169
-662.01320132	0.00131596
-661.98019802	-0.00249222
-661.94719472	-0.00595193
-661.91419142	-0.00910164
-661.88118812	-0.01170343
-661.84818482	-0.01383763
-661.81518152	-0.01540371
-661.78217822	-0.01607353
-661.74917492	-0.01622955
-661.71617162	-0.01559520
-661.68316832	-0.01431495
-661.65016502	-0.01255409
-661.61716172	-0.01033721
-661.58415842	-0.00787668
-661.55115512	-0.00551279
-661.51815182	-0.00365391
-661.48514851	-0.00222090
-661.45214521	-0.00142279
-661.41914191	-0.00119135
-661.38613861	-0.00137992
-661.35313531	-0.00185529
-661.32013201	-0.00254860
-661.28712871	-0.00302496
-661.25412541	-0.00340227
-661.22112211	-0.00345774
-661.18811881	-0.00288461
-661.15511551	-0.00179287
-661.12211221	-0.00012273
-661.08910891	0.00176910
-661.05610561	0.00381060
-661.02310231	0.00594625
-660.99009901	0.00764694
-660.95709571	0.00895489
-660.92409241	0.00969156
-660.89108911	0.00965540
-660.85808581	0.00915420
-660.82508251	0.00812851
-660.79207921	0.00717121
-660.75907591	0.00610414
-660.72607261	0.00517241
-660.69306931	0.00465851
-660.66006601	0.00466452
-660.62706271	0.00501574
-660.59405941	0.00582386
-660.56105611	0.00704409
-660.52805281	0.00854678
-660.49504950	0.01011752
-660.46204620	0.01128183
-660.42904290	0.01195281
-660.39603960	0.01192525
-660.36303630	0.01078739
-660.33003300	0.00906644
-660.29702970	0.00655473
-660.26402640	0.00366450
-660.23102310	0.00064446
-660.19801980	-0.00233155
-660.16501650	-0.00501889
-660.13201320	-0.00762418
-660.09900990	-0.00965838
-660.06600660	-0.01139165
-660.03300330	-0.01260043
-660.00000000	-0.01311243
