# Menlo Systems GmbH ScanControl
# Program Version 1.14.3
# Start: -740.00000000 ps, Average over 3000 waveforms. Timestamp: 2026-03-04T13:56:22
# User time axis shift: 0 ps
# Time axis offset: 0 ps
# Time [ps]	THz Signal [a.u.]
-740.00000000	0.00005445
-739.96699670	0.00003286
-739.93399340	-0.00003873
-739.90099010	-0.00000866
-739.86798680	0.00000029
-739.83498350	-0.00000011
-739.80198020	0.00005325
-739.76897690	-0.00005227
-739.73597360	-0.00000571
-739.70297030	-0.00006259
-739.66996700	-0.00001838
-739.63696370	-0.00002322
-739.60396040	-0.00006364
-739.57095710	-0.00003289
-739.53795380	-0.00008132
-739.50495050	-0.00003945
-739.47194719	-0.00004972
-739.43894389	-0.00001161
-739.40594059	-0.00001507
-739.37293729	-0.00001444
-739.33993399	-0.00000369
-739.30693069	0.00001776
-739.27392739	0.00003519
-739.24092409	0.00001548
-739.20792079	0.00001540
-739.17491749	0.00001086
-739.14191419	0.00006615
-739.10891089	0.00004063
-739.07590759	0.00005714
-739.04290429	0.00012203
-739.00990099	0.00010913
-738.97689769	0.00014860
-738.94389439	0.00009414
-738.91089109	0.00015148
-738.87788779	0.00013929
-738.84488449	0.00016623
-738.81188119	0.00013653
-738.77887789	0.00017643
-738.74587459	0.00014592
-738.71287129	0.00017741
-738.67986799	0.00020537
-738.64686469	0.00021305
-738.61386139	0.00022329
-738.58085809	0.00015847
-738.54785479	0.00017287
-738.51485149	0.00018483
-738.48184818	0.00024131
-738.44884488	0.00022934
-738.41584158	0.00019323
-738.38283828	0.00018286
-738.34983498	0.00014186
-738.31683168	0.00013910
-738.28382838	0.00016547
-738.25082508	0.00017454
-738.21782178	0.00017298
-738.18481848	0.00015079
-738.15181518	0.00015406
-738.11881188	0.00017327
-738.08580858	0.00010654
-738.05280528	0.00013659
-738.01980198	0.00013148
-737.98679868	0.00013484
-737.95379538	0.00014089
-737.92079208	0.00014741
-737.88778878	0.00011558
-737.85478548	0.00009717
-737.82178218	0.00011852
-737.78877888	0.00016817
-737.75577558	0.00014837
-737.72277228	0.00017098
-737.68976898	0.00011531
-737.65676568	0.00016684
-737.62376238	0.00019793
-737.59075908	0.00020534
-737.55775578	0.00016530
-737.52475248	0.00018420
-737.49174917	0.00017958
-737.45874587	0.00025076
-737.42574257	0.00026984
-737.39273927	0.00028732
-737.35973597	0.00030865
-737.32673267	0.00025771
-737.29372937	0.00026829
-737.26072607	0.00031679
-737.22772277	0.00031360
-737.19471947	0.00031253
-737.16171617	0.00033703
-737.12871287	0.00033904
-737.09570957	0.00036152
-737.06270627	0.00032442
-737.02970297	0.00036652
-736.99669967	0.00036979
-736.96369637	0.00035122
-736.93069307	0.00034618
-736.89768977	0.00031423
-736.86468647	0.00038218
-736.83168317	0.00035691
-736.79867987	0.00034785
-736.76567657	0.00042087
-736.73267327	0.00035475
-736.69966997	0.00037852
-736.66666667	0.00038118
-736.63366337	0.00038311
-736.60066007	0.00043144
-736.56765677	0.00040278
-736.53465347	0.00040644
-736.50165017	0.00041978
-736.46864686	0.00038811
-736.43564356	0.00038376
-736.40264026	0.00042216
-736.36963696	0.00035548
-736.33663366	0.00034693
-736.30363036	0.00029569
-736.27062706	0.00025666
-736.23762376	0.00016398
-736.20462046	0.00021475
-736.17161716	0.00016763
-736.13861386	0.00003489
-736.10561056	0.00000885
-736.07260726	-0.00005582
-736.03960396	-0.00013345
-736.00660066	-0.00015563
-735.97359736	-0.00021111
-735.94059406	-0.00040040
-735.90759076	-0.00044494
-735.87458746	-0.00049023
-735.84158416	-0.00053479
-735.80858086	-0.00063294
-735.77557756	-0.00076032
-735.74257426	-0.00080782
-735.70957096	-0.00083412
-735.67656766	-0.00087768
-735.64356436	-0.00092504
-735.61056106	-0.00097672
-735.57755776	-0.00103673
-735.54455446	-0.00107210
-735.51155116	-0.00111311
-735.47854785	-0.00100202
-735.44554455	-0.00109155
-735.41254125	-0.00105794
-735.37953795	-0.00100089
-735.34653465	-0.00093216
-735.31353135	-0.00083181
-735.28052805	-0.00075097
-735.24752475	-0.00062441
-735.21452145	-0.00050710
-735.18151815	-0.00048437
-735.14851485	-0.00029922
-735.11551155	-0.00011676
-735.08250825	0.00002413
-735.04950495	0.00005197
-735.01650165	0.00011949
-734.98349835	0.00023778
-734.95049505	0.00031710
-734.91749175	0.00032740
-734.88448845	0.00036037
-734.85148515	0.00044700
-734.81848185	0.00050887
-734.78547855	0.00042311
-734.75247525	0.00049938
-734.71947195	0.00050928
-734.68646865	0.00047499
-734.65346535	0.00049661
-734.62046205	0.00044232
-734.58745875	0.00048920
-734.55445545	0.00046940
-734.52145215	0.00049976
-734.48844884	0.00040711
-734.45544554	0.00048164
-734.42244224	0.00046931
-734.38943894	0.00040287
-734.35643564	0.00042416
-734.32343234	0.00041754
-734.29042904	0.00035687
-734.25742574	0.00038158
-734.22442244	0.00034976
-734.19141914	0.00029629
-734.15841584	0.00025011
-734.12541254	0.00024333
-734.09240924	0.00018087
-734.05940594	0.00016012
-734.02640264	0.00013030
-733.99339934	0.00008544
-733.96039604	0.00000278
-733.92739274	-0.00004523
-733.89438944	-0.00008534
-733.86138614	-0.00009224
-733.82838284	-0.00019224
-733.79537954	-0.00022925
-733.76237624	-0.00020864
-733.72937294	-0.00032667
-733.69636964	-0.00034653
-733.66336634	-0.00043524
-733.63036304	-0.00046733
-733.59735974	-0.00044648
-733.56435644	-0.00050010
-733.53135314	-0.00048696
-733.49834983	-0.00052431
-733.46534653	-0.00053301
-733.43234323	-0.00047094
-733.39933993	-0.00050231
-733.36633663	-0.00052843
-733.33333333	-0.00044134
-733.30033003	-0.00042616
-733.26732673	-0.00038083
-733.23432343	-0.00038467
-733.20132013	-0.00025347
-733.16831683	-0.00019049
-733.13531353	-0.00010671
-733.10231023	-0.00003857
-733.06930693	0.00000164
-733.03630363	0.00011499
-733.00330033	0.00019311
-732.97029703	0.00020908
-732.93729373	0.00028924
-732.90429043	0.00040288
-732.87128713	0.00040893
-732.83828383	0.00049719
-732.80528053	0.00053116
-732.77227723	0.00060404
-732.73927393	0.00055072
-732.70627063	0.00070270
-732.67326733	0.00068365
-732.64026403	0.00067955
-732.60726073	0.00074059
-732.57425743	0.00069229
-732.54125413	0.00077931
-732.50825083	0.00076835
-732.47524752	0.00075350
-732.44224422	0.00075276
-732.40924092	0.00073319
-732.37623762	0.00075031
-732.34323432	0.00074259
-732.31023102	0.00073907
-732.27722772	0.00078332
-732.24422442	0.00076529
-732.21122112	0.00070959
-732.17821782	0.00068793
-732.14521452	0.00072166
-732.11221122	0.00072370
-732.07920792	0.00078622
-732.04620462	0.00073839
-732.01320132	0.00074620
-731.98019802	0.00077681
-731.94719472	0.00080170
-731.91419142	0.00081920
-731.88118812	0.00080369
-731.84818482	0.00081189
-731.81518152	0.00088613
-731.78217822	0.00085285
-731.74917492	0.00080622
-731.71617162	0.00086329
-731.68316832	0.00083833
-731.65016502	0.00071792
-731.61716172	0.00077316
-731.58415842	0.00065860
-731.55115512	0.00054690
-731.51815182	0.00048571
-731.48514851	0.00026123
-731.45214521	0.00012302
-731.41914191	-0.00007489
-731.38613861	-0.00029731
-731.35313531	-0.00047684
-731.32013201	-0.00073600
-731.28712871	-0.00089250
-731.25412541	-0.00100545
-731.22112211	-0.00113830
-731.18811881	-0.00125728
-731.15511551	-0.00127569
-731.12211221	-0.00116022
-731.08910891	-0.00116654
-731.05610561	-0.00098727
-731.02310231	-0.00089495
-730.99009901	-0.00067068
-730.95709571	-0.00049785
-730.92409241	-0.00029462
-730.89108911	-0.00000845
-730.85808581	0.00008660
-730.82508251	0.00034196
-730.79207921	0.00050488
-730.75907591	0.00068431
-730.72607261	0.00077916
-730.69306931	0.00100930
-730.66006601	0.00094385
-730.62706271	0.00110939
-730.59405941	0.00116024
-730.56105611	0.00117681
-730.52805281	0.00123136
-730.49504950	0.00118572
-730.46204620	0.00124182
-730.42904290	0.00119601
-730.39603960	0.00119809
-730.36303630	0.00114208
-730.33003300	0.00113570
-730.29702970	0.00110735
-730.26402640	0.00107968
-730.23102310	0.00108560
-730.19801980	0.00103716
-730.16501650	0.00103510
-730.13201320	0.00102533
-730.09900990	0.00096948
-730.06600660	0.00101587
-730.03300330	0.00100442
-730.00000000	0.00091883
-729.96699670	0.00098839
-729.93399340	0.00094647
-729.90099010	0.00093890
-729.86798680	0.00096085
-729.83498350	0.00097185
-729.80198020	0.00092533
-729.76897690	0.00096166
-729.73597360	0.00093088
-729.70297030	0.00093750
-729.66996700	0.00089706
-729.63696370	0.00094452
-729.60396040	0.00083235
-729.57095710	0.00081385
-729.53795380	0.00076632
-729.50495050	0.00070542
-729.47194719	0.00058137
-729.43894389	0.00052560
-729.40594059	0.00048048
-729.37293729	0.00036608
-729.33993399	0.00022829
-729.30693069	0.00019482
-729.27392739	0.00005203
-729.24092409	-0.00008205
-729.20792079	-0.00012543
-729.17491749	-0.00027767
-729.14191419	-0.00032020
-729.10891089	-0.00039626
-729.07590759	-0.00046871
-729.04290429	-0.00050976
-729.00990099	-0.00059631
-728.97689769	-0.00061002
-728.94389439	-0.00064766
-728.91089109	-0.00069912
-728.87788779	-0.00068728
-728.84488449	-0.00073327
-728.81188119	-0.00073626
-728.77887789	-0.00080234
-728.74587459	-0.00085087
-728.71287129	-0.00089463
-728.67986799	-0.00095203
-728.64686469	-0.00099752
-728.61386139	-0.00108191
-728.58085809	-0.00117411
-728.54785479	-0.00127282
-728.51485149	-0.00137948
-728.48184818	-0.00150590
-728.44884488	-0.00157782
-728.41584158	-0.00171887
-728.38283828	-0.00188217
-728.34983498	-0.00199837
-728.31683168	-0.00216307
-728.28382838	-0.00241824
-728.25082508	-0.00265028
-728.21782178	-0.00281561
-728.18481848	-0.00312925
-728.15181518	-0.00335897
-728.11881188	-0.00362280
-728.08580858	-0.00377580
-728.05280528	-0.00401308
-728.01980198	-0.00413272
-727.98679868	-0.00417613
-727.95379538	-0.00417259
-727.92079208	-0.00408811
-727.88778878	-0.00389701
-727.85478548	-0.00360104
-727.82178218	-0.00334195
-727.78877888	-0.00301238
-727.75577558	-0.00261792
-727.72277228	-0.00233664
-727.68976898	-0.00181577
-727.65676568	-0.00157555
-727.62376238	-0.00118013
-727.59075908	-0.00079094
-727.55775578	-0.00054652
-727.52475248	-0.00012734
-727.49174917	0.00014043
-727.45874587	0.00048438
-727.42574257	0.00073177
-727.39273927	0.00105797
-727.35973597	0.00126170
-727.32673267	0.00151280
-727.29372937	0.00179595
-727.26072607	0.00189225
-727.22772277	0.00210622
-727.19471947	0.00221029
-727.16171617	0.00232343
-727.12871287	0.00229337
-727.09570957	0.00236462
-727.06270627	0.00228909
-727.02970297	0.00219020
-726.99669967	0.00203650
-726.96369637	0.00191763
-726.93069307	0.00168974
-726.89768977	0.00146330
-726.86468647	0.00121013
-726.83168317	0.00096252
-726.79867987	0.00060593
-726.76567657	0.00031325
-726.73267327	-0.00007713
-726.69966997	-0.00041743
-726.66666667	-0.00088592
-726.63366337	-0.00139234
-726.60066007	-0.00188154
-726.56765677	-0.00241732
-726.53465347	-0.00303169
-726.50165017	-0.00367480
-726.46864686	-0.00416775
-726.43564356	-0.00481677
-726.40264026	-0.00524270
-726.36963696	-0.00562025
-726.33663366	-0.00582557
-726.30363036	-0.00596845
-726.27062706	-0.00575978
-726.23762376	-0.00551481
-726.20462046	-0.00508992
-726.17161716	-0.00456868
-726.13861386	-0.00387000
-726.10561056	-0.00321134
-726.07260726	-0.00264500
-726.03960396	-0.00191096
-726.00660066	-0.00134537
-725.97359736	-0.00087063
-725.94059406	-0.00039980
-725.90759076	-0.00005575
-725.87458746	0.00022054
-725.84158416	0.00046398
-725.80858086	0.00056607
-725.77557756	0.00068681
-725.74257426	0.00074134
-725.70957096	0.00080032
-725.67656766	0.00081682
-725.64356436	0.00085011
-725.61056106	0.00095639
-725.57755776	0.00099802
-725.54455446	0.00121053
-725.51155116	0.00138012
-725.47854785	0.00167771
-725.44554455	0.00198695
-725.41254125	0.00240480
-725.37953795	0.00286312
-725.34653465	0.00334827
-725.31353135	0.00392816
-725.28052805	0.00464819
-725.24752475	0.00534304
-725.21452145	0.00622430
-725.18151815	0.00716755
-725.14851485	0.00819097
-725.11551155	0.00939359
-725.08250825	0.01072969
-725.04950495	0.01216690
-725.01650165	0.01383240
-724.98349835	0.01571857
-724.95049505	0.01762089
-724.91749175	0.01987733
-724.88448845	0.02219291
-724.85148515	0.02474961
-724.81848185	0.02746318
-724.78547855	0.03029755
-724.75247525	0.03328945
-724.71947195	0.03648136
-724.68646865	0.03976648
-724.65346535	0.04318199
-724.62046205	0.04661205
-724.58745875	0.05023246
-724.55445545	0.05388777
-724.52145215	0.05764001
-724.48844884	0.06162510
-724.45544554	0.06559053
-724.42244224	0.06992501
-724.38943894	0.07435958
-724.35643564	0.07916443
-724.32343234	0.08440217
-724.29042904	0.08997090
-724.25742574	0.09601155
-724.22442244	0.10268288
-724.19141914	0.10982346
-724.15841584	0.11749578
-724.12541254	0.12570076
-724.09240924	0.13410771
-724.05940594	0.14285691
-724.02640264	0.15138876
-723.99339934	0.15967618
-723.96039604	0.16714143
-723.92739274	0.17347113
-723.89438944	0.17816768
-723.86138614	0.18090402
-723.82838284	0.18083468
-723.79537954	0.17804334
-723.76237624	0.17172662
-723.72937294	0.16195642
-723.69636964	0.14837629
-723.66336634	0.13114812
-723.63036304	0.11029015
-723.59735974	0.08614741
-723.56435644	0.05895998
-723.53135314	0.02915266
-723.49834983	-0.00288321
-723.46534653	-0.03718377
-723.43234323	-0.07347060
-723.39933993	-0.11201549
-723.36633663	-0.15299061
-723.33333333	-0.19686037
-723.30033003	-0.24406060
-723.26732673	-0.29507689
-723.23432343	-0.35009855
-723.20132013	-0.40874982
-723.16831683	-0.47064587
-723.13531353	-0.53408045
-723.10231023	-0.59745738
-723.06930693	-0.65755810
-723.03630363	-0.71133441
-723.00330033	-0.75505152
-722.97029703	-0.78494166
-722.93729373	-0.79787104
-722.90429043	-0.79135516
-722.87128713	-0.76420155
-722.83828383	-0.71649210
-722.80528053	-0.64992326
-722.77227723	-0.56695545
-722.73927393	-0.47158872
-722.70627063	-0.36747456
-722.67326733	-0.25875386
-722.64026403	-0.14902825
-722.60726073	-0.04156242
-722.57425743	0.06108693
-722.54125413	0.15659448
-722.50825083	0.24311774
-722.47524752	0.31896960
-722.44224422	0.38305791
-722.40924092	0.43475098
-722.37623762	0.47434627
-722.34323432	0.50266209
-722.31023102	0.52118470
-722.27722772	0.53154938
-722.24422442	0.53534855
-722.21122112	0.53390133
-722.17821782	0.52810663
-722.14521452	0.51887087
-722.11221122	0.50668075
-722.07920792	0.49245641
-722.04620462	0.47674799
-722.01320132	0.46028791
-721.98019802	0.44342272
-721.94719472	0.42667904
-721.91419142	0.40977489
-721.88118812	0.39295094
-721.84818482	0.37591791
-721.81518152	0.35847699
-721.78217822	0.34079976
-721.74917492	0.32264164
-721.71617162	0.30389858
-721.68316832	0.28477015
-721.65016502	0.26478344
-721.61716172	0.24432027
-721.58415842	0.22269622
-721.55115512	0.20019702
-721.51815182	0.17631321
-721.48514851	0.15078377
-721.45214521	0.12369885
-721.41914191	0.09433965
-721.38613861	0.06307723
-721.35313531	0.02953154
-721.32013201	-0.00626340
-721.28712871	-0.04433618
-721.25412541	-0.08455931
-721.22112211	-0.12671297
-721.18811881	-0.17023588
-721.15511551	-0.21480295
-721.12211221	-0.25943940
-721.08910891	-0.30375886
-721.05610561	-0.34672475
-721.02310231	-0.38759068
-720.99009901	-0.42542829
-720.95709571	-0.45941935
-720.92409241	-0.48863407
-720.89108911	-0.51235804
-720.85808581	-0.52984255
-720.82508251	-0.54063130
-720.79207921	-0.54436283
-720.75907591	-0.54105683
-720.72607261	-0.53068461
-720.69306931	-0.51374804
-720.66006601	-0.49045211
-720.62706271	-0.46138810
-720.59405941	-0.42728826
-720.56105611	-0.38884295
-720.52805281	-0.34673664
-720.49504950	-0.30182805
-720.46204620	-0.25486157
-720.42904290	-0.20658534
-720.39603960	-0.15784503
-720.36303630	-0.10929910
-720.33003300	-0.06163530
-720.29702970	-0.01577901
-720.26402640	0.02810396
-720.23102310	0.06933643
-720.19801980	0.10764806
-720.16501650	0.14281308
-720.13201320	0.17443526
-720.09900990	0.20241222
-720.06600660	0.22669847
-720.03300330	0.24693041
-720.00000000	0.26321569
-719.96699670	0.27555610
-719.93399340	0.28406928
-719.90099010	0.28891017
-719.86798680	0.29035890
-719.83498350	0.28865058
-719.80198020	0.28414005
-719.76897690	0.27736625
-719.73597360	0.26856571
-719.70297030	0.25830209
-719.66996700	0.24661816
-719.63696370	0.23421459
-719.60396040	0.22097215
-719.57095710	0.20741015
-719.53795380	0.19342273
-719.50495050	0.17956493
-719.47194719	0.16571352
-719.43894389	0.15210293
-719.40594059	0.13886613
-719.37293729	0.12607403
-719.33993399	0.11366425
-719.30693069	0.10165770
-719.27392739	0.08999600
-719.24092409	0.07862863
-719.20792079	0.06763074
-719.17491749	0.05707359
-719.14191419	0.04697825
-719.10891089	0.03752954
-719.07590759	0.02895739
-719.04290429	0.02114855
-719.00990099	0.01437948
-718.97689769	0.00855924
-718.94389439	0.00368065
-718.91089109	-0.00039228
-718.87788779	-0.00366024
-718.84488449	-0.00619502
-718.81188119	-0.00823927
-718.77887789	-0.00974859
-718.74587459	-0.01104818
-718.71287129	-0.01211185
-718.67986799	-0.01309357
-718.64686469	-0.01411017
-718.61386139	-0.01517266
-718.58085809	-0.01618963
-718.54785479	-0.01724273
-718.51485149	-0.01823181
-718.48184818	-0.01905685
-718.44884488	-0.01977411
-718.41584158	-0.02026374
-718.38283828	-0.02053908
-718.34983498	-0.02047445
-718.31683168	-0.02020208
-718.28382838	-0.01961234
-718.25082508	-0.01872246
-718.21782178	-0.01786466
-718.18481848	-0.01664400
-718.15181518	-0.01543861
-718.11881188	-0.01416762
-718.08580858	-0.01284609
-718.05280528	-0.01161819
-718.01980198	-0.01035550
-717.98679868	-0.00936793
-717.95379538	-0.00834243
-717.92079208	-0.00753938
-717.88778878	-0.00687234
-717.85478548	-0.00626892
-717.82178218	-0.00564879
-717.78877888	-0.00497648
-717.75577558	-0.00417756
-717.72277228	-0.00318525
-717.68976898	-0.00210413
-717.65676568	-0.00091600
-717.62376238	0.00022072
-717.59075908	0.00104679
-717.55775578	0.00162297
-717.52475248	0.00171431
-717.49174917	0.00131588
-717.45874587	0.00066931
-717.42574257	-0.00029184
-717.39273927	-0.00136051
-717.35973597	-0.00245525
-717.32673267	-0.00361428
-717.29372937	-0.00461740
-717.26072607	-0.00571702
-717.22772277	-0.00667675
-717.19471947	-0.00768152
-717.16171617	-0.00860050
-717.12871287	-0.00935323
-717.09570957	-0.01016028
-717.06270627	-0.01088362
-717.02970297	-0.01162558
-716.99669967	-0.01246353
-716.96369637	-0.01332405
-716.93069307	-0.01431809
-716.89768977	-0.01549390
-716.86468647	-0.01674861
-716.83168317	-0.01808899
-716.79867987	-0.01947188
-716.76567657	-0.02065254
-716.73267327	-0.02166446
-716.69966997	-0.02224974
-716.66666667	-0.02242673
-716.63366337	-0.02218082
-716.60066007	-0.02156212
-716.56765677	-0.02069506
-716.53465347	-0.01980478
-716.50165017	-0.01876085
-716.46864686	-0.01792625
-716.43564356	-0.01685009
-716.40264026	-0.01593931
-716.36963696	-0.01475522
-716.33663366	-0.01364990
-716.30363036	-0.01250944
-716.27062706	-0.01131189
-716.23762376	-0.01024289
-716.20462046	-0.00920596
-716.17161716	-0.00831288
-716.13861386	-0.00734825
-716.10561056	-0.00644853
-716.07260726	-0.00541162
-716.03960396	-0.00441420
-716.00660066	-0.00343342
-715.97359736	-0.00239250
-715.94059406	-0.00154289
-715.90759076	-0.00064159
-715.87458746	-0.00000845
-715.84158416	0.00056670
-715.80858086	0.00099606
-715.77557756	0.00099657
-715.74257426	0.00066191
-715.70957096	-0.00005364
-715.67656766	-0.00130073
-715.64356436	-0.00305010
-715.61056106	-0.00518821
-715.57755776	-0.00770634
-715.54455446	-0.01039468
-715.51155116	-0.01308101
-715.47854785	-0.01582402
-715.44554455	-0.01849968
-715.41254125	-0.02095040
-715.37953795	-0.02340406
-715.34653465	-0.02552255
-715.31353135	-0.02749400
-715.28052805	-0.02928285
-715.24752475	-0.03073125
-715.21452145	-0.03188516
-715.18151815	-0.03270804
-715.14851485	-0.03311651
-715.11551155	-0.03310630
-715.08250825	-0.03273506
-715.04950495	-0.03183663
-715.01650165	-0.03070700
-714.98349835	-0.02917735
-714.95049505	-0.02729212
-714.91749175	-0.02523563
-714.88448845	-0.02280680
-714.85148515	-0.02002647
-714.81848185	-0.01676499
-714.78547855	-0.01300016
-714.75247525	-0.00894272
-714.71947195	-0.00442409
-714.68646865	-0.00003633
-714.65346535	0.00423569
-714.62046205	0.00804034
-714.58745875	0.01126505
-714.55445545	0.01392035
-714.52145215	0.01588359
-714.48844884	0.01743984
-714.45544554	0.01851175
-714.42244224	0.01923354
-714.38943894	0.01979869
-714.35643564	0.02012731
-714.32343234	0.02045885
-714.29042904	0.02060302
-714.25742574	0.02095558
-714.22442244	0.02116544
-714.19141914	0.02152749
-714.15841584	0.02197337
-714.12541254	0.02221767
-714.09240924	0.02258065
-714.05940594	0.02286988
-714.02640264	0.02314674
-713.99339934	0.02316640
-713.96039604	0.02305404
-713.92739274	0.02271418
-713.89438944	0.02188322
-713.86138614	0.02070552
-713.82838284	0.01905377
-713.79537954	0.01699117
-713.76237624	0.01458028
-713.72937294	0.01194829
-713.69636964	0.00921607
-713.66336634	0.00632068
-713.63036304	0.00343082
-713.59735974	0.00058048
-713.56435644	-0.00238802
-713.53135314	-0.00518241
-713.49834983	-0.00782072
-713.46534653	-0.01026096
-713.43234323	-0.01235419
-713.39933993	-0.01415808
-713.36633663	-0.01559450
-713.33333333	-0.01678706
-713.30033003	-0.01766530
-713.26732673	-0.01837532
-713.23432343	-0.01881843
-713.20132013	-0.01916837
-713.16831683	-0.01938362
-713.13531353	-0.01962072
-713.10231023	-0.01973165
-713.06930693	-0.01979579
-713.03630363	-0.01960547
-713.00330033	-0.01936586
-712.97029703	-0.01890048
-712.93729373	-0.01825275
-712.90429043	-0.01742388
-712.87128713	-0.01642073
-712.83828383	-0.01541153
-712.80528053	-0.01449223
-712.77227723	-0.01358925
-712.73927393	-0.01272995
-712.70627063	-0.01202813
-712.67326733	-0.01133478
-712.64026403	-0.01054950
-712.60726073	-0.00968870
-712.57425743	-0.00871867
-712.54125413	-0.00766186
-712.50825083	-0.00637805
-712.47524752	-0.00497239
-712.44224422	-0.00356141
-712.40924092	-0.00197718
-712.37623762	-0.00040218
-712.34323432	0.00123510
-712.31023102	0.00281231
-712.27722772	0.00432470
-712.24422442	0.00582166
-712.21122112	0.00729695
-712.17821782	0.00860427
-712.14521452	0.00994147
-712.11221122	0.01121686
-712.07920792	0.01241665
-712.04620462	0.01340310
-712.01320132	0.01434588
-711.98019802	0.01511024
-711.94719472	0.01574874
-711.91419142	0.01635624
-711.88118812	0.01682665
-711.84818482	0.01727880
-711.81518152	0.01740559
-711.78217822	0.01763184
-711.74917492	0.01770820
-711.71617162	0.01742421
-711.68316832	0.01724728
-711.65016502	0.01673085
-711.61716172	0.01619385
-711.58415842	0.01558219
-711.55115512	0.01468863
-711.51815182	0.01380146
-711.48514851	0.01258212
-711.45214521	0.01120828
-711.41914191	0.00967536
-711.38613861	0.00792629
-711.35313531	0.00615553
-711.32013201	0.00441933
-711.28712871	0.00265735
-711.25412541	0.00106092
-711.22112211	-0.00030749
-711.18811881	-0.00151914
-711.15511551	-0.00247615
-711.12211221	-0.00322228
-711.08910891	-0.00383906
-711.05610561	-0.00418012
-711.02310231	-0.00445962
-710.99009901	-0.00463639
-710.95709571	-0.00484808
-710.92409241	-0.00500395
-710.89108911	-0.00516340
-710.85808581	-0.00544850
-710.82508251	-0.00585097
-710.79207921	-0.00648688
-710.75907591	-0.00735206
-710.72607261	-0.00836026
-710.69306931	-0.00951092
-710.66006601	-0.01083850
-710.62706271	-0.01203322
-710.59405941	-0.01325696
-710.56105611	-0.01433835
-710.52805281	-0.01508264
-710.49504950	-0.01571804
-710.46204620	-0.01607255
-710.42904290	-0.01624446
-710.39603960	-0.01620520
-710.36303630	-0.01593954
-710.33003300	-0.01544711
-710.29702970	-0.01487488
-710.26402640	-0.01430147
-710.23102310	-0.01346628
-710.19801980	-0.01270849
-710.16501650	-0.01197187
-710.13201320	-0.01109484
-710.09900990	-0.01022814
-710.06600660	-0.00957896
-710.03300330	-0.00895355
-710.00000000	-0.00851066
-709.96699670	-0.00828711
-709.93399340	-0.00813086
-709.90099010	-0.00802046
-709.86798680	-0.00790274
-709.83498350	-0.00759977
-709.80198020	-0.00700678
-709.76897690	-0.00631115
-709.73597360	-0.00526190
-709.70297030	-0.00421311
-709.66996700	-0.00299556
-709.63696370	-0.00191213
-709.60396040	-0.00071354
-709.57095710	0.00024815
-709.53795380	0.00127060
-709.50495050	0.00233840
-709.47194719	0.00325348
-709.43894389	0.00422931
-709.40594059	0.00525253
-709.37293729	0.00616825
-709.33993399	0.00713606
-709.30693069	0.00806498
-709.27392739	0.00900465
-709.24092409	0.01005816
-709.20792079	0.01100794
-709.17491749	0.01190061
-709.14191419	0.01282402
-709.10891089	0.01364053
-709.07590759	0.01427400
-709.04290429	0.01471576
-709.00990099	0.01510369
-708.97689769	0.01511403
-708.94389439	0.01498697
-708.91089109	0.01465744
-708.87788779	0.01411855
-708.84488449	0.01339611
-708.81188119	0.01266879
-708.77887789	0.01193026
-708.74587459	0.01134878
-708.71287129	0.01098201
-708.67986799	0.01078165
-708.64686469	0.01082462
-708.61386139	0.01107354
-708.58085809	0.01144183
-708.54785479	0.01197282
-708.51485149	0.01246316
-708.48184818	0.01296368
-708.44884488	0.01329608
-708.41584158	0.01343703
-708.38283828	0.01323190
-708.34983498	0.01280923
-708.31683168	0.01201245
-708.28382838	0.01105503
-708.25082508	0.00973923
-708.21782178	0.00847861
-708.18481848	0.00726460
-708.15181518	0.00586995
-708.11881188	0.00468109
-708.08580858	0.00365663
-708.05280528	0.00263590
-708.01980198	0.00179881
-707.98679868	0.00108913
-707.95379538	0.00059278
-707.92079208	0.00002998
-707.88778878	-0.00043017
-707.85478548	-0.00087921
-707.82178218	-0.00144436
-707.78877888	-0.00204662
-707.75577558	-0.00268222
-707.72277228	-0.00327213
-707.68976898	-0.00386356
-707.65676568	-0.00425828
-707.62376238	-0.00446136
-707.59075908	-0.00435152
-707.55775578	-0.00404984
-707.52475248	-0.00335537
-707.49174917	-0.00241531
-707.45874587	-0.00143880
-707.42574257	-0.00031706
-707.39273927	0.00078976
-707.35973597	0.00172189
-707.32673267	0.00252239
-707.29372937	0.00297699
-707.26072607	0.00312687
-707.22772277	0.00301832
-707.19471947	0.00248728
-707.16171617	0.00180301
-707.12871287	0.00097332
-707.09570957	-0.00000420
-707.06270627	-0.00097242
-707.02970297	-0.00186097
-706.99669967	-0.00258561
-706.96369637	-0.00311739
-706.93069307	-0.00336946
-706.89768977	-0.00306276
-706.86468647	-0.00235616
-706.83168317	-0.00107928
-706.79867987	0.00064158
-706.76567657	0.00246940
-706.73267327	0.00448418
-706.69966997	0.00633200
-706.66666667	0.00775197
-706.63366337	0.00879490
-706.60066007	0.00929477
-706.56765677	0.00931262
-706.53465347	0.00893646
-706.50165017	0.00838423
-706.46864686	0.00742031
-706.43564356	0.00644325
-706.40264026	0.00544118
-706.36963696	0.00425617
-706.33663366	0.00319313
-706.30363036	0.00232913
-706.27062706	0.00145114
-706.23762376	0.00070959
-706.20462046	0.00028577
-706.17161716	-0.00016984
-706.13861386	-0.00045416
-706.10561056	-0.00054502
-706.07260726	-0.00077352
-706.03960396	-0.00080947
-706.00660066	-0.00080763
-705.97359736	-0.00102069
-705.94059406	-0.00129697
-705.90759076	-0.00163019
-705.87458746	-0.00203974
-705.84158416	-0.00249580
-705.80858086	-0.00281692
-705.77557756	-0.00310934
-705.74257426	-0.00326359
-705.70957096	-0.00313664
-705.67656766	-0.00284703
-705.64356436	-0.00251315
-705.61056106	-0.00200632
-705.57755776	-0.00143740
-705.54455446	-0.00099010
-705.51155116	-0.00057532
-705.47854785	-0.00026869
-705.44554455	-0.00021930
-705.41254125	-0.00042217
-705.37953795	-0.00086432
-705.34653465	-0.00149176
-705.31353135	-0.00238770
-705.28052805	-0.00333267
-705.24752475	-0.00429690
-705.21452145	-0.00517743
-705.18151815	-0.00571792
-705.14851485	-0.00604532
-705.11551155	-0.00598720
-705.08250825	-0.00547266
-705.04950495	-0.00471696
-705.01650165	-0.00365630
-704.98349835	-0.00241730
-704.95049505	-0.00107930
-704.91749175	0.00024195
-704.88448845	0.00150734
-704.85148515	0.00275608
-704.81848185	0.00364964
-704.78547855	0.00433890
-704.75247525	0.00474471
-704.71947195	0.00483736
-704.68646865	0.00454528
-704.65346535	0.00402836
-704.62046205	0.00328195
-704.58745875	0.00253208
-704.55445545	0.00170978
-704.52145215	0.00097324
-704.48844884	0.00036875
-704.45544554	-0.00016922
-704.42244224	-0.00062993
-704.38943894	-0.00081221
-704.35643564	-0.00104139
-704.32343234	-0.00118475
-704.29042904	-0.00128535
-704.25742574	-0.00147636
-704.22442244	-0.00164025
-704.19141914	-0.00193084
-704.15841584	-0.00237207
-704.12541254	-0.00260662
-704.09240924	-0.00281869
-704.05940594	-0.00310792
-704.02640264	-0.00311421
-703.99339934	-0.00297003
-703.96039604	-0.00291046
-703.92739274	-0.00262048
-703.89438944	-0.00223336
-703.86138614	-0.00189004
-703.82838284	-0.00138316
-703.79537954	-0.00074975
-703.76237624	-0.00010027
-703.72937294	0.00036685
-703.69636964	0.00073940
-703.66336634	0.00088231
-703.63036304	0.00066960
-703.59735974	0.00024507
-703.56435644	-0.00041244
-703.53135314	-0.00113709
-703.49834983	-0.00177850
-703.46534653	-0.00237288
-703.43234323	-0.00283194
-703.39933993	-0.00297408
-703.36633663	-0.00291716
-703.33333333	-0.00271229
-703.30033003	-0.00209257
-703.26732673	-0.00127527
-703.23432343	-0.00012228
-703.20132013	0.00125520
-703.16831683	0.00261873
-703.13531353	0.00390028
-703.10231023	0.00497172
-703.06930693	0.00565854
-703.03630363	0.00584571
-703.00330033	0.00562281
-702.97029703	0.00500078
-702.93729373	0.00407110
-702.90429043	0.00297416
-702.87128713	0.00172431
-702.83828383	0.00046386
-702.80528053	-0.00067478
-702.77227723	-0.00177012
-702.73927393	-0.00262671
-702.70627063	-0.00341089
-702.67326733	-0.00392877
-702.64026403	-0.00408714
-702.60726073	-0.00429032
-702.57425743	-0.00425760
-702.54125413	-0.00401654
-702.50825083	-0.00391323
-702.47524752	-0.00378218
-702.44224422	-0.00364543
-702.40924092	-0.00377342
-702.37623762	-0.00387142
-702.34323432	-0.00406699
-702.31023102	-0.00443504
-702.27722772	-0.00461708
-702.24422442	-0.00470197
-702.21122112	-0.00481949
-702.17821782	-0.00456010
-702.14521452	-0.00427509
-702.11221122	-0.00387644
-702.07920792	-0.00336574
-702.04620462	-0.00287045
-702.01320132	-0.00245270
-701.98019802	-0.00205776
-701.94719472	-0.00170673
-701.91419142	-0.00148260
-701.88118812	-0.00114957
-701.84818482	-0.00095357
-701.81518152	-0.00076319
-701.78217822	-0.00058160
-701.74917492	-0.00049942
-701.71617162	-0.00051105
-701.68316832	-0.00060220
-701.65016502	-0.00066310
-701.61716172	-0.00078440
-701.58415842	-0.00079427
-701.55115512	-0.00071204
-701.51815182	-0.00049907
-701.48514851	-0.00009691
-701.45214521	0.00039844
-701.41914191	0.00090122
-701.38613861	0.00136370
-701.35313531	0.00180574
-701.32013201	0.00213018
-701.28712871	0.00229023
-701.25412541	0.00229104
-701.22112211	0.00211709
-701.18811881	0.00184675
-701.15511551	0.00152769
-701.12211221	0.00117380
-701.08910891	0.00097478
-701.05610561	0.00076999
-701.02310231	0.00075696
-700.99009901	0.00089056
-700.95709571	0.00094296
-700.92409241	0.00112949
-700.89108911	0.00132449
-700.85808581	0.00155882
-700.82508251	0.00183867
-700.79207921	0.00209410
-700.75907591	0.00235879
-700.72607261	0.00259297
-700.69306931	0.00271843
-700.66006601	0.00261412
-700.62706271	0.00238565
-700.59405941	0.00200827
-700.56105611	0.00152975
-700.52805281	0.00097347
-700.49504950	0.00047289
-700.46204620	0.00016326
-700.42904290	-0.00006828
-700.39603960	-0.00008968
-700.36303630	0.00003798
-700.33003300	0.00022546
-700.29702970	0.00042660
-700.26402640	0.00064046
-700.23102310	0.00084582
-700.19801980	0.00098276
-700.16501650	0.00107388
-700.13201320	0.00105294
-700.09900990	0.00104563
-700.06600660	0.00081099
-700.03300330	0.00064696
-700.00000000	0.00045443
-699.96699670	0.00011745
-699.93399340	-0.00006679
-699.90099010	-0.00040589
-699.86798680	-0.00068065
-699.83498350	-0.00077456
-699.80198020	-0.00078254
-699.76897690	-0.00073099
-699.73597360	-0.00041445
-699.70297030	-0.00003162
-699.66996700	0.00040537
-699.63696370	0.00084484
-699.60396040	0.00121392
-699.57095710	0.00158166
-699.53795380	0.00162496
-699.50495050	0.00154750
-699.47194719	0.00125097
-699.43894389	0.00070528
-699.40594059	0.00003097
-699.37293729	-0.00082490
-699.33993399	-0.00173223
-699.30693069	-0.00263717
-699.27392739	-0.00355932
-699.24092409	-0.00433929
-699.20792079	-0.00494510
-699.17491749	-0.00527446
-699.14191419	-0.00535328
-699.10891089	-0.00524911
-699.07590759	-0.00492894
-699.04290429	-0.00451752
-699.00990099	-0.00412421
-698.97689769	-0.00379914
-698.94389439	-0.00363857
-698.91089109	-0.00355793
-698.87788779	-0.00365367
-698.84488449	-0.00389955
-698.81188119	-0.00420541
-698.77887789	-0.00458350
-698.74587459	-0.00500436
-698.71287129	-0.00537520
-698.67986799	-0.00576144
-698.64686469	-0.00613445
-698.61386139	-0.00642536
-698.58085809	-0.00659166
-698.54785479	-0.00654819
-698.51485149	-0.00641980
-698.48184818	-0.00601925
-698.44884488	-0.00541762
-698.41584158	-0.00464417
-698.38283828	-0.00384614
-698.34983498	-0.00307998
-698.31683168	-0.00229771
-698.28382838	-0.00159930
-698.25082508	-0.00104392
-698.21782178	-0.00047921
-698.18481848	0.00002787
-698.15181518	0.00065542
-698.11881188	0.00128832
-698.08580858	0.00195292
-698.05280528	0.00278753
-698.01980198	0.00349835
-697.98679868	0.00415721
-697.95379538	0.00480185
-697.92079208	0.00519139
-697.88778878	0.00549356
-697.85478548	0.00559485
-697.82178218	0.00564805
-697.78877888	0.00552723
-697.75577558	0.00529969
-697.72277228	0.00496624
-697.68976898	0.00461750
-697.65676568	0.00414933
-697.62376238	0.00355101
-697.59075908	0.00300027
-697.55775578	0.00257893
-697.52475248	0.00221377
-697.49174917	0.00199951
-697.45874587	0.00208678
-697.42574257	0.00224734
-697.39273927	0.00249187
-697.35973597	0.00273499
-697.32673267	0.00278768
-697.29372937	0.00275716
-697.26072607	0.00252907
-697.22772277	0.00210714
-697.19471947	0.00155758
-697.16171617	0.00096928
-697.12871287	0.00032599
-697.09570957	-0.00026409
-697.06270627	-0.00091480
-697.02970297	-0.00167057
-696.99669967	-0.00223940
-696.96369637	-0.00284744
-696.93069307	-0.00335399
-696.89768977	-0.00371056
-696.86468647	-0.00394400
-696.83168317	-0.00395065
-696.79867987	-0.00374066
-696.76567657	-0.00348244
-696.73267327	-0.00294839
-696.69966997	-0.00242967
-696.66666667	-0.00199856
-696.63366337	-0.00143569
-696.60066007	-0.00100682
-696.56765677	-0.00074615
-696.53465347	-0.00051797
-696.50165017	-0.00030219
-696.46864686	-0.00021271
-696.43564356	-0.00012381
-696.40264026	-0.00001633
-696.36963696	0.00007822
-696.33663366	0.00024195
-696.30363036	0.00035706
-696.27062706	0.00058777
-696.23762376	0.00092417
-696.20462046	0.00119847
-696.17161716	0.00158934
-696.13861386	0.00201370
-696.10561056	0.00234486
-696.07260726	0.00266408
-696.03960396	0.00289730
-696.00660066	0.00294013
-695.97359736	0.00289085
-695.94059406	0.00272916
-695.90759076	0.00242418
-695.87458746	0.00215069
-695.84158416	0.00192925
-695.80858086	0.00177453
-695.77557756	0.00169657
-695.74257426	0.00188247
-695.70957096	0.00208108
-695.67656766	0.00233590
-695.64356436	0.00271707
-695.61056106	0.00308124
-695.57755776	0.00348109
-695.54455446	0.00383850
-695.51155116	0.00408795
-695.47854785	0.00435980
-695.44554455	0.00446596
-695.41254125	0.00443853
-695.37953795	0.00432489
-695.34653465	0.00405216
-695.31353135	0.00370836
-695.28052805	0.00317421
-695.24752475	0.00263421
-695.21452145	0.00203615
-695.18151815	0.00141938
-695.14851485	0.00079787
-695.11551155	0.00021071
-695.08250825	-0.00033699
-695.04950495	-0.00083768
-695.01650165	-0.00115453
-694.98349835	-0.00138698
-694.95049505	-0.00136819
-694.91749175	-0.00133949
-694.88448845	-0.00117445
-694.85148515	-0.00077635
-694.81848185	-0.00035114
-694.78547855	0.00017245
-694.75247525	0.00089246
-694.71947195	0.00152764
-694.68646865	0.00215877
-694.65346535	0.00287004
-694.62046205	0.00340560
-694.58745875	0.00381544
-694.55445545	0.00420608
-694.52145215	0.00451860
-694.48844884	0.00458824
-694.45544554	0.00464353
-694.42244224	0.00456283
-694.38943894	0.00434089
-694.35643564	0.00405762
-694.32343234	0.00378822
-694.29042904	0.00336907
-694.25742574	0.00312805
-694.22442244	0.00285177
-694.19141914	0.00270468
-694.15841584	0.00259659
-694.12541254	0.00255219
-694.09240924	0.00250612
-694.05940594	0.00247143
-694.02640264	0.00264043
-693.99339934	0.00277676
-693.96039604	0.00297111
-693.92739274	0.00333030
-693.89438944	0.00370787
-693.86138614	0.00410438
-693.82838284	0.00450696
-693.79537954	0.00486001
-693.76237624	0.00501654
-693.72937294	0.00492922
-693.69636964	0.00480024
-693.66336634	0.00434823
-693.63036304	0.00376274
-693.59735974	0.00306303
-693.56435644	0.00228953
-693.53135314	0.00135781
-693.49834983	0.00054203
-693.46534653	-0.00025564
-693.43234323	-0.00105012
-693.39933993	-0.00181317
-693.36633663	-0.00253027
-693.33333333	-0.00320968
-693.30033003	-0.00388044
-693.26732673	-0.00442570
-693.23432343	-0.00488145
-693.20132013	-0.00528798
-693.16831683	-0.00538812
-693.13531353	-0.00545133
-693.10231023	-0.00535315
-693.06930693	-0.00499330
-693.03630363	-0.00464109
-693.00330033	-0.00415665
-692.97029703	-0.00351616
-692.93729373	-0.00308616
-692.90429043	-0.00256098
-692.87128713	-0.00213458
-692.83828383	-0.00180823
-692.80528053	-0.00154360
-692.77227723	-0.00133214
-692.73927393	-0.00112113
-692.70627063	-0.00104036
-692.67326733	-0.00090973
-692.64026403	-0.00070423
-692.60726073	-0.00060701
-692.57425743	-0.00044908
-692.54125413	-0.00028654
-692.50825083	-0.00013937
-692.47524752	0.00008333
-692.44224422	0.00018683
-692.40924092	0.00034462
-692.37623762	0.00047220
-692.34323432	0.00054937
-692.31023102	0.00059522
-692.27722772	0.00056891
-692.24422442	0.00040501
-692.21122112	0.00028665
-692.17821782	0.00016877
-692.14521452	0.00002650
-692.11221122	0.00011883
-692.07920792	0.00015953
-692.04620462	0.00025097
-692.01320132	0.00038217
-691.98019802	0.00033308
-691.94719472	0.00039721
-691.91419142	0.00020812
-691.88118812	-0.00002528
-691.84818482	-0.00027148
-691.81518152	-0.00049153
-691.78217822	-0.00077876
-691.74917492	-0.00090063
-691.71617162	-0.00104418
-691.68316832	-0.00120701
-691.65016502	-0.00137923
-691.61716172	-0.00156086
-691.58415842	-0.00180421
-691.55115512	-0.00210808
-691.51815182	-0.00235350
-691.48514851	-0.00255842
-691.45214521	-0.00266361
-691.41914191	-0.00270508
-691.38613861	-0.00260540
-691.35313531	-0.00232921
-691.32013201	-0.00192710
-691.28712871	-0.00144933
-691.25412541	-0.00083135
-691.22112211	-0.00018183
-691.18811881	0.00065569
-691.15511551	0.00143164
-691.12211221	0.00215051
-691.08910891	0.00289642
-691.05610561	0.00341258
-691.02310231	0.00374305
-690.99009901	0.00397009
-690.95709571	0.00394636
-690.92409241	0.00375532
-690.89108911	0.00353839
-690.85808581	0.00311294
-690.82508251	0.00276135
-690.79207921	0.00238716
-690.75907591	0.00205462
-690.72607261	0.00175825
-690.69306931	0.00152971
-690.66006601	0.00135708
-690.62706271	0.00139626
-690.59405941	0.00125562
-690.56105611	0.00140627
-690.52805281	0.00151496
-690.49504950	0.00165081
-690.46204620	0.00197051
-690.42904290	0.00218530
-690.39603960	0.00239334
-690.36303630	0.00261857
-690.33003300	0.00272783
-690.29702970	0.00275443
-690.26402640	0.00262311
-690.23102310	0.00237173
-690.19801980	0.00207703
-690.16501650	0.00164981
-690.13201320	0.00108561
-690.09900990	0.00044251
-690.06600660	-0.00034831
-690.03300330	-0.00123111
-690.00000000	-0.00210590
-689.96699670	-0.00304095
-689.93399340	-0.00390396
-689.90099010	-0.00465209
-689.86798680	-0.00538084
-689.83498350	-0.00583771
-689.80198020	-0.00624827
-689.76897690	-0.00660287
-689.73597360	-0.00684499
-689.70297030	-0.00712434
-689.66996700	-0.00741439
-689.63696370	-0.00764964
-689.60396040	-0.00795870
-689.57095710	-0.00819743
-689.53795380	-0.00839575
-689.50495050	-0.00855139
-689.47194719	-0.00866549
-689.43894389	-0.00863915
-689.40594059	-0.00852653
-689.37293729	-0.00829569
-689.33993399	-0.00805175
-689.30693069	-0.00757862
-689.27392739	-0.00708250
-689.24092409	-0.00658736
-689.20792079	-0.00595529
-689.17491749	-0.00541764
-689.14191419	-0.00481634
-689.10891089	-0.00432958
-689.07590759	-0.00384530
-689.04290429	-0.00344231
-689.00990099	-0.00293800
-688.97689769	-0.00250716
-688.94389439	-0.00190136
-688.91089109	-0.00125289
-688.87788779	-0.00056781
-688.84488449	0.00022304
-688.81188119	0.00115783
-688.77887789	0.00202745
-688.74587459	0.00293112
-688.71287129	0.00386998
-688.67986799	0.00460150
-688.64686469	0.00535543
-688.61386139	0.00599406
-688.58085809	0.00639284
-688.54785479	0.00686039
-688.51485149	0.00708083
-688.48184818	0.00734700
-688.44884488	0.00743577
-688.41584158	0.00756197
-688.38283828	0.00744734
-688.34983498	0.00730036
-688.31683168	0.00710044
-688.28382838	0.00692325
-688.25082508	0.00661029
-688.21782178	0.00636934
-688.18481848	0.00603694
-688.15181518	0.00579921
-688.11881188	0.00537346
-688.08580858	0.00497722
-688.05280528	0.00448326
-688.01980198	0.00389060
-687.98679868	0.00331754
-687.95379538	0.00267112
-687.92079208	0.00206631
-687.88778878	0.00137136
-687.85478548	0.00080925
-687.82178218	0.00023870
-687.78877888	-0.00028834
-687.75577558	-0.00064337
-687.72277228	-0.00091485
-687.68976898	-0.00105621
-687.65676568	-0.00107216
-687.62376238	-0.00088836
-687.59075908	-0.00060891
-687.55775578	-0.00021904
-687.52475248	0.00013521
-687.49174917	0.00044904
-687.45874587	0.00071418
-687.42574257	0.00091196
-687.39273927	0.00088765
-687.35973597	0.00084917
-687.32673267	0.00060871
-687.29372937	0.00032291
-687.26072607	-0.00002802
-687.22772277	-0.00048561
-687.19471947	-0.00089621
-687.16171617	-0.00130388
-687.12871287	-0.00168885
-687.09570957	-0.00193564
-687.06270627	-0.00205422
-687.02970297	-0.00203453
-686.99669967	-0.00187029
-686.96369637	-0.00165171
-686.93069307	-0.00129066
-686.89768977	-0.00100433
-686.86468647	-0.00064887
-686.83168317	-0.00032802
-686.79867987	-0.00019819
-686.76567657	-0.00007765
-686.73267327	0.00000934
-686.69966997	-0.00009222
-686.66666667	-0.00014269
-686.63366337	-0.00025033
-686.60066007	-0.00042391
-686.56765677	-0.00053853
-686.53465347	-0.00076637
-686.50165017	-0.00103049
-686.46864686	-0.00133000
-686.43564356	-0.00164925
-686.40264026	-0.00205247
-686.36963696	-0.00236863
-686.33663366	-0.00262326
-686.30363036	-0.00291513
-686.27062706	-0.00313053
-686.23762376	-0.00336104
-686.20462046	-0.00356051
-686.17161716	-0.00376213
-686.13861386	-0.00398408
-686.10561056	-0.00430087
-686.07260726	-0.00456858
-686.03960396	-0.00487864
-686.00660066	-0.00518886
-685.97359736	-0.00538392
-685.94059406	-0.00562036
-685.90759076	-0.00576911
-685.87458746	-0.00579479
-685.84158416	-0.00581971
-685.80858086	-0.00570640
-685.77557756	-0.00555878
-685.74257426	-0.00537868
-685.70957096	-0.00506646
-685.67656766	-0.00471581
-685.64356436	-0.00427908
-685.61056106	-0.00378704
-685.57755776	-0.00327527
-685.54455446	-0.00275396
-685.51155116	-0.00221657
-685.47854785	-0.00174270
-685.44554455	-0.00121707
-685.41254125	-0.00077210
-685.37953795	-0.00030309
-685.34653465	0.00022376
-685.31353135	0.00074664
-685.28052805	0.00126806
-685.24752475	0.00191180
-685.21452145	0.00259380
-685.18151815	0.00336515
-685.14851485	0.00425717
-685.11551155	0.00511884
-685.08250825	0.00593558
-685.04950495	0.00674030
-685.01650165	0.00745305
-684.98349835	0.00808882
-684.95049505	0.00871017
-684.91749175	0.00930299
-684.88448845	0.00987826
-684.85148515	0.01048915
-684.81848185	0.01100920
-684.78547855	0.01159234
-684.75247525	0.01210217
-684.71947195	0.01254064
-684.68646865	0.01301030
-684.65346535	0.01338606
-684.62046205	0.01370754
-684.58745875	0.01402032
-684.55445545	0.01420685
-684.52145215	0.01420052
-684.48844884	0.01412846
-684.45544554	0.01388595
-684.42244224	0.01342958
-684.38943894	0.01284649
-684.35643564	0.01205076
-684.32343234	0.01124956
-684.29042904	0.01032830
-684.25742574	0.00935761
-684.22442244	0.00850561
-684.19141914	0.00771167
-684.15841584	0.00688903
-684.12541254	0.00632863
-684.09240924	0.00580627
-684.05940594	0.00529896
-684.02640264	0.00491460
-683.99339934	0.00450634
-683.96039604	0.00417957
-683.92739274	0.00384333
-683.89438944	0.00343187
-683.86138614	0.00303867
-683.82838284	0.00252475
-683.79537954	0.00200427
-683.76237624	0.00149025
-683.72937294	0.00084585
-683.69636964	0.00030291
-683.66336634	-0.00027299
-683.63036304	-0.00082159
-683.59735974	-0.00123911
-683.56435644	-0.00154450
-683.53135314	-0.00175358
-683.49834983	-0.00177776
-683.46534653	-0.00160847
-683.43234323	-0.00141405
-683.39933993	-0.00097733
-683.36633663	-0.00064308
-683.33333333	-0.00031829
-683.30033003	0.00008339
-683.26732673	0.00024033
-683.23432343	0.00031502
-683.20132013	0.00030016
-683.16831683	0.00006422
-683.13531353	-0.00015790
-683.10231023	-0.00053319
-683.06930693	-0.00093839
-683.03630363	-0.00122409
-683.00330033	-0.00140877
-682.97029703	-0.00148161
-682.93729373	-0.00146216
-682.90429043	-0.00118211
-682.87128713	-0.00090117
-682.83828383	-0.00053789
-682.80528053	-0.00013322
-682.77227723	0.00016546
-682.73927393	0.00044190
-682.70627063	0.00064718
-682.67326733	0.00053244
-682.64026403	0.00045426
-682.60726073	0.00038401
-682.57425743	0.00006764
-682.54125413	-0.00004690
-682.50825083	-0.00034736
-682.47524752	-0.00045348
-682.44224422	-0.00065424
-682.40924092	-0.00078450
-682.37623762	-0.00103384
-682.34323432	-0.00120445
-682.31023102	-0.00148928
-682.27722772	-0.00187306
-682.24422442	-0.00221629
-682.21122112	-0.00263826
-682.17821782	-0.00312930
-682.14521452	-0.00358630
-682.11221122	-0.00411512
-682.07920792	-0.00455446
-682.04620462	-0.00506297
-682.01320132	-0.00545312
-681.98019802	-0.00577720
-681.94719472	-0.00610150
-681.91419142	-0.00627772
-681.88118812	-0.00641717
-681.84818482	-0.00643968
-681.81518152	-0.00639003
-681.78217822	-0.00641339
-681.74917492	-0.00628098
-681.71617162	-0.00629173
-681.68316832	-0.00631756
-681.65016502	-0.00634728
-681.61716172	-0.00645779
-681.58415842	-0.00666400
-681.55115512	-0.00687835
-681.51815182	-0.00731264
-681.48514851	-0.00783163
-681.45214521	-0.00843517
-681.41914191	-0.00911299
-681.38613861	-0.00989502
-681.35313531	-0.01051516
-681.32013201	-0.01099106
-681.28712871	-0.01141964
-681.25412541	-0.01159442
-681.22112211	-0.01157077
-681.18811881	-0.01152410
-681.15511551	-0.01119367
-681.12211221	-0.01085052
-681.08910891	-0.01050571
-681.05610561	-0.01017568
-681.02310231	-0.00977499
-680.99009901	-0.00956796
-680.95709571	-0.00926167
-680.92409241	-0.00900593
-680.89108911	-0.00885060
-680.85808581	-0.00871808
-680.82508251	-0.00866012
-680.79207921	-0.00853591
-680.75907591	-0.00865392
-680.72607261	-0.00850964
-680.69306931	-0.00856303
-680.66006601	-0.00842901
-680.62706271	-0.00834538
-680.59405941	-0.00812069
-680.56105611	-0.00793222
-680.52805281	-0.00772014
-680.49504950	-0.00740543
-680.46204620	-0.00730398
-680.42904290	-0.00695728
-680.39603960	-0.00680858
-680.36303630	-0.00654120
-680.33003300	-0.00622924
-680.29702970	-0.00597967
-680.26402640	-0.00569921
-680.23102310	-0.00533573
-680.19801980	-0.00505410
-680.16501650	-0.00463273
-680.13201320	-0.00429980
-680.09900990	-0.00392343
-680.06600660	-0.00347740
-680.03300330	-0.00292651
-680.00000000	-0.00247655
-679.96699670	-0.00178678
-679.93399340	-0.00118758
-679.90099010	-0.00051281
-679.86798680	0.00009389
-679.83498350	0.00077363
-679.80198020	0.00124441
-679.76897690	0.00158279
-679.73597360	0.00181395
-679.70297030	0.00194834
-679.66996700	0.00198813
-679.63696370	0.00190076
-679.60396040	0.00185068
-679.57095710	0.00177912
-679.53795380	0.00163187
-679.50495050	0.00164701
-679.47194719	0.00167814
-679.43894389	0.00187003
-679.40594059	0.00215583
-679.37293729	0.00258597
-679.33993399	0.00313519
-679.30693069	0.00383657
-679.27392739	0.00448672
-679.24092409	0.00527263
-679.20792079	0.00599430
-679.17491749	0.00659366
-679.14191419	0.00719928
-679.10891089	0.00761137
-679.07590759	0.00785258
-679.04290429	0.00800138
-679.00990099	0.00796873
-678.97689769	0.00777079
-678.94389439	0.00755640
-678.91089109	0.00717977
-678.87788779	0.00687045
-678.84488449	0.00642755
-678.81188119	0.00611698
-678.77887789	0.00574545
-678.74587459	0.00549763
-678.71287129	0.00531960
-678.67986799	0.00514508
-678.64686469	0.00507989
-678.61386139	0.00507948
-678.58085809	0.00508594
-678.54785479	0.00519912
-678.51485149	0.00530014
-678.48184818	0.00551516
-678.44884488	0.00570178
-678.41584158	0.00607453
-678.38283828	0.00634489
-678.34983498	0.00662483
-678.31683168	0.00698566
-678.28382838	0.00736258
-678.25082508	0.00764721
-678.21782178	0.00785856
-678.18481848	0.00801823
-678.15181518	0.00803605
-678.11881188	0.00800083
-678.08580858	0.00776447
-678.05280528	0.00742954
-678.01980198	0.00696334
-677.98679868	0.00644179
-677.95379538	0.00573215
-677.92079208	0.00503594
-677.88778878	0.00421870
-677.85478548	0.00345344
-677.82178218	0.00258747
-677.78877888	0.00190919
-677.75577558	0.00121375
-677.72277228	0.00073790
-677.68976898	0.00043077
-677.65676568	0.00032821
-677.62376238	0.00038148
-677.59075908	0.00073639
-677.55775578	0.00109675
-677.52475248	0.00167807
-677.49174917	0.00212431
-677.45874587	0.00262910
-677.42574257	0.00306342
-677.39273927	0.00319843
-677.35973597	0.00338051
-677.32673267	0.00327503
-677.29372937	0.00321350
-677.26072607	0.00295457
-677.22772277	0.00270396
-677.19471947	0.00239937
-677.16171617	0.00216965
-677.12871287	0.00197620
-677.09570957	0.00187294
-677.06270627	0.00187888
-677.02970297	0.00190303
-676.99669967	0.00215310
-676.96369637	0.00237996
-676.93069307	0.00275724
-676.89768977	0.00313907
-676.86468647	0.00371810
-676.83168317	0.00410551
-676.79867987	0.00473847
-676.76567657	0.00518509
-676.73267327	0.00570728
-676.69966997	0.00610447
-676.66666667	0.00652006
-676.63366337	0.00687622
-676.60066007	0.00722013
-676.56765677	0.00755071
-676.53465347	0.00789753
-676.50165017	0.00816584
-676.46864686	0.00842490
-676.43564356	0.00859955
-676.40264026	0.00871353
-676.36963696	0.00868265
-676.33663366	0.00858336
-676.30363036	0.00840983
-676.27062706	0.00806995
-676.23762376	0.00773172
-676.20462046	0.00718075
-676.17161716	0.00664819
-676.13861386	0.00598447
-676.10561056	0.00516803
-676.07260726	0.00428148
-676.03960396	0.00342321
-676.00660066	0.00243291
-675.97359736	0.00154791
-675.94059406	0.00075036
-675.90759076	0.00002673
-675.87458746	-0.00051132
-675.84158416	-0.00093170
-675.80858086	-0.00117318
-675.77557756	-0.00134163
-675.74257426	-0.00148317
-675.70957096	-0.00159625
-675.67656766	-0.00167950
-675.64356436	-0.00185256
-675.61056106	-0.00202354
-675.57755776	-0.00222319
-675.54455446	-0.00250751
-675.51155116	-0.00283166
-675.47854785	-0.00312378
-675.44554455	-0.00350456
-675.41254125	-0.00385479
-675.37953795	-0.00420017
-675.34653465	-0.00451888
-675.31353135	-0.00485925
-675.28052805	-0.00511505
-675.24752475	-0.00542786
-675.21452145	-0.00553040
-675.18151815	-0.00570079
-675.14851485	-0.00576807
-675.11551155	-0.00574263
-675.08250825	-0.00559753
-675.04950495	-0.00545303
-675.01650165	-0.00519615
-674.98349835	-0.00478743
-674.95049505	-0.00433465
-674.91749175	-0.00379860
-674.88448845	-0.00315929
-674.85148515	-0.00246429
-674.81848185	-0.00176806
-674.78547855	-0.00103905
-674.75247525	-0.00037593
-674.71947195	0.00022488
-674.68646865	0.00072933
-674.65346535	0.00130176
-674.62046205	0.00159453
-674.58745875	0.00181779
-674.55445545	0.00201239
-674.52145215	0.00206945
-674.48844884	0.00205171
-674.45544554	0.00191131
-674.42244224	0.00174491
-674.38943894	0.00149125
-674.35643564	0.00123309
-674.32343234	0.00098118
-674.29042904	0.00063151
-674.25742574	0.00048231
-674.22442244	0.00018880
-674.19141914	0.00005777
-674.15841584	-0.00007658
-674.12541254	-0.00006096
-674.09240924	-0.00002645
-674.05940594	0.00010506
-674.02640264	0.00029582
-673.99339934	0.00048838
-673.96039604	0.00059461
-673.92739274	0.00077274
-673.89438944	0.00086654
-673.86138614	0.00077344
-673.82838284	0.00080821
-673.79537954	0.00067323
-673.76237624	0.00050989
-673.72937294	0.00040024
-673.69636964	0.00026882
-673.66336634	0.00020730
-673.63036304	0.00021963
-673.59735974	0.00027534
-673.56435644	0.00047363
-673.53135314	0.00068518
-673.49834983	0.00097317
-673.46534653	0.00129650
-673.43234323	0.00164627
-673.39933993	0.00197888
-673.36633663	0.00219778
-673.33333333	0.00241316
-673.30033003	0.00250048
-673.26732673	0.00260132
-673.23432343	0.00267930
-673.20132013	0.00275614
-673.16831683	0.00285611
-673.13531353	0.00289908
-673.10231023	0.00302550
-673.06930693	0.00320671
-673.03630363	0.00317319
-673.00330033	0.00327757
-672.97029703	0.00324062
-672.93729373	0.00318949
-672.90429043	0.00305550
-672.87128713	0.00293462
-672.83828383	0.00276075
-672.80528053	0.00245461
-672.77227723	0.00215981
-672.73927393	0.00184957
-672.70627063	0.00133534
-672.67326733	0.00095332
-672.64026403	0.00040117
-672.60726073	-0.00010897
-672.57425743	-0.00061345
-672.54125413	-0.00113530
-672.50825083	-0.00162541
-672.47524752	-0.00220694
-672.44224422	-0.00257641
-672.40924092	-0.00307603
-672.37623762	-0.00349873
-672.34323432	-0.00385256
-672.31023102	-0.00410130
-672.27722772	-0.00443859
-672.24422442	-0.00455027
-672.21122112	-0.00466520
-672.17821782	-0.00477577
-672.14521452	-0.00473199
-672.11221122	-0.00478197
-672.07920792	-0.00472019
-672.04620462	-0.00461998
-672.01320132	-0.00451239
-671.98019802	-0.00433268
-671.94719472	-0.00417614
-671.91419142	-0.00389747
-671.88118812	-0.00362261
-671.84818482	-0.00329530
-671.81518152	-0.00297763
-671.78217822	-0.00268528
-671.74917492	-0.00231084
-671.71617162	-0.00211579
-671.68316832	-0.00180258
-671.65016502	-0.00164984
-671.61716172	-0.00161212
-671.58415842	-0.00151411
-671.55115512	-0.00161169
-671.51815182	-0.00167342
-671.48514851	-0.00180154
-671.45214521	-0.00202868
-671.41914191	-0.00216532
-671.38613861	-0.00232415
-671.35313531	-0.00250901
-671.32013201	-0.00264167
-671.28712871	-0.00269576
-671.25412541	-0.00268493
-671.22112211	-0.00264382
-671.18811881	-0.00253206
-671.15511551	-0.00242343
-671.12211221	-0.00235589
-671.08910891	-0.00224455
-671.05610561	-0.00225628
-671.02310231	-0.00219582
-670.99009901	-0.00232143
-670.95709571	-0.00238623
-670.92409241	-0.00260107
-670.89108911	-0.00282896
-670.85808581	-0.00317620
-670.82508251	-0.00348695
-670.79207921	-0.00386384
-670.75907591	-0.00426300
-670.72607261	-0.00468095
-670.69306931	-0.00504851
-670.66006601	-0.00545375
-670.62706271	-0.00581680
-670.59405941	-0.00620589
-670.56105611	-0.00654015
-670.52805281	-0.00686744
-670.49504950	-0.00712785
-670.46204620	-0.00742647
-670.42904290	-0.00766612
-670.39603960	-0.00789428
-670.36303630	-0.00801159
-670.33003300	-0.00806764
-670.29702970	-0.00814006
-670.26402640	-0.00800202
-670.23102310	-0.00790731
-670.19801980	-0.00758962
-670.16501650	-0.00727563
-670.13201320	-0.00670595
-670.09900990	-0.00609602
-670.06600660	-0.00536792
-670.03300330	-0.00444448
-670.00000000	-0.00350986
-669.96699670	-0.00262160
-669.93399340	-0.00162336
-669.90099010	-0.00075065
-669.86798680	0.00008168
-669.83498350	0.00080029
-669.80198020	0.00142608
-669.76897690	0.00180942
-669.73597360	0.00213963
-669.70297030	0.00228743
-669.66996700	0.00223594
-669.63696370	0.00217299
-669.60396040	0.00187769
-669.57095710	0.00165324
-669.53795380	0.00124863
-669.50495050	0.00088145
-669.47194719	0.00047802
-669.43894389	0.00010446
-669.40594059	-0.00039271
-669.37293729	-0.00074723
-669.33993399	-0.00121352
-669.30693069	-0.00155996
-669.27392739	-0.00195557
-669.24092409	-0.00234192
-669.20792079	-0.00256076
-669.17491749	-0.00284126
-669.14191419	-0.00300709
-669.10891089	-0.00299418
-669.07590759	-0.00291627
-669.04290429	-0.00272956
-669.00990099	-0.00248504
-668.97689769	-0.00207220
-668.94389439	-0.00165692
-668.91089109	-0.00116910
-668.87788779	-0.00076673
-668.84488449	-0.00025670
-668.81188119	0.00003647
-668.77887789	0.00040758
-668.74587459	0.00061179
-668.71287129	0.00079997
-668.67986799	0.00082181
-668.64686469	0.00087791
-668.61386139	0.00078216
-668.58085809	0.00055925
-668.54785479	0.00040311
-668.51485149	0.00010861
-668.48184818	-0.00018769
-668.44884488	-0.00048970
-668.41584158	-0.00081673
-668.38283828	-0.00117758
-668.34983498	-0.00137025
-668.31683168	-0.00170829
-668.28382838	-0.00187221
-668.25082508	-0.00209553
-668.21782178	-0.00221050
-668.18481848	-0.00232932
-668.15181518	-0.00237631
-668.11881188	-0.00236837
-668.08580858	-0.00237240
-668.05280528	-0.00231622
-668.01980198	-0.00220357
-667.98679868	-0.00197744
-667.95379538	-0.00179809
-667.92079208	-0.00147245
-667.88778878	-0.00104547
-667.85478548	-0.00052141
-667.82178218	0.00001812
-667.78877888	0.00067221
-667.75577558	0.00135301
-667.72277228	0.00218675
-667.68976898	0.00288094
-667.65676568	0.00360815
-667.62376238	0.00434713
-667.59075908	0.00506387
-667.55775578	0.00577863
-667.52475248	0.00645199
-667.49174917	0.00706725
-667.45874587	0.00766994
-667.42574257	0.00806770
-667.39273927	0.00852254
-667.35973597	0.00883749
-667.32673267	0.00893687
-667.29372937	0.00899994
-667.26072607	0.00899956
-667.22772277	0.00890144
-667.19471947	0.00869057
-667.16171617	0.00860821
-667.12871287	0.00834261
-667.09570957	0.00812048
-667.06270627	0.00787756
-667.02970297	0.00757818
-666.99669967	0.00731882
-666.96369637	0.00701266
-666.93069307	0.00670461
-666.89768977	0.00643248
-666.86468647	0.00615653
-666.83168317	0.00594148
-666.79867987	0.00565741
-666.76567657	0.00543972
-666.73267327	0.00525516
-666.69966997	0.00503360
-666.66666667	0.00483991
-666.63366337	0.00455835
-666.60066007	0.00444422
-666.56765677	0.00416997
-666.53465347	0.00398566
-666.50165017	0.00390182
-666.46864686	0.00368478
-666.43564356	0.00353874
-666.40264026	0.00340192
-666.36963696	0.00326720
-666.33663366	0.00319385
-666.30363036	0.00315245
-666.27062706	0.00315305
-666.23762376	0.00316556
-666.20462046	0.00319408
-666.17161716	0.00328876
-666.13861386	0.00335185
-666.10561056	0.00328437
-666.07260726	0.00334296
-666.03960396	0.00328981
-666.00660066	0.00325597
-665.97359736	0.00316046
-665.94059406	0.00308938
-665.90759076	0.00307973
-665.87458746	0.00311351
-665.84158416	0.00324008
-665.80858086	0.00337837
-665.77557756	0.00361357
-665.74257426	0.00387826
-665.70957096	0.00420639
-665.67656766	0.00453867
-665.64356436	0.00482382
-665.61056106	0.00496105
-665.57755776	0.00508847
-665.54455446	0.00519238
-665.51155116	0.00505130
-665.47854785	0.00478637
-665.44554455	0.00455695
-665.41254125	0.00425741
-665.37953795	0.00372407
-665.34653465	0.00331186
-665.31353135	0.00282713
-665.28052805	0.00236163
-665.24752475	0.00193274
-665.21452145	0.00144830
-665.18151815	0.00110733
-665.14851485	0.00077188
-665.11551155	0.00043485
-665.08250825	0.00014092
-665.04950495	-0.00001210
-665.01650165	-0.00011307
-664.98349835	-0.00023471
-664.95049505	-0.00024410
-664.91749175	-0.00024149
-664.88448845	-0.00018416
-664.85148515	-0.00012167
-664.81848185	0.00003420
-664.78547855	0.00020207
-664.75247525	0.00029806
-664.71947195	0.00045005
-664.68646865	0.00046035
-664.65346535	0.00044977
-664.62046205	0.00043543
-664.58745875	0.00037214
-664.55445545	0.00020305
-664.52145215	-0.00005162
-664.48844884	-0.00034581
-664.45544554	-0.00068529
-664.42244224	-0.00109674
-664.38943894	-0.00143389
-664.35643564	-0.00185626
-664.32343234	-0.00217564
-664.29042904	-0.00247341
-664.25742574	-0.00276246
-664.22442244	-0.00298651
-664.19141914	-0.00317662
-664.15841584	-0.00335141
-664.12541254	-0.00347089
-664.09240924	-0.00360023
-664.05940594	-0.00363701
-664.02640264	-0.00367794
-663.99339934	-0.00373623
-663.96039604	-0.00374243
-663.92739274	-0.00355557
-663.89438944	-0.00340586
-663.86138614	-0.00319408
-663.82838284	-0.00285172
-663.79537954	-0.00249291
-663.76237624	-0.00214145
-663.72937294	-0.00174840
-663.69636964	-0.00130415
-663.66336634	-0.00087542
-663.63036304	-0.00054463
-663.59735974	-0.00029057
-663.56435644	-0.00000675
-663.53135314	0.00008676
-663.49834983	0.00009137
-663.46534653	-0.00009075
-663.43234323	-0.00039627
-663.39933993	-0.00069421
-663.36633663	-0.00116922
-663.33333333	-0.00168733
-663.30033003	-0.00220558
-663.26732673	-0.00278099
-663.23432343	-0.00326864
-663.20132013	-0.00385142
-663.16831683	-0.00423534
-663.13531353	-0.00464175
-663.10231023	-0.00489963
-663.06930693	-0.00511752
-663.03630363	-0.00519325
-663.00330033	-0.00507540
-662.97029703	-0.00500504
-662.93729373	-0.00487554
-662.90429043	-0.00466601
-662.87128713	-0.00445787
-662.83828383	-0.00426454
-662.80528053	-0.00408209
-662.77227723	-0.00393529
-662.73927393	-0.00387024
-662.70627063	-0.00380989
-662.67326733	-0.00370928
-662.64026403	-0.00359325
-662.60726073	-0.00346377
-662.57425743	-0.00334400
-662.54125413	-0.00325951
-662.50825083	-0.00311644
-662.47524752	-0.00301285
-662.44224422	-0.00288703
-662.40924092	-0.00272082
-662.37623762	-0.00255812
-662.34323432	-0.00237234
-662.31023102	-0.00219022
-662.27722772	-0.00194372
-662.24422442	-0.00165846
-662.21122112	-0.00128937
-662.17821782	-0.00084540
-662.14521452	-0.00028914
-662.11221122	0.00030713
-662.07920792	0.00105187
-662.04620462	0.00179084
-662.01320132	0.00253727
-661.98019802	0.00330989
-661.94719472	0.00401635
-661.91419142	0.00458693
-661.88118812	0.00505625
-661.84818482	0.00529138
-661.81518152	0.00539706
-661.78217822	0.00535434
-661.74917492	0.00510817
-661.71617162	0.00472793
-661.68316832	0.00419465
-661.65016502	0.00360269
-661.61716172	0.00291946
-661.58415842	0.00210713
-661.55115512	0.00126302
-661.51815182	0.00049088
-661.48514851	-0.00027563
-661.45214521	-0.00094482
-661.41914191	-0.00149711
-661.38613861	-0.00192598
-661.35313531	-0.00219475
-661.32013201	-0.00244188
-661.28712871	-0.00257491
-661.25412541	-0.00263401
-661.22112211	-0.00259670
-661.18811881	-0.00264154
-661.15511551	-0.00258726
-661.12211221	-0.00255123
-661.08910891	-0.00251457
-661.05610561	-0.00246214
-661.02310231	-0.00249537
-660.99009901	-0.00254552
-660.95709571	-0.00257121
-660.92409241	-0.00258148
-660.89108911	-0.00256924
-660.85808581	-0.00258940
-660.82508251	-0.00254913
-660.79207921	-0.00249947
-660.75907591	-0.00235966
-660.72607261	-0.00222963
-660.69306931	-0.00212357
-660.66006601	-0.00200965
-660.62706271	-0.00191136
-660.59405941	-0.00183681
-660.56105611	-0.00181261
-660.52805281	-0.00175232
-660.49504950	-0.00175894
-660.46204620	-0.00172562
-660.42904290	-0.00176451
-660.39603960	-0.00164286
-660.36303630	-0.00160370
-660.33003300	-0.00148873
-660.29702970	-0.00135551
-660.26402640	-0.00114156
-660.23102310	-0.00098600
-660.19801980	-0.00069772
-660.16501650	-0.00046609
-660.13201320	-0.00027328
-660.09900990	-0.00003717
-660.06600660	0.00005849
-660.03300330	0.00009771
-660.00000000	0.00011588
