# Menlo Systems GmbH ScanControl
# Program Version 1.14.3
# Start: -740.00000000 ps, Average over 3000 waveforms. Timestamp: 2026-03-04T13:37:41
# User time axis shift: 0 ps
# Time axis offset: 0 ps
# Time [ps]	THz Signal [a.u.]
-740.00000000	0.00020690
-739.96699670	0.00017333
-739.93399340	0.00014830
-739.90099010	0.00015756
-739.86798680	0.00018191
-739.83498350	0.00017615
-739.80198020	0.00009267
-739.76897690	0.00009991
-739.73597360	0.00006890
-739.70297030	0.00003864
-739.66996700	0.00008680
-739.63696370	0.00000976
-739.60396040	0.00006589
-739.57095710	-0.00002898
-739.53795380	0.00000651
-739.50495050	-0.00003064
-739.47194719	-0.00004338
-739.43894389	-0.00005200
-739.40594059	-0.00006073
-739.37293729	-0.00008733
-739.33993399	-0.00004864
-739.30693069	-0.00011271
-739.27392739	-0.00014018
-739.24092409	-0.00008098
-739.20792079	-0.00012731
-739.17491749	-0.00015265
-739.14191419	-0.00011506
-739.10891089	-0.00015348
-739.07590759	-0.00011893
-739.04290429	-0.00016021
-739.00990099	-0.00013500
-738.97689769	-0.00010449
-738.94389439	-0.00010510
-738.91089109	-0.00016250
-738.87788779	-0.00014349
-738.84488449	-0.00016828
-738.81188119	-0.00008792
-738.77887789	-0.00006276
-738.74587459	-0.00009637
-738.71287129	-0.00010401
-738.67986799	-0.00002663
-738.64686469	-0.00003318
-738.61386139	-0.00002298
-738.58085809	0.00002211
-738.54785479	0.00002025
-738.51485149	0.00000167
-738.48184818	-0.00000556
-738.44884488	0.00003544
-738.41584158	0.00005743
-738.38283828	0.00002567
-738.34983498	0.00006050
-738.31683168	0.00006171
-738.28382838	0.00007462
-738.25082508	0.00012047
-738.21782178	0.00006790
-738.18481848	0.00012875
-738.15181518	0.00011407
-738.11881188	0.00015058
-738.08580858	0.00016688
-738.05280528	0.00018897
-738.01980198	0.00019344
-737.98679868	0.00014876
-737.95379538	0.00013494
-737.92079208	0.00017112
-737.88778878	0.00019358
-737.85478548	0.00011672
-737.82178218	0.00015707
-737.78877888	0.00012881
-737.75577558	0.00010360
-737.72277228	0.00013208
-737.68976898	0.00008791
-737.65676568	0.00008840
-737.62376238	0.00011002
-737.59075908	0.00009108
-737.55775578	0.00006577
-737.52475248	-0.00001191
-737.49174917	-0.00003231
-737.45874587	-0.00000138
-737.42574257	-0.00002423
-737.39273927	0.00001085
-737.35973597	0.00001399
-737.32673267	-0.00003810
-737.29372937	-0.00006099
-737.26072607	-0.00007325
-737.22772277	-0.00008257
-737.19471947	-0.00006357
-737.16171617	-0.00011318
-737.12871287	-0.00012427
-737.09570957	-0.00014064
-737.06270627	-0.00010951
-737.02970297	-0.00012193
-736.99669967	-0.00013986
-736.96369637	-0.00019494
-736.93069307	-0.00015427
-736.89768977	-0.00019694
-736.86468647	-0.00017562
-736.83168317	-0.00020185
-736.79867987	-0.00019109
-736.76567657	-0.00017210
-736.73267327	-0.00022090
-736.69966997	-0.00017647
-736.66666667	-0.00021873
-736.63366337	-0.00020529
-736.60066007	-0.00017219
-736.56765677	-0.00021733
-736.53465347	-0.00020433
-736.50165017	-0.00023800
-736.46864686	-0.00022061
-736.43564356	-0.00023783
-736.40264026	-0.00022937
-736.36963696	-0.00023008
-736.33663366	-0.00024338
-736.30363036	-0.00027202
-736.27062706	-0.00028743
-736.23762376	-0.00024561
-736.20462046	-0.00029433
-736.17161716	-0.00026449
-736.13861386	-0.00028357
-736.10561056	-0.00026737
-736.07260726	-0.00028476
-736.03960396	-0.00031012
-736.00660066	-0.00035080
-735.97359736	-0.00033909
-735.94059406	-0.00035446
-735.90759076	-0.00037785
-735.87458746	-0.00034546
-735.84158416	-0.00034992
-735.80858086	-0.00030165
-735.77557756	-0.00034039
-735.74257426	-0.00026753
-735.70957096	-0.00031128
-735.67656766	-0.00028201
-735.64356436	-0.00025571
-735.61056106	-0.00023530
-735.57755776	-0.00021866
-735.54455446	-0.00020549
-735.51155116	-0.00019357
-735.47854785	-0.00011154
-735.44554455	-0.00007404
-735.41254125	-0.00001727
-735.37953795	0.00003117
-735.34653465	0.00006693
-735.31353135	0.00006362
-735.28052805	0.00017409
-735.24752475	0.00019058
-735.21452145	0.00026281
-735.18151815	0.00027883
-735.14851485	0.00031895
-735.11551155	0.00029480
-735.08250825	0.00033292
-735.04950495	0.00026437
-735.01650165	0.00031505
-734.98349835	0.00033188
-734.95049505	0.00024017
-734.91749175	0.00020766
-734.88448845	0.00019578
-734.85148515	0.00010789
-734.81848185	-0.00001055
-734.78547855	-0.00006811
-734.75247525	-0.00012158
-734.71947195	-0.00021255
-734.68646865	-0.00031445
-734.65346535	-0.00037403
-734.62046205	-0.00043701
-734.58745875	-0.00052321
-734.55445545	-0.00063002
-734.52145215	-0.00069281
-734.48844884	-0.00073860
-734.45544554	-0.00078109
-734.42244224	-0.00080877
-734.38943894	-0.00081547
-734.35643564	-0.00085729
-734.32343234	-0.00073032
-734.29042904	-0.00066028
-734.25742574	-0.00065030
-734.22442244	-0.00052053
-734.19141914	-0.00037978
-734.15841584	-0.00026510
-734.12541254	-0.00016036
-734.09240924	0.00008259
-734.05940594	0.00022573
-734.02640264	0.00033160
-733.99339934	0.00048401
-733.96039604	0.00066641
-733.92739274	0.00079015
-733.89438944	0.00092512
-733.86138614	0.00106219
-733.82838284	0.00113875
-733.79537954	0.00119265
-733.76237624	0.00125215
-733.72937294	0.00131867
-733.69636964	0.00133992
-733.66336634	0.00127302
-733.63036304	0.00132124
-733.59735974	0.00131436
-733.56435644	0.00125974
-733.53135314	0.00121041
-733.49834983	0.00114241
-733.46534653	0.00112347
-733.43234323	0.00100697
-733.39933993	0.00098918
-733.36633663	0.00092754
-733.33333333	0.00080410
-733.30033003	0.00075083
-733.26732673	0.00073673
-733.23432343	0.00066337
-733.20132013	0.00055901
-733.16831683	0.00053647
-733.13531353	0.00050555
-733.10231023	0.00040173
-733.06930693	0.00041629
-733.03630363	0.00037041
-733.00330033	0.00033935
-732.97029703	0.00030449
-732.93729373	0.00028800
-732.90429043	0.00026097
-732.87128713	0.00028229
-732.83828383	0.00023828
-732.80528053	0.00023361
-732.77227723	0.00028304
-732.73927393	0.00024346
-732.70627063	0.00028605
-732.67326733	0.00031064
-732.64026403	0.00032272
-732.60726073	0.00034133
-732.57425743	0.00033311
-732.54125413	0.00036905
-732.50825083	0.00037218
-732.47524752	0.00040525
-732.44224422	0.00043132
-732.40924092	0.00039322
-732.37623762	0.00048653
-732.34323432	0.00049428
-732.31023102	0.00049669
-732.27722772	0.00049507
-732.24422442	0.00052749
-732.21122112	0.00053485
-732.17821782	0.00059617
-732.14521452	0.00050313
-732.11221122	0.00055972
-732.07920792	0.00056098
-732.04620462	0.00057273
-732.01320132	0.00058486
-731.98019802	0.00060565
-731.94719472	0.00054090
-731.91419142	0.00060378
-731.88118812	0.00060773
-731.84818482	0.00056214
-731.81518152	0.00058494
-731.78217822	0.00056672
-731.74917492	0.00049844
-731.71617162	0.00051214
-731.68316832	0.00055172
-731.65016502	0.00042531
-731.61716172	0.00043118
-731.58415842	0.00043546
-731.55115512	0.00033072
-731.51815182	0.00029506
-731.48514851	0.00023737
-731.45214521	0.00022576
-731.41914191	0.00015755
-731.38613861	0.00011385
-731.35313531	-0.00002626
-731.32013201	-0.00000626
-731.28712871	-0.00006476
-731.25412541	-0.00008587
-731.22112211	-0.00012073
-731.18811881	-0.00012544
-731.15511551	-0.00013976
-731.12211221	-0.00006967
-731.08910891	-0.00006430
-731.05610561	-0.00004718
-731.02310231	0.00001187
-730.99009901	0.00011144
-730.95709571	0.00017824
-730.92409241	0.00026284
-730.89108911	0.00041594
-730.85808581	0.00052784
-730.82508251	0.00054854
-730.79207921	0.00071290
-730.75907591	0.00084759
-730.72607261	0.00096541
-730.69306931	0.00100728
-730.66006601	0.00115469
-730.62706271	0.00118632
-730.59405941	0.00123983
-730.56105611	0.00133065
-730.52805281	0.00131381
-730.49504950	0.00121877
-730.46204620	0.00116136
-730.42904290	0.00105682
-730.39603960	0.00086863
-730.36303630	0.00067128
-730.33003300	0.00042646
-730.29702970	0.00016817
-730.26402640	-0.00016311
-730.23102310	-0.00041219
-730.19801980	-0.00071437
-730.16501650	-0.00093685
-730.13201320	-0.00122219
-730.09900990	-0.00135864
-730.06600660	-0.00152448
-730.03300330	-0.00161096
-730.00000000	-0.00166434
-729.96699670	-0.00173406
-729.93399340	-0.00160485
-729.90099010	-0.00159920
-729.86798680	-0.00138711
-729.83498350	-0.00127178
-729.80198020	-0.00109374
-729.76897690	-0.00089849
-729.73597360	-0.00061972
-729.70297030	-0.00047590
-729.66996700	-0.00014922
-729.63696370	0.00001080
-729.60396040	0.00030985
-729.57095710	0.00044732
-729.53795380	0.00066493
-729.50495050	0.00081680
-729.47194719	0.00101397
-729.43894389	0.00107286
-729.40594059	0.00120790
-729.37293729	0.00127620
-729.33993399	0.00128271
-729.30693069	0.00134408
-729.27392739	0.00136406
-729.24092409	0.00124566
-729.20792079	0.00134123
-729.17491749	0.00123117
-729.14191419	0.00122190
-729.10891089	0.00110174
-729.07590759	0.00100839
-729.04290429	0.00098622
-729.00990099	0.00082560
-728.97689769	0.00074795
-728.94389439	0.00063478
-728.91089109	0.00050537
-728.87788779	0.00033930
-728.84488449	0.00033902
-728.81188119	0.00014581
-728.77887789	0.00000624
-728.74587459	-0.00009216
-728.71287129	-0.00021288
-728.67986799	-0.00038797
-728.64686469	-0.00045536
-728.61386139	-0.00061523
-728.58085809	-0.00071012
-728.54785479	-0.00086298
-728.51485149	-0.00094429
-728.48184818	-0.00112574
-728.44884488	-0.00120322
-728.41584158	-0.00134219
-728.38283828	-0.00145606
-728.34983498	-0.00157806
-728.31683168	-0.00174297
-728.28382838	-0.00183923
-728.25082508	-0.00192992
-728.21782178	-0.00207383
-728.18481848	-0.00214717
-728.15181518	-0.00230277
-728.11881188	-0.00233077
-728.08580858	-0.00244802
-728.05280528	-0.00243372
-728.01980198	-0.00252018
-727.98679868	-0.00249972
-727.95379538	-0.00251123
-727.92079208	-0.00244416
-727.88778878	-0.00241930
-727.85478548	-0.00235255
-727.82178218	-0.00227397
-727.78877888	-0.00215976
-727.75577558	-0.00201021
-727.72277228	-0.00203042
-727.68976898	-0.00179190
-727.65676568	-0.00174334
-727.62376238	-0.00158942
-727.59075908	-0.00147241
-727.55775578	-0.00138976
-727.52475248	-0.00127306
-727.49174917	-0.00108662
-727.45874587	-0.00103102
-727.42574257	-0.00089884
-727.39273927	-0.00080380
-727.35973597	-0.00077515
-727.32673267	-0.00065175
-727.29372937	-0.00069206
-727.26072607	-0.00072483
-727.22772277	-0.00082566
-727.19471947	-0.00090663
-727.16171617	-0.00111629
-727.12871287	-0.00132551
-727.09570957	-0.00161764
-727.06270627	-0.00186782
-727.02970297	-0.00211662
-726.99669967	-0.00238911
-726.96369637	-0.00263109
-726.93069307	-0.00273961
-726.89768977	-0.00289142
-726.86468647	-0.00292611
-726.83168317	-0.00294419
-726.79867987	-0.00285574
-726.76567657	-0.00274583
-726.73267327	-0.00260583
-726.69966997	-0.00243023
-726.66666667	-0.00226749
-726.63366337	-0.00200987
-726.60066007	-0.00187270
-726.56765677	-0.00160547
-726.53465347	-0.00138089
-726.50165017	-0.00107558
-726.46864686	-0.00085006
-726.43564356	-0.00060087
-726.40264026	-0.00030223
-726.36963696	0.00001478
-726.33663366	0.00028568
-726.30363036	0.00062840
-726.27062706	0.00090346
-726.23762376	0.00123228
-726.20462046	0.00156803
-726.17161716	0.00180404
-726.13861386	0.00208092
-726.10561056	0.00227529
-726.07260726	0.00247721
-726.03960396	0.00261575
-726.00660066	0.00267637
-725.97359736	0.00267472
-725.94059406	0.00263366
-725.90759076	0.00256252
-725.87458746	0.00238682
-725.84158416	0.00214549
-725.80858086	0.00194441
-725.77557756	0.00158850
-725.74257426	0.00126036
-725.70957096	0.00089609
-725.67656766	0.00038462
-725.64356436	-0.00010069
-725.61056106	-0.00069507
-725.57755776	-0.00127093
-725.54455446	-0.00201483
-725.51155116	-0.00270318
-725.47854785	-0.00346595
-725.44554455	-0.00417605
-725.41254125	-0.00497845
-725.37953795	-0.00552440
-725.34653465	-0.00603095
-725.31353135	-0.00628428
-725.28052805	-0.00639633
-725.24752475	-0.00622416
-725.21452145	-0.00573026
-725.18151815	-0.00497925
-725.14851485	-0.00394483
-725.11551155	-0.00266266
-725.08250825	-0.00115183
-725.04950495	0.00066175
-725.01650165	0.00261632
-724.98349835	0.00488336
-724.95049505	0.00724848
-724.91749175	0.00980330
-724.88448845	0.01257454
-724.85148515	0.01535118
-724.81848185	0.01831852
-724.78547855	0.02127228
-724.75247525	0.02434916
-724.71947195	0.02736912
-724.68646865	0.03043422
-724.65346535	0.03354998
-724.62046205	0.03670451
-724.58745875	0.03977079
-724.55445545	0.04287818
-724.52145215	0.04602761
-724.48844884	0.04906039
-724.45544554	0.05214519
-724.42244224	0.05523335
-724.38943894	0.05844461
-724.35643564	0.06149631
-724.32343234	0.06468251
-724.29042904	0.06787318
-724.25742574	0.07106007
-724.22442244	0.07427520
-724.19141914	0.07746507
-724.15841584	0.08062600
-724.12541254	0.08375556
-724.09240924	0.08660480
-724.05940594	0.08934990
-724.02640264	0.09178239
-723.99339934	0.09383387
-723.96039604	0.09541783
-723.92739274	0.09650077
-723.89438944	0.09684800
-723.86138614	0.09645319
-723.82838284	0.09525195
-723.79537954	0.09309049
-723.76237624	0.09006598
-723.72937294	0.08595695
-723.69636964	0.08078975
-723.66336634	0.07464005
-723.63036304	0.06751995
-723.59735974	0.05939669
-723.56435644	0.05031105
-723.53135314	0.04021544
-723.49834983	0.02931871
-723.46534653	0.01748935
-723.43234323	0.00481304
-723.39933993	-0.00870724
-723.36633663	-0.02297466
-723.33333333	-0.03781320
-723.30033003	-0.05327348
-723.26732673	-0.06876703
-723.23432343	-0.08438436
-723.20132013	-0.09932580
-723.16831683	-0.11334770
-723.13531353	-0.12563444
-723.10231023	-0.13570505
-723.06930693	-0.14282362
-723.03630363	-0.14624684
-723.00330033	-0.14542097
-722.97029703	-0.13990988
-722.93729373	-0.12946673
-722.90429043	-0.11385895
-722.87128713	-0.09349862
-722.83828383	-0.06854428
-722.80528053	-0.04010959
-722.77227723	-0.00883178
-722.73927393	0.02407431
-722.70627063	0.05745849
-722.67326733	0.08995742
-722.64026403	0.12054358
-722.60726073	0.14791045
-722.57425743	0.17130748
-722.54125413	0.18985591
-722.50825083	0.20297732
-722.47524752	0.21033226
-722.44224422	0.21149668
-722.40924092	0.20586570
-722.37623762	0.19342537
-722.34323432	0.17326104
-722.31023102	0.14490610
-722.27722772	0.10732333
-722.24422442	0.05982686
-722.21122112	0.00160923
-722.17821782	-0.06758574
-722.14521452	-0.14793416
-722.11221122	-0.23843226
-722.07920792	-0.33758426
-722.04620462	-0.44261717
-722.01320132	-0.54997575
-721.98019802	-0.65561403
-721.94719472	-0.75477932
-721.91419142	-0.84262996
-721.88118812	-0.91522610
-721.84818482	-0.96894960
-721.81518152	-1.00176923
-721.78217822	-1.01229937
-721.74917492	-1.00054930
-721.71617162	-0.96694953
-721.68316832	-0.91280332
-721.65016502	-0.83955612
-721.61716172	-0.74902682
-721.58415842	-0.64345387
-721.55115512	-0.52563470
-721.51815182	-0.39894054
-721.48514851	-0.26703750
-721.45214521	-0.13365721
-721.41914191	-0.00229978
-721.38613861	0.12420398
-721.35313531	0.24359434
-721.32013201	0.35397235
-721.28712871	0.45361874
-721.25412541	0.54098275
-721.22112211	0.61477283
-721.18811881	0.67410123
-721.15511551	0.71871595
-721.12211221	0.74923804
-721.08910891	0.76678515
-721.05610561	0.77239367
-721.02310231	0.76742265
-720.99009901	0.75286578
-720.95709571	0.72951840
-720.92409241	0.69866398
-720.89108911	0.66138034
-720.85808581	0.61911103
-720.82508251	0.57305755
-720.79207921	0.52453048
-720.75907591	0.47440047
-720.72607261	0.42333831
-720.69306931	0.37210428
-720.66006601	0.32140965
-720.62706271	0.27189120
-720.59405941	0.22431431
-720.56105611	0.17910823
-720.52805281	0.13679845
-720.49504950	0.09773953
-720.46204620	0.06220709
-720.42904290	0.03049544
-720.39603960	0.00264705
-720.36303630	-0.02122768
-720.33003300	-0.04120405
-720.29702970	-0.05759764
-720.26402640	-0.07032720
-720.23102310	-0.07982542
-720.19801980	-0.08639888
-720.16501650	-0.09039073
-720.13201320	-0.09202885
-720.09900990	-0.09170452
-720.06600660	-0.08969432
-720.03300330	-0.08631718
-720.00000000	-0.08200794
-719.96699670	-0.07685940
-719.93399340	-0.07133673
-719.90099010	-0.06537470
-719.86798680	-0.05917404
-719.83498350	-0.05289844
-719.80198020	-0.04657584
-719.76897690	-0.04040803
-719.73597360	-0.03450537
-719.70297030	-0.02886152
-719.66996700	-0.02358329
-719.63696370	-0.01871159
-719.60396040	-0.01442093
-719.57095710	-0.01073386
-719.53795380	-0.00754201
-719.50495050	-0.00485137
-719.47194719	-0.00256791
-719.43894389	-0.00078200
-719.40594059	0.00035074
-719.37293729	0.00105399
-719.33993399	0.00121667
-719.30693069	0.00077558
-719.27392739	0.00017037
-719.24092409	-0.00089908
-719.20792079	-0.00205211
-719.17491749	-0.00342119
-719.14191419	-0.00491192
-719.10891089	-0.00632191
-719.07590759	-0.00785429
-719.04290429	-0.00934686
-719.00990099	-0.01082901
-718.97689769	-0.01203377
-718.94389439	-0.01313771
-718.91089109	-0.01413822
-718.87788779	-0.01497697
-718.84488449	-0.01588087
-718.81188119	-0.01635365
-718.77887789	-0.01655762
-718.74587459	-0.01628902
-718.71287129	-0.01543682
-718.67986799	-0.01418983
-718.64686469	-0.01245904
-718.61386139	-0.01026198
-718.58085809	-0.00771340
-718.54785479	-0.00480210
-718.51485149	-0.00154958
-718.48184818	0.00189967
-718.44884488	0.00559550
-718.41584158	0.00933397
-718.38283828	0.01306126
-718.34983498	0.01644594
-718.31683168	0.01955934
-718.28382838	0.02220492
-718.25082508	0.02410113
-718.21782178	0.02540846
-718.18481848	0.02584140
-718.15181518	0.02562862
-718.11881188	0.02455908
-718.08580858	0.02294955
-718.05280528	0.02087557
-718.01980198	0.01833092
-717.98679868	0.01546718
-717.95379538	0.01243409
-717.92079208	0.00925745
-717.88778878	0.00625772
-717.85478548	0.00305830
-717.82178218	0.00016830
-717.78877888	-0.00266273
-717.75577558	-0.00542652
-717.72277228	-0.00817739
-717.68976898	-0.01077289
-717.65676568	-0.01340564
-717.62376238	-0.01591883
-717.59075908	-0.01830614
-717.55775578	-0.02073740
-717.52475248	-0.02305069
-717.49174917	-0.02531859
-717.45874587	-0.02754235
-717.42574257	-0.02960541
-717.39273927	-0.03162817
-717.35973597	-0.03341196
-717.32673267	-0.03515372
-717.29372937	-0.03671790
-717.26072607	-0.03827420
-717.22772277	-0.03953316
-717.19471947	-0.04066048
-717.16171617	-0.04163348
-717.12871287	-0.04234644
-717.09570957	-0.04291612
-717.06270627	-0.04329074
-717.02970297	-0.04352312
-716.99669967	-0.04378924
-716.96369637	-0.04387000
-716.93069307	-0.04398778
-716.89768977	-0.04405728
-716.86468647	-0.04415191
-716.83168317	-0.04432759
-716.79867987	-0.04427955
-716.76567657	-0.04407849
-716.73267327	-0.04370801
-716.69966997	-0.04283403
-716.66666667	-0.04183588
-716.63366337	-0.04060829
-716.60066007	-0.03923294
-716.56765677	-0.03795310
-716.53465347	-0.03668496
-716.50165017	-0.03543560
-716.46864686	-0.03417363
-716.43564356	-0.03310911
-716.40264026	-0.03185580
-716.36963696	-0.03073219
-716.33663366	-0.02963619
-716.30363036	-0.02854857
-716.27062706	-0.02752598
-716.23762376	-0.02636719
-716.20462046	-0.02524825
-716.17161716	-0.02390777
-716.13861386	-0.02252262
-716.10561056	-0.02094635
-716.07260726	-0.01916656
-716.03960396	-0.01726523
-716.00660066	-0.01522720
-715.97359736	-0.01298837
-715.94059406	-0.01062609
-715.90759076	-0.00804922
-715.87458746	-0.00552248
-715.84158416	-0.00305642
-715.80858086	-0.00067628
-715.77557756	0.00158945
-715.74257426	0.00374049
-715.70957096	0.00601138
-715.67656766	0.00826455
-715.64356436	0.01041433
-715.61056106	0.01260625
-715.57755776	0.01456197
-715.54455446	0.01615342
-715.51155116	0.01749764
-715.47854785	0.01851126
-715.44554455	0.01927986
-715.41254125	0.01992586
-715.37953795	0.02033349
-715.34653465	0.02050482
-715.31353135	0.02055001
-715.28052805	0.02031423
-715.24752475	0.01988686
-715.21452145	0.01941565
-715.18151815	0.01888068
-715.14851485	0.01844552
-715.11551155	0.01799642
-715.08250825	0.01768787
-715.04950495	0.01728658
-715.01650165	0.01691943
-714.98349835	0.01659184
-714.95049505	0.01628278
-714.91749175	0.01616457
-714.88448845	0.01625259
-714.85148515	0.01642585
-714.81848185	0.01670862
-714.78547855	0.01706395
-714.75247525	0.01733343
-714.71947195	0.01734912
-714.68646865	0.01731337
-714.65346535	0.01700160
-714.62046205	0.01645682
-714.58745875	0.01564406
-714.55445545	0.01473928
-714.52145215	0.01356598
-714.48844884	0.01215279
-714.45544554	0.01065553
-714.42244224	0.00886492
-714.38943894	0.00696488
-714.35643564	0.00486150
-714.32343234	0.00257037
-714.29042904	0.00002948
-714.25742574	-0.00273587
-714.22442244	-0.00556820
-714.19141914	-0.00852818
-714.15841584	-0.01159128
-714.12541254	-0.01437332
-714.09240924	-0.01695465
-714.05940594	-0.01914891
-714.02640264	-0.02098315
-713.99339934	-0.02237640
-713.96039604	-0.02324146
-713.92739274	-0.02375712
-713.89438944	-0.02373773
-713.86138614	-0.02318533
-713.82838284	-0.02207252
-713.79537954	-0.02052705
-713.76237624	-0.01839911
-713.72937294	-0.01591743
-713.69636964	-0.01332033
-713.66336634	-0.01079250
-713.63036304	-0.00826806
-713.59735974	-0.00594758
-713.56435644	-0.00387523
-713.53135314	-0.00212643
-713.49834983	-0.00062537
-713.46534653	0.00058040
-713.43234323	0.00169612
-713.39933993	0.00270679
-713.36633663	0.00370212
-713.33333333	0.00479910
-713.30033003	0.00597778
-713.26732673	0.00719972
-713.23432343	0.00853457
-713.20132013	0.01000425
-713.16831683	0.01147012
-713.13531353	0.01299591
-713.10231023	0.01450238
-713.06930693	0.01605523
-713.03630363	0.01749728
-713.00330033	0.01873309
-712.97029703	0.01981943
-712.93729373	0.02056378
-712.90429043	0.02101151
-712.87128713	0.02100794
-712.83828383	0.02056515
-712.80528053	0.01981504
-712.77227723	0.01870738
-712.73927393	0.01731869
-712.70627063	0.01560156
-712.67326733	0.01389928
-712.64026403	0.01187063
-712.60726073	0.00982729
-712.57425743	0.00772788
-712.54125413	0.00550479
-712.50825083	0.00326524
-712.47524752	0.00112900
-712.44224422	-0.00098589
-712.40924092	-0.00310819
-712.37623762	-0.00502462
-712.34323432	-0.00682020
-712.31023102	-0.00850281
-712.27722772	-0.00996451
-712.24422442	-0.01141935
-712.21122112	-0.01273286
-712.17821782	-0.01395089
-712.14521452	-0.01512075
-712.11221122	-0.01601229
-712.07920792	-0.01679263
-712.04620462	-0.01733035
-712.01320132	-0.01764638
-711.98019802	-0.01783083
-711.94719472	-0.01769470
-711.91419142	-0.01733849
-711.88118812	-0.01686370
-711.84818482	-0.01610427
-711.81518152	-0.01521837
-711.78217822	-0.01427361
-711.74917492	-0.01341632
-711.71617162	-0.01257797
-711.68316832	-0.01191168
-711.65016502	-0.01125887
-711.61716172	-0.01063235
-711.58415842	-0.00995088
-711.55115512	-0.00940914
-711.51815182	-0.00873820
-711.48514851	-0.00804337
-711.45214521	-0.00756431
-711.41914191	-0.00678246
-711.38613861	-0.00617432
-711.35313531	-0.00545688
-711.32013201	-0.00477670
-711.28712871	-0.00407754
-711.25412541	-0.00340983
-711.22112211	-0.00262950
-711.18811881	-0.00173197
-711.15511551	-0.00095477
-711.12211221	0.00008316
-711.08910891	0.00110722
-711.05610561	0.00209402
-711.02310231	0.00308314
-710.99009901	0.00399795
-710.95709571	0.00486680
-710.92409241	0.00559551
-710.89108911	0.00633076
-710.85808581	0.00695652
-710.82508251	0.00739052
-710.79207921	0.00773113
-710.75907591	0.00803404
-710.72607261	0.00811409
-710.69306931	0.00823820
-710.66006601	0.00818919
-710.62706271	0.00810452
-710.59405941	0.00806693
-710.56105611	0.00800548
-710.52805281	0.00772988
-710.49504950	0.00740683
-710.46204620	0.00700835
-710.42904290	0.00636711
-710.39603960	0.00568547
-710.36303630	0.00493446
-710.33003300	0.00414896
-710.29702970	0.00342116
-710.26402640	0.00272832
-710.23102310	0.00205515
-710.19801980	0.00145532
-710.16501650	0.00102781
-710.13201320	0.00073732
-710.09900990	0.00057687
-710.06600660	0.00057225
-710.03300330	0.00077012
-710.00000000	0.00099940
-709.96699670	0.00135760
-709.93399340	0.00186130
-709.90099010	0.00241350
-709.86798680	0.00300865
-709.83498350	0.00360074
-709.80198020	0.00410293
-709.76897690	0.00434707
-709.73597360	0.00445125
-709.70297030	0.00451263
-709.66996700	0.00422917
-709.63696370	0.00395278
-709.60396040	0.00357726
-709.57095710	0.00314315
-709.53795380	0.00269626
-709.50495050	0.00227429
-709.47194719	0.00187486
-709.43894389	0.00164544
-709.40594059	0.00155351
-709.37293729	0.00159237
-709.33993399	0.00177349
-709.30693069	0.00208600
-709.27392739	0.00248703
-709.24092409	0.00292144
-709.20792079	0.00352009
-709.17491749	0.00417476
-709.14191419	0.00484984
-709.10891089	0.00549741
-709.07590759	0.00616643
-709.04290429	0.00668245
-709.00990099	0.00687978
-708.97689769	0.00688411
-708.94389439	0.00671247
-708.91089109	0.00620839
-708.87788779	0.00566930
-708.84488449	0.00507371
-708.81188119	0.00443591
-708.77887789	0.00387727
-708.74587459	0.00332355
-708.71287129	0.00274762
-708.67986799	0.00220125
-708.64686469	0.00167547
-708.61386139	0.00113063
-708.58085809	0.00068087
-708.54785479	0.00026037
-708.51485149	-0.00012164
-708.48184818	-0.00049100
-708.44884488	-0.00087346
-708.41584158	-0.00109129
-708.38283828	-0.00136192
-708.34983498	-0.00152427
-708.31683168	-0.00143410
-708.28382838	-0.00137679
-708.25082508	-0.00107747
-708.21782178	-0.00077503
-708.18481848	-0.00035011
-708.15181518	0.00008758
-708.11881188	0.00053405
-708.08580858	0.00113536
-708.05280528	0.00167029
-708.01980198	0.00229621
-707.98679868	0.00286278
-707.95379538	0.00325741
-707.92079208	0.00356984
-707.88778878	0.00364378
-707.85478548	0.00360969
-707.82178218	0.00354654
-707.78877888	0.00343580
-707.75577558	0.00331197
-707.72277228	0.00333166
-707.68976898	0.00346663
-707.65676568	0.00359794
-707.62376238	0.00399482
-707.59075908	0.00452490
-707.55775578	0.00516135
-707.52475248	0.00613630
-707.49174917	0.00706927
-707.45874587	0.00815462
-707.42574257	0.00917570
-707.39273927	0.00991492
-707.35973597	0.01049659
-707.32673267	0.01077772
-707.29372937	0.01076655
-707.26072607	0.01060480
-707.22772277	0.01027747
-707.19471947	0.00963321
-707.16171617	0.00876129
-707.12871287	0.00776025
-707.09570957	0.00645442
-707.06270627	0.00510596
-707.02970297	0.00376026
-706.99669967	0.00251372
-706.96369637	0.00121747
-706.93069307	0.00012861
-706.89768977	-0.00101243
-706.86468647	-0.00202176
-706.83168317	-0.00307408
-706.79867987	-0.00416596
-706.76567657	-0.00507727
-706.73267327	-0.00606843
-706.69966997	-0.00694075
-706.66666667	-0.00767111
-706.63366337	-0.00825066
-706.60066007	-0.00869770
-706.56765677	-0.00897434
-706.53465347	-0.00884096
-706.50165017	-0.00849601
-706.46864686	-0.00798023
-706.43564356	-0.00720479
-706.40264026	-0.00620416
-706.36963696	-0.00512166
-706.33663366	-0.00404462
-706.30363036	-0.00294938
-706.27062706	-0.00198273
-706.23762376	-0.00112115
-706.20462046	-0.00028435
-706.17161716	0.00029498
-706.13861386	0.00075168
-706.10561056	0.00109556
-706.07260726	0.00120674
-706.03960396	0.00090517
-706.00660066	0.00054913
-705.97359736	-0.00012037
-705.94059406	-0.00084670
-705.90759076	-0.00150203
-705.87458746	-0.00205864
-705.84158416	-0.00226919
-705.80858086	-0.00229107
-705.77557756	-0.00207580
-705.74257426	-0.00152582
-705.70957096	-0.00088135
-705.67656766	-0.00009108
-705.64356436	0.00078435
-705.61056106	0.00166390
-705.57755776	0.00256178
-705.54455446	0.00328545
-705.51155116	0.00384889
-705.47854785	0.00430283
-705.44554455	0.00437586
-705.41254125	0.00429417
-705.37953795	0.00382713
-705.34653465	0.00307944
-705.31353135	0.00217684
-705.28052805	0.00106658
-705.24752475	-0.00015205
-705.21452145	-0.00142523
-705.18151815	-0.00275940
-705.14851485	-0.00387820
-705.11551155	-0.00489091
-705.08250825	-0.00564054
-705.04950495	-0.00612976
-705.01650165	-0.00640248
-704.98349835	-0.00651043
-704.95049505	-0.00644169
-704.91749175	-0.00628856
-704.88448845	-0.00595823
-704.85148515	-0.00543292
-704.81848185	-0.00481363
-704.78547855	-0.00407065
-704.75247525	-0.00327286
-704.71947195	-0.00243184
-704.68646865	-0.00161935
-704.65346535	-0.00080143
-704.62046205	-0.00002704
-704.58745875	0.00077522
-704.55445545	0.00145047
-704.52145215	0.00205771
-704.48844884	0.00257353
-704.45544554	0.00288673
-704.42244224	0.00312152
-704.38943894	0.00308781
-704.35643564	0.00290063
-704.32343234	0.00248954
-704.29042904	0.00192569
-704.25742574	0.00116606
-704.22442244	0.00039782
-704.19141914	-0.00042788
-704.15841584	-0.00111828
-704.12541254	-0.00173012
-704.09240924	-0.00220909
-704.05940594	-0.00242428
-704.02640264	-0.00239169
-703.99339934	-0.00222278
-703.96039604	-0.00183214
-703.92739274	-0.00125166
-703.89438944	-0.00056790
-703.86138614	0.00023339
-703.82838284	0.00102802
-703.79537954	0.00175946
-703.76237624	0.00235127
-703.72937294	0.00268221
-703.69636964	0.00295162
-703.66336634	0.00295228
-703.63036304	0.00281027
-703.59735974	0.00251756
-703.56435644	0.00206286
-703.53135314	0.00159717
-703.49834983	0.00108213
-703.46534653	0.00049808
-703.43234323	0.00009472
-703.39933993	-0.00020449
-703.36633663	-0.00046296
-703.33333333	-0.00073485
-703.30033003	-0.00086695
-703.26732673	-0.00092901
-703.23432343	-0.00115319
-703.20132013	-0.00129198
-703.16831683	-0.00133409
-703.13531353	-0.00156345
-703.10231023	-0.00164770
-703.06930693	-0.00164071
-703.03630363	-0.00178449
-703.00330033	-0.00184182
-702.97029703	-0.00191510
-702.93729373	-0.00197021
-702.90429043	-0.00198879
-702.87128713	-0.00192680
-702.83828383	-0.00170254
-702.80528053	-0.00141797
-702.77227723	-0.00097395
-702.73927393	-0.00047183
-702.70627063	-0.00008440
-702.67326733	0.00016322
-702.64026403	0.00029799
-702.60726073	0.00024124
-702.57425743	0.00014983
-702.54125413	-0.00012458
-702.50825083	-0.00043855
-702.47524752	-0.00080296
-702.44224422	-0.00139754
-702.40924092	-0.00182113
-702.37623762	-0.00230222
-702.34323432	-0.00273440
-702.31023102	-0.00290628
-702.27722772	-0.00271369
-702.24422442	-0.00231900
-702.21122112	-0.00155014
-702.17821782	-0.00045666
-702.14521452	0.00063028
-702.11221122	0.00186589
-702.07920792	0.00304460
-702.04620462	0.00412406
-702.01320132	0.00504137
-701.98019802	0.00583885
-701.94719472	0.00636408
-701.91419142	0.00666739
-701.88118812	0.00673064
-701.84818482	0.00648103
-701.81518152	0.00602020
-701.78217822	0.00544860
-701.74917492	0.00487201
-701.71617162	0.00410942
-701.68316832	0.00342179
-701.65016502	0.00278674
-701.61716172	0.00203211
-701.58415842	0.00138848
-701.55115512	0.00082074
-701.51815182	0.00027164
-701.48514851	-0.00024731
-701.45214521	-0.00057323
-701.41914191	-0.00109421
-701.38613861	-0.00151417
-701.35313531	-0.00191025
-701.32013201	-0.00232972
-701.28712871	-0.00282786
-701.25412541	-0.00319434
-701.22112211	-0.00341920
-701.18811881	-0.00350824
-701.15511551	-0.00350367
-701.12211221	-0.00329540
-701.08910891	-0.00313930
-701.05610561	-0.00299543
-701.02310231	-0.00276592
-700.99009901	-0.00256330
-700.95709571	-0.00238591
-700.92409241	-0.00215610
-700.89108911	-0.00184367
-700.85808581	-0.00168084
-700.82508251	-0.00143113
-700.79207921	-0.00109955
-700.75907591	-0.00099081
-700.72607261	-0.00081042
-700.69306931	-0.00077062
-700.66006601	-0.00082393
-700.62706271	-0.00086779
-700.59405941	-0.00099429
-700.56105611	-0.00109062
-700.52805281	-0.00112298
-700.49504950	-0.00107775
-700.46204620	-0.00098371
-700.42904290	-0.00068774
-700.39603960	-0.00049605
-700.36303630	-0.00010807
-700.33003300	0.00019174
-700.29702970	0.00026794
-700.26402640	0.00048627
-700.23102310	0.00037097
-700.19801980	0.00013558
-700.16501650	-0.00004836
-700.13201320	-0.00044979
-700.09900990	-0.00078610
-700.06600660	-0.00103479
-700.03300330	-0.00127571
-700.00000000	-0.00156585
-699.96699670	-0.00172625
-699.93399340	-0.00195265
-699.90099010	-0.00212353
-699.86798680	-0.00207534
-699.83498350	-0.00200560
-699.80198020	-0.00184384
-699.76897690	-0.00156453
-699.73597360	-0.00134860
-699.70297030	-0.00115838
-699.66996700	-0.00091509
-699.63696370	-0.00084836
-699.60396040	-0.00084209
-699.57095710	-0.00081521
-699.53795380	-0.00094619
-699.50495050	-0.00115496
-699.47194719	-0.00124855
-699.43894389	-0.00145004
-699.40594059	-0.00159892
-699.37293729	-0.00161742
-699.33993399	-0.00167275
-699.30693069	-0.00155763
-699.27392739	-0.00146247
-699.24092409	-0.00131478
-699.20792079	-0.00115983
-699.17491749	-0.00102313
-699.14191419	-0.00086700
-699.10891089	-0.00080202
-699.07590759	-0.00070863
-699.04290429	-0.00063161
-699.00990099	-0.00065765
-698.97689769	-0.00073585
-698.94389439	-0.00089344
-698.91089109	-0.00112724
-698.87788779	-0.00144021
-698.84488449	-0.00173363
-698.81188119	-0.00207234
-698.77887789	-0.00228771
-698.74587459	-0.00246217
-698.71287129	-0.00254947
-698.67986799	-0.00253715
-698.64686469	-0.00236996
-698.61386139	-0.00213065
-698.58085809	-0.00169230
-698.54785479	-0.00126716
-698.51485149	-0.00075022
-698.48184818	-0.00032979
-698.44884488	0.00001199
-698.41584158	0.00019732
-698.38283828	0.00023159
-698.34983498	0.00013248
-698.31683168	-0.00004179
-698.28382838	-0.00031789
-698.25082508	-0.00064580
-698.21782178	-0.00094882
-698.18481848	-0.00124195
-698.15181518	-0.00126540
-698.11881188	-0.00129430
-698.08580858	-0.00111896
-698.05280528	-0.00088954
-698.01980198	-0.00060993
-697.98679868	-0.00029750
-697.95379538	-0.00005042
-697.92079208	0.00013814
-697.88778878	0.00030492
-697.85478548	0.00041872
-697.82178218	0.00046540
-697.78877888	0.00047563
-697.75577558	0.00039682
-697.72277228	0.00019417
-697.68976898	-0.00012932
-697.65676568	-0.00047087
-697.62376238	-0.00099092
-697.59075908	-0.00147241
-697.55775578	-0.00187103
-697.52475248	-0.00234633
-697.49174917	-0.00256742
-697.45874587	-0.00270755
-697.42574257	-0.00281652
-697.39273927	-0.00277106
-697.35973597	-0.00281074
-697.32673267	-0.00261609
-697.29372937	-0.00258666
-697.26072607	-0.00255898
-697.22772277	-0.00246767
-697.19471947	-0.00237257
-697.16171617	-0.00231076
-697.12871287	-0.00209568
-697.09570957	-0.00180884
-697.06270627	-0.00135942
-697.02970297	-0.00085138
-696.99669967	-0.00020990
-696.96369637	0.00044204
-696.93069307	0.00111288
-696.89768977	0.00179321
-696.86468647	0.00246876
-696.83168317	0.00309755
-696.79867987	0.00367711
-696.76567657	0.00412719
-696.73267327	0.00453497
-696.69966997	0.00477385
-696.66666667	0.00476253
-696.63366337	0.00466505
-696.60066007	0.00435300
-696.56765677	0.00399993
-696.53465347	0.00367288
-696.50165017	0.00348169
-696.46864686	0.00323070
-696.43564356	0.00315866
-696.40264026	0.00311613
-696.36963696	0.00301881
-696.33663366	0.00301134
-696.30363036	0.00289084
-696.27062706	0.00269103
-696.23762376	0.00256850
-696.20462046	0.00248721
-696.17161716	0.00222272
-696.13861386	0.00194600
-696.10561056	0.00167163
-696.07260726	0.00124076
-696.03960396	0.00074395
-696.00660066	0.00024121
-695.97359736	-0.00033250
-695.94059406	-0.00088094
-695.90759076	-0.00141918
-695.87458746	-0.00193947
-695.84158416	-0.00228162
-695.80858086	-0.00263313
-695.77557756	-0.00287790
-695.74257426	-0.00290702
-695.70957096	-0.00272655
-695.67656766	-0.00247641
-695.64356436	-0.00196137
-695.61056106	-0.00146058
-695.57755776	-0.00086109
-695.54455446	-0.00016604
-695.51155116	0.00043559
-695.47854785	0.00114349
-695.44554455	0.00178946
-695.41254125	0.00233082
-695.37953795	0.00292114
-695.34653465	0.00338300
-695.31353135	0.00378727
-695.28052805	0.00419729
-695.24752475	0.00450205
-695.21452145	0.00484470
-695.18151815	0.00527137
-695.14851485	0.00563635
-695.11551155	0.00599497
-695.08250825	0.00629052
-695.04950495	0.00648427
-695.01650165	0.00651657
-694.98349835	0.00661216
-694.95049505	0.00650815
-694.91749175	0.00629663
-694.88448845	0.00608072
-694.85148515	0.00587470
-694.81848185	0.00560370
-694.78547855	0.00527778
-694.75247525	0.00507758
-694.71947195	0.00487218
-694.68646865	0.00470096
-694.65346535	0.00458779
-694.62046205	0.00451561
-694.58745875	0.00438714
-694.55445545	0.00431585
-694.52145215	0.00427065
-694.48844884	0.00428139
-694.45544554	0.00426353
-694.42244224	0.00418215
-694.38943894	0.00409003
-694.35643564	0.00396940
-694.32343234	0.00386410
-694.29042904	0.00366714
-694.25742574	0.00341009
-694.22442244	0.00313668
-694.19141914	0.00274498
-694.15841584	0.00222890
-694.12541254	0.00183101
-694.09240924	0.00128583
-694.05940594	0.00079074
-694.02640264	0.00034690
-693.99339934	-0.00006895
-693.96039604	-0.00036901
-693.92739274	-0.00065882
-693.89438944	-0.00083105
-693.86138614	-0.00089947
-693.82838284	-0.00074875
-693.79537954	-0.00058400
-693.76237624	-0.00022979
-693.72937294	0.00017009
-693.69636964	0.00061036
-693.66336634	0.00108687
-693.63036304	0.00154497
-693.59735974	0.00197599
-693.56435644	0.00245207
-693.53135314	0.00276818
-693.49834983	0.00298582
-693.46534653	0.00315713
-693.43234323	0.00310227
-693.39933993	0.00290342
-693.36633663	0.00273332
-693.33333333	0.00231577
-693.30033003	0.00194023
-693.26732673	0.00157569
-693.23432343	0.00116132
-693.20132013	0.00075632
-693.16831683	0.00028402
-693.13531353	-0.00019617
-693.10231023	-0.00058461
-693.06930693	-0.00112833
-693.03630363	-0.00144226
-693.00330033	-0.00175507
-692.97029703	-0.00199189
-692.93729373	-0.00204339
-692.90429043	-0.00204180
-692.87128713	-0.00190047
-692.83828383	-0.00154124
-692.80528053	-0.00123480
-692.77227723	-0.00088775
-692.73927393	-0.00047207
-692.70627063	-0.00020570
-692.67326733	0.00002665
-692.64026403	0.00017420
-692.60726073	0.00016305
-692.57425743	0.00011088
-692.54125413	-0.00008489
-692.50825083	-0.00020503
-692.47524752	-0.00043593
-692.44224422	-0.00071287
-692.40924092	-0.00114151
-692.37623762	-0.00161352
-692.34323432	-0.00218296
-692.31023102	-0.00285608
-692.27722772	-0.00347303
-692.24422442	-0.00429513
-692.21122112	-0.00502461
-692.17821782	-0.00567683
-692.14521452	-0.00620433
-692.11221122	-0.00662744
-692.07920792	-0.00690436
-692.04620462	-0.00692788
-692.01320132	-0.00681620
-691.98019802	-0.00664145
-691.94719472	-0.00628235
-691.91419142	-0.00591392
-691.88118812	-0.00560170
-691.84818482	-0.00520729
-691.81518152	-0.00491153
-691.78217822	-0.00467524
-691.74917492	-0.00439288
-691.71617162	-0.00416618
-691.68316832	-0.00396931
-691.65016502	-0.00384024
-691.61716172	-0.00370475
-691.58415842	-0.00354639
-691.55115512	-0.00343476
-691.51815182	-0.00335102
-691.48514851	-0.00314043
-691.45214521	-0.00289624
-691.41914191	-0.00275120
-691.38613861	-0.00247495
-691.35313531	-0.00225424
-691.32013201	-0.00206825
-691.28712871	-0.00184699
-691.25412541	-0.00176310
-691.22112211	-0.00169314
-691.18811881	-0.00158281
-691.15511551	-0.00145220
-691.12211221	-0.00125493
-691.08910891	-0.00102791
-691.05610561	-0.00088732
-691.02310231	-0.00070977
-690.99009901	-0.00057139
-690.95709571	-0.00047632
-690.92409241	-0.00051519
-690.89108911	-0.00055727
-690.85808581	-0.00071749
-690.82508251	-0.00081572
-690.79207921	-0.00096497
-690.75907591	-0.00106175
-690.72607261	-0.00116072
-690.69306931	-0.00126742
-690.66006601	-0.00133497
-690.62706271	-0.00143720
-690.59405941	-0.00163916
-690.56105611	-0.00180610
-690.52805281	-0.00202616
-690.49504950	-0.00223319
-690.46204620	-0.00243531
-690.42904290	-0.00258368
-690.39603960	-0.00273817
-690.36303630	-0.00270961
-690.33003300	-0.00272718
-690.29702970	-0.00251882
-690.26402640	-0.00217431
-690.23102310	-0.00164716
-690.19801980	-0.00096080
-690.16501650	-0.00015725
-690.13201320	0.00071494
-690.09900990	0.00153130
-690.06600660	0.00243568
-690.03300330	0.00316654
-690.00000000	0.00386366
-689.96699670	0.00442697
-689.93399340	0.00490802
-689.90099010	0.00529027
-689.86798680	0.00562678
-689.83498350	0.00567847
-689.80198020	0.00575204
-689.76897690	0.00571651
-689.73597360	0.00555771
-689.70297030	0.00544639
-689.66996700	0.00521015
-689.63696370	0.00492610
-689.60396040	0.00465507
-689.57095710	0.00438644
-689.53795380	0.00409595
-689.50495050	0.00385723
-689.47194719	0.00373591
-689.43894389	0.00360619
-689.40594059	0.00362755
-689.37293729	0.00364408
-689.33993399	0.00369877
-689.30693069	0.00368381
-689.27392739	0.00371952
-689.24092409	0.00377377
-689.20792079	0.00387032
-689.17491749	0.00387671
-689.14191419	0.00381670
-689.10891089	0.00375136
-689.07590759	0.00349641
-689.04290429	0.00321465
-689.00990099	0.00274137
-688.97689769	0.00230667
-688.94389439	0.00180110
-688.91089109	0.00130625
-688.87788779	0.00088705
-688.84488449	0.00056179
-688.81188119	0.00017819
-688.77887789	-0.00011773
-688.74587459	-0.00028734
-688.71287129	-0.00050744
-688.67986799	-0.00076357
-688.64686469	-0.00095745
-688.61386139	-0.00109789
-688.58085809	-0.00131606
-688.54785479	-0.00155540
-688.51485149	-0.00180051
-688.48184818	-0.00198829
-688.44884488	-0.00220998
-688.41584158	-0.00239729
-688.38283828	-0.00252857
-688.34983498	-0.00267822
-688.31683168	-0.00260928
-688.28382838	-0.00266629
-688.25082508	-0.00257372
-688.21782178	-0.00249462
-688.18481848	-0.00244849
-688.15181518	-0.00252359
-688.11881188	-0.00266264
-688.08580858	-0.00273016
-688.05280528	-0.00299852
-688.01980198	-0.00325435
-687.98679868	-0.00333577
-687.95379538	-0.00351850
-687.92079208	-0.00367887
-687.88778878	-0.00378789
-687.85478548	-0.00372354
-687.82178218	-0.00357695
-687.78877888	-0.00337391
-687.75577558	-0.00308979
-687.72277228	-0.00259710
-687.68976898	-0.00220970
-687.65676568	-0.00175543
-687.62376238	-0.00131636
-687.59075908	-0.00082811
-687.55775578	-0.00045885
-687.52475248	0.00001239
-687.49174917	0.00048037
-687.45874587	0.00086016
-687.42574257	0.00115896
-687.39273927	0.00140006
-687.35973597	0.00155255
-687.32673267	0.00161470
-687.29372937	0.00169809
-687.26072607	0.00168078
-687.22772277	0.00168203
-687.19471947	0.00167556
-687.16171617	0.00152330
-687.12871287	0.00145116
-687.09570957	0.00120457
-687.06270627	0.00090704
-687.02970297	0.00069030
-686.99669967	0.00029261
-686.96369637	-0.00000795
-686.93069307	-0.00038407
-686.89768977	-0.00083281
-686.86468647	-0.00125788
-686.83168317	-0.00179689
-686.79867987	-0.00228652
-686.76567657	-0.00276606
-686.73267327	-0.00315354
-686.69966997	-0.00345367
-686.66666667	-0.00367148
-686.63366337	-0.00378064
-686.60066007	-0.00367728
-686.56765677	-0.00361331
-686.53465347	-0.00335608
-686.50165017	-0.00301829
-686.46864686	-0.00273861
-686.43564356	-0.00231127
-686.40264026	-0.00191708
-686.36963696	-0.00155024
-686.33663366	-0.00120425
-686.30363036	-0.00098819
-686.27062706	-0.00084728
-686.23762376	-0.00083384
-686.20462046	-0.00081423
-686.17161716	-0.00095095
-686.13861386	-0.00109074
-686.10561056	-0.00125365
-686.07260726	-0.00134175
-686.03960396	-0.00150755
-686.00660066	-0.00151955
-685.97359736	-0.00153198
-685.94059406	-0.00154833
-685.90759076	-0.00148515
-685.87458746	-0.00132280
-685.84158416	-0.00127597
-685.80858086	-0.00120999
-685.77557756	-0.00120196
-685.74257426	-0.00121640
-685.70957096	-0.00117783
-685.67656766	-0.00113711
-685.64356436	-0.00109660
-685.61056106	-0.00101856
-685.57755776	-0.00101689
-685.54455446	-0.00101837
-685.51155116	-0.00106634
-685.47854785	-0.00108950
-685.44554455	-0.00119454
-685.41254125	-0.00127932
-685.37953795	-0.00138310
-685.34653465	-0.00138270
-685.31353135	-0.00138984
-685.28052805	-0.00138700
-685.24752475	-0.00135448
-685.21452145	-0.00125391
-685.18151815	-0.00117909
-685.14851485	-0.00108699
-685.11551155	-0.00095310
-685.08250825	-0.00088309
-685.04950495	-0.00082036
-685.01650165	-0.00067587
-684.98349835	-0.00065578
-684.95049505	-0.00046983
-684.91749175	-0.00023711
-684.88448845	0.00000283
-684.85148515	0.00030932
-684.81848185	0.00067551
-684.78547855	0.00105003
-684.75247525	0.00145306
-684.71947195	0.00207827
-684.68646865	0.00262490
-684.65346535	0.00327440
-684.62046205	0.00400844
-684.58745875	0.00471717
-684.55445545	0.00551889
-684.52145215	0.00622964
-684.48844884	0.00694287
-684.45544554	0.00764737
-684.42244224	0.00829961
-684.38943894	0.00899370
-684.35643564	0.00952685
-684.32343234	0.01011696
-684.29042904	0.01053075
-684.25742574	0.01112467
-684.22442244	0.01171677
-684.19141914	0.01236585
-684.15841584	0.01310167
-684.12541254	0.01387969
-684.09240924	0.01459917
-684.05940594	0.01536771
-684.02640264	0.01605482
-683.99339934	0.01665806
-683.96039604	0.01735282
-683.92739274	0.01795420
-683.89438944	0.01853019
-683.86138614	0.01913536
-683.82838284	0.01959820
-683.79537954	0.02004768
-683.76237624	0.02046674
-683.72937294	0.02079777
-683.69636964	0.02125577
-683.66336634	0.02152359
-683.63036304	0.02180290
-683.59735974	0.02219794
-683.56435644	0.02229541
-683.53135314	0.02246669
-683.49834983	0.02244330
-683.46534653	0.02235262
-683.43234323	0.02211179
-683.39933993	0.02177818
-683.36633663	0.02112947
-683.33333333	0.02041168
-683.30033003	0.01956463
-683.26732673	0.01844136
-683.23432343	0.01736543
-683.20132013	0.01596149
-683.16831683	0.01466168
-683.13531353	0.01327040
-683.10231023	0.01178319
-683.06930693	0.01035674
-683.03630363	0.00889908
-683.00330033	0.00745010
-682.97029703	0.00603562
-682.93729373	0.00459748
-682.90429043	0.00312267
-682.87128713	0.00171040
-682.83828383	0.00016338
-682.80528053	-0.00136107
-682.77227723	-0.00289621
-682.73927393	-0.00445713
-682.70627063	-0.00616010
-682.67326733	-0.00778138
-682.64026403	-0.00942958
-682.60726073	-0.01112902
-682.57425743	-0.01270853
-682.54125413	-0.01426130
-682.50825083	-0.01573837
-682.47524752	-0.01698578
-682.44224422	-0.01821433
-682.40924092	-0.01920700
-682.37623762	-0.02013898
-682.34323432	-0.02083675
-682.31023102	-0.02158954
-682.27722772	-0.02214648
-682.24422442	-0.02281819
-682.21122112	-0.02335657
-682.17821782	-0.02403966
-682.14521452	-0.02477639
-682.11221122	-0.02556801
-682.07920792	-0.02634583
-682.04620462	-0.02714662
-682.01320132	-0.02773659
-681.98019802	-0.02831908
-681.94719472	-0.02866506
-681.91419142	-0.02890576
-681.88118812	-0.02889985
-681.84818482	-0.02895115
-681.81518152	-0.02866723
-681.78217822	-0.02844639
-681.74917492	-0.02813495
-681.71617162	-0.02773163
-681.68316832	-0.02744163
-681.65016502	-0.02704830
-681.61716172	-0.02676824
-681.58415842	-0.02641801
-681.55115512	-0.02596573
-681.51815182	-0.02550977
-681.48514851	-0.02496678
-681.45214521	-0.02439132
-681.41914191	-0.02374875
-681.38613861	-0.02305386
-681.35313531	-0.02238271
-681.32013201	-0.02172326
-681.28712871	-0.02101023
-681.25412541	-0.02022217
-681.22112211	-0.01953165
-681.18811881	-0.01868879
-681.15511551	-0.01797739
-681.12211221	-0.01705472
-681.08910891	-0.01624018
-681.05610561	-0.01533725
-681.02310231	-0.01443803
-680.99009901	-0.01351143
-680.95709571	-0.01247759
-680.92409241	-0.01144289
-680.89108911	-0.01034062
-680.85808581	-0.00912075
-680.82508251	-0.00792566
-680.79207921	-0.00665193
-680.75907591	-0.00534744
-680.72607261	-0.00402205
-680.69306931	-0.00272467
-680.66006601	-0.00132806
-680.62706271	-0.00002391
-680.59405941	0.00134660
-680.56105611	0.00254126
-680.52805281	0.00368109
-680.49504950	0.00463573
-680.46204620	0.00541107
-680.42904290	0.00598514
-680.39603960	0.00652213
-680.36303630	0.00687480
-680.33003300	0.00726104
-680.29702970	0.00743790
-680.26402640	0.00769776
-680.23102310	0.00791659
-680.19801980	0.00816878
-680.16501650	0.00853667
-680.13201320	0.00883370
-680.09900990	0.00922559
-680.06600660	0.00964970
-680.03300330	0.01003767
-680.00000000	0.01037964
-679.96699670	0.01079721
-679.93399340	0.01114634
-679.90099010	0.01154180
-679.86798680	0.01183927
-679.83498350	0.01205103
-679.80198020	0.01220919
-679.76897690	0.01234540
-679.73597360	0.01230120
-679.70297030	0.01232225
-679.66996700	0.01228083
-679.63696370	0.01224668
-679.60396040	0.01215633
-679.57095710	0.01207082
-679.53795380	0.01196521
-679.50495050	0.01181331
-679.47194719	0.01166888
-679.43894389	0.01153178
-679.40594059	0.01141554
-679.37293729	0.01136577
-679.33993399	0.01124378
-679.30693069	0.01126920
-679.27392739	0.01114764
-679.24092409	0.01118700
-679.20792079	0.01101386
-679.17491749	0.01099708
-679.14191419	0.01088564
-679.10891089	0.01085367
-679.07590759	0.01062383
-679.04290429	0.01053833
-679.00990099	0.01038960
-678.97689769	0.01028249
-678.94389439	0.01019497
-678.91089109	0.01011676
-678.87788779	0.01006197
-678.84488449	0.01001283
-678.81188119	0.00984410
-678.77887789	0.00979063
-678.74587459	0.00948732
-678.71287129	0.00923258
-678.67986799	0.00888741
-678.64686469	0.00845113
-678.61386139	0.00796974
-678.58085809	0.00747239
-678.54785479	0.00678023
-678.51485149	0.00624107
-678.48184818	0.00557229
-678.44884488	0.00511102
-678.41584158	0.00460128
-678.38283828	0.00431107
-678.34983498	0.00402446
-678.31683168	0.00390695
-678.28382838	0.00392036
-678.25082508	0.00398695
-678.21782178	0.00423107
-678.18481848	0.00445406
-678.15181518	0.00485476
-678.11881188	0.00524044
-678.08580858	0.00555550
-678.05280528	0.00588148
-678.01980198	0.00602575
-677.98679868	0.00612405
-677.95379538	0.00617800
-677.92079208	0.00603995
-677.88778878	0.00586138
-677.85478548	0.00561493
-677.82178218	0.00531162
-677.78877888	0.00492828
-677.75577558	0.00452821
-677.72277228	0.00410635
-677.68976898	0.00377096
-677.65676568	0.00342656
-677.62376238	0.00302883
-677.59075908	0.00274206
-677.55775578	0.00255672
-677.52475248	0.00228327
-677.49174917	0.00220941
-677.45874587	0.00208875
-677.42574257	0.00211858
-677.39273927	0.00213191
-677.35973597	0.00231102
-677.32673267	0.00252312
-677.29372937	0.00275360
-677.26072607	0.00307510
-677.22772277	0.00340032
-677.19471947	0.00375270
-677.16171617	0.00390598
-677.12871287	0.00417261
-677.09570957	0.00422819
-677.06270627	0.00432947
-677.02970297	0.00432529
-676.99669967	0.00417287
-676.96369637	0.00392188
-676.93069307	0.00358912
-676.89768977	0.00315769
-676.86468647	0.00247286
-676.83168317	0.00175775
-676.79867987	0.00093983
-676.76567657	0.00019105
-676.73267327	-0.00077125
-676.69966997	-0.00150329
-676.66666667	-0.00227529
-676.63366337	-0.00282053
-676.60066007	-0.00329850
-676.56765677	-0.00355108
-676.53465347	-0.00368210
-676.50165017	-0.00371470
-676.46864686	-0.00366598
-676.43564356	-0.00362039
-676.40264026	-0.00353671
-676.36963696	-0.00348356
-676.33663366	-0.00345573
-676.30363036	-0.00350783
-676.27062706	-0.00355241
-676.23762376	-0.00370045
-676.20462046	-0.00394077
-676.17161716	-0.00413664
-676.13861386	-0.00441496
-676.10561056	-0.00473280
-676.07260726	-0.00504727
-676.03960396	-0.00533624
-676.00660066	-0.00562125
-675.97359736	-0.00589973
-675.94059406	-0.00599919
-675.90759076	-0.00610901
-675.87458746	-0.00610216
-675.84158416	-0.00594267
-675.80858086	-0.00575305
-675.77557756	-0.00543991
-675.74257426	-0.00503631
-675.70957096	-0.00459552
-675.67656766	-0.00403834
-675.64356436	-0.00345692
-675.61056106	-0.00280745
-675.57755776	-0.00212200
-675.54455446	-0.00142814
-675.51155116	-0.00064797
-675.47854785	-0.00000032
-675.44554455	0.00071460
-675.41254125	0.00130248
-675.37953795	0.00196234
-675.34653465	0.00239911
-675.31353135	0.00293237
-675.28052805	0.00328343
-675.24752475	0.00362754
-675.21452145	0.00383541
-675.18151815	0.00393627
-675.14851485	0.00398235
-675.11551155	0.00381345
-675.08250825	0.00369924
-675.04950495	0.00334848
-675.01650165	0.00305617
-674.98349835	0.00261419
-674.95049505	0.00224442
-674.91749175	0.00191186
-674.88448845	0.00166723
-674.85148515	0.00144335
-674.81848185	0.00144760
-674.78547855	0.00143710
-674.75247525	0.00157258
-674.71947195	0.00177727
-674.68646865	0.00205637
-674.65346535	0.00239539
-674.62046205	0.00269259
-674.58745875	0.00306546
-674.55445545	0.00338298
-674.52145215	0.00366737
-674.48844884	0.00384156
-674.45544554	0.00414822
-674.42244224	0.00423985
-674.38943894	0.00443237
-674.35643564	0.00452202
-674.32343234	0.00454950
-674.29042904	0.00453232
-674.25742574	0.00449164
-674.22442244	0.00429493
-674.19141914	0.00419272
-674.15841584	0.00394127
-674.12541254	0.00374382
-674.09240924	0.00353325
-674.05940594	0.00331332
-674.02640264	0.00311133
-673.99339934	0.00295609
-673.96039604	0.00278772
-673.92739274	0.00274516
-673.89438944	0.00271369
-673.86138614	0.00275078
-673.82838284	0.00278820
-673.79537954	0.00286051
-673.76237624	0.00290019
-673.72937294	0.00288807
-673.69636964	0.00285504
-673.66336634	0.00287168
-673.63036304	0.00272263
-673.59735974	0.00261040
-673.56435644	0.00240064
-673.53135314	0.00219691
-673.49834983	0.00186810
-673.46534653	0.00153970
-673.43234323	0.00101217
-673.39933993	0.00053046
-673.36633663	-0.00001425
-673.33333333	-0.00062898
-673.30033003	-0.00131192
-673.26732673	-0.00197380
-673.23432343	-0.00272849
-673.20132013	-0.00328867
-673.16831683	-0.00401661
-673.13531353	-0.00451798
-673.10231023	-0.00501664
-673.06930693	-0.00535691
-673.03630363	-0.00556114
-673.00330033	-0.00578816
-672.97029703	-0.00583729
-672.93729373	-0.00588309
-672.90429043	-0.00591379
-672.87128713	-0.00600618
-672.83828383	-0.00586924
-672.80528053	-0.00597090
-672.77227723	-0.00600190
-672.73927393	-0.00602875
-672.70627063	-0.00605214
-672.67326733	-0.00606944
-672.64026403	-0.00610985
-672.60726073	-0.00597917
-672.57425743	-0.00582704
-672.54125413	-0.00567398
-672.50825083	-0.00523459
-672.47524752	-0.00486090
-672.44224422	-0.00442024
-672.40924092	-0.00384622
-672.37623762	-0.00336624
-672.34323432	-0.00278534
-672.31023102	-0.00226665
-672.27722772	-0.00177767
-672.24422442	-0.00121107
-672.21122112	-0.00070100
-672.17821782	-0.00017490
-672.14521452	0.00035720
-672.11221122	0.00076923
-672.07920792	0.00124929
-672.04620462	0.00155963
-672.01320132	0.00180598
-671.98019802	0.00198561
-671.94719472	0.00206104
-671.91419142	0.00204046
-671.88118812	0.00188862
-671.84818482	0.00169818
-671.81518152	0.00140177
-671.78217822	0.00100906
-671.74917492	0.00049020
-671.71617162	-0.00012549
-671.68316832	-0.00073773
-671.65016502	-0.00144497
-671.61716172	-0.00222306
-671.58415842	-0.00306252
-671.55115512	-0.00394310
-671.51815182	-0.00483177
-671.48514851	-0.00588586
-671.45214521	-0.00678424
-671.41914191	-0.00785317
-671.38613861	-0.00875254
-671.35313531	-0.00963552
-671.32013201	-0.01043817
-671.28712871	-0.01112857
-671.25412541	-0.01170628
-671.22112211	-0.01211893
-671.18811881	-0.01248107
-671.15511551	-0.01261061
-671.12211221	-0.01268082
-671.08910891	-0.01258185
-671.05610561	-0.01236639
-671.02310231	-0.01198272
-670.99009901	-0.01154265
-670.95709571	-0.01096877
-670.92409241	-0.01027281
-670.89108911	-0.00943543
-670.85808581	-0.00855638
-670.82508251	-0.00767863
-670.79207921	-0.00657020
-670.75907591	-0.00566002
-670.72607261	-0.00466914
-670.69306931	-0.00368558
-670.66006601	-0.00287797
-670.62706271	-0.00210628
-670.59405941	-0.00144834
-670.56105611	-0.00090003
-670.52805281	-0.00042489
-670.49504950	-0.00002387
-670.46204620	0.00010274
-670.42904290	0.00022941
-670.39603960	0.00026330
-670.36303630	0.00005714
-670.33003300	-0.00001069
-670.29702970	-0.00020233
-670.26402640	-0.00046609
-670.23102310	-0.00060580
-670.19801980	-0.00079948
-670.16501650	-0.00097953
-670.13201320	-0.00122556
-670.09900990	-0.00132768
-670.06600660	-0.00155982
-670.03300330	-0.00173594
-670.00000000	-0.00186789
-669.96699670	-0.00201883
-669.93399340	-0.00224651
-669.90099010	-0.00236189
-669.86798680	-0.00252248
-669.83498350	-0.00261562
-669.80198020	-0.00282200
-669.76897690	-0.00293554
-669.73597360	-0.00300400
-669.70297030	-0.00311620
-669.66996700	-0.00317673
-669.63696370	-0.00319562
-669.60396040	-0.00322969
-669.57095710	-0.00330496
-669.53795380	-0.00327805
-669.50495050	-0.00327169
-669.47194719	-0.00325492
-669.43894389	-0.00318114
-669.40594059	-0.00312883
-669.37293729	-0.00299189
-669.33993399	-0.00293302
-669.30693069	-0.00272452
-669.27392739	-0.00250609
-669.24092409	-0.00222494
-669.20792079	-0.00194391
-669.17491749	-0.00157236
-669.14191419	-0.00096081
-669.10891089	-0.00039859
-669.07590759	0.00037492
-669.04290429	0.00130501
-669.00990099	0.00222923
-668.97689769	0.00343853
-668.94389439	0.00455532
-668.91089109	0.00574685
-668.87788779	0.00704042
-668.84488449	0.00828532
-668.81188119	0.00931399
-668.77887789	0.01042553
-668.74587459	0.01126513
-668.71287129	0.01199117
-668.67986799	0.01250497
-668.64686469	0.01287709
-668.61386139	0.01297728
-668.58085809	0.01301212
-668.54785479	0.01280011
-668.51485149	0.01239951
-668.48184818	0.01183113
-668.44884488	0.01113459
-668.41584158	0.01023102
-668.38283828	0.00924004
-668.34983498	0.00813436
-668.31683168	0.00695465
-668.28382838	0.00566253
-668.25082508	0.00433355
-668.21782178	0.00303413
-668.18481848	0.00169118
-668.15181518	0.00042616
-668.11881188	-0.00058743
-668.08580858	-0.00163805
-668.05280528	-0.00248655
-668.01980198	-0.00303591
-667.98679868	-0.00345109
-667.95379538	-0.00366443
-667.92079208	-0.00365218
-667.88778878	-0.00343542
-667.85478548	-0.00300116
-667.82178218	-0.00243993
-667.78877888	-0.00172019
-667.75577558	-0.00089132
-667.72277228	-0.00002220
-667.68976898	0.00094896
-667.65676568	0.00196507
-667.62376238	0.00285037
-667.59075908	0.00379914
-667.55775578	0.00469543
-667.52475248	0.00558189
-667.49174917	0.00631386
-667.45874587	0.00684300
-667.42574257	0.00747292
-667.39273927	0.00786234
-667.35973597	0.00809977
-667.32673267	0.00825304
-667.29372937	0.00831891
-667.26072607	0.00827916
-667.22772277	0.00806084
-667.19471947	0.00786231
-667.16171617	0.00746172
-667.12871287	0.00701432
-667.09570957	0.00653223
-667.06270627	0.00593629
-667.02970297	0.00524759
-666.99669967	0.00456669
-666.96369637	0.00383818
-666.93069307	0.00319135
-666.89768977	0.00251047
-666.86468647	0.00191974
-666.83168317	0.00138663
-666.79867987	0.00090708
-666.76567657	0.00052385
-666.73267327	0.00025711
-666.69966997	0.00000160
-666.66666667	-0.00014285
-666.63366337	-0.00013183
-666.60066007	-0.00012205
-666.56765677	0.00007123
-666.53465347	0.00035080
-666.50165017	0.00065837
-666.46864686	0.00113745
-666.43564356	0.00168894
-666.40264026	0.00231585
-666.36963696	0.00284062
-666.33663366	0.00350383
-666.30363036	0.00414446
-666.27062706	0.00474222
-666.23762376	0.00537830
-666.20462046	0.00593867
-666.17161716	0.00641295
-666.13861386	0.00699206
-666.10561056	0.00742059
-666.07260726	0.00784547
-666.03960396	0.00808867
-666.00660066	0.00838290
-665.97359736	0.00851534
-665.94059406	0.00857761
-665.90759076	0.00857158
-665.87458746	0.00854532
-665.84158416	0.00840362
-665.80858086	0.00812965
-665.77557756	0.00786378
-665.74257426	0.00751639
-665.70957096	0.00707241
-665.67656766	0.00655314
-665.64356436	0.00592956
-665.61056106	0.00522534
-665.57755776	0.00449237
-665.54455446	0.00376644
-665.51155116	0.00290954
-665.47854785	0.00194292
-665.44554455	0.00095522
-665.41254125	0.00001366
-665.37953795	-0.00105293
-665.34653465	-0.00207569
-665.31353135	-0.00296454
-665.28052805	-0.00399724
-665.24752475	-0.00478640
-665.21452145	-0.00543523
-665.18151815	-0.00612553
-665.14851485	-0.00662381
-665.11551155	-0.00698280
-665.08250825	-0.00734260
-665.04950495	-0.00752287
-665.01650165	-0.00758878
-664.98349835	-0.00756592
-664.95049505	-0.00746480
-664.91749175	-0.00724314
-664.88448845	-0.00690452
-664.85148515	-0.00650561
-664.81848185	-0.00594827
-664.78547855	-0.00525755
-664.75247525	-0.00452639
-664.71947195	-0.00365456
-664.68646865	-0.00287750
-664.65346535	-0.00213095
-664.62046205	-0.00127966
-664.58745875	-0.00059265
-664.55445545	-0.00001563
-664.52145215	0.00044569
-664.48844884	0.00074434
-664.45544554	0.00096733
-664.42244224	0.00101780
-664.38943894	0.00093124
-664.35643564	0.00073056
-664.32343234	0.00045795
-664.29042904	0.00012332
-664.25742574	-0.00037792
-664.22442244	-0.00094608
-664.19141914	-0.00157668
-664.15841584	-0.00219263
-664.12541254	-0.00282831
-664.09240924	-0.00349794
-664.05940594	-0.00409000
-664.02640264	-0.00479538
-663.99339934	-0.00533740
-663.96039604	-0.00583969
-663.92739274	-0.00620094
-663.89438944	-0.00638611
-663.86138614	-0.00659875
-663.82838284	-0.00663569
-663.79537954	-0.00646900
-663.76237624	-0.00631457
-663.72937294	-0.00601999
-663.69636964	-0.00563639
-663.66336634	-0.00523439
-663.63036304	-0.00467565
-663.59735974	-0.00415041
-663.56435644	-0.00369063
-663.53135314	-0.00320622
-663.49834983	-0.00270269
-663.46534653	-0.00227003
-663.43234323	-0.00191191
-663.39933993	-0.00156058
-663.36633663	-0.00125829
-663.33333333	-0.00098360
-663.30033003	-0.00070623
-663.26732673	-0.00037015
-663.23432343	-0.00014422
-663.20132013	0.00003624
-663.16831683	0.00029204
-663.13531353	0.00046999
-663.10231023	0.00059368
-663.06930693	0.00066242
-663.03630363	0.00068760
-663.00330033	0.00073123
-662.97029703	0.00078279
-662.93729373	0.00074312
-662.90429043	0.00070071
-662.87128713	0.00060783
-662.83828383	0.00055058
-662.80528053	0.00056716
-662.77227723	0.00059306
-662.73927393	0.00060499
-662.70627063	0.00064919
-662.67326733	0.00068517
-662.64026403	0.00078016
-662.60726073	0.00088148
-662.57425743	0.00091381
-662.54125413	0.00101017
-662.50825083	0.00105972
-662.47524752	0.00102069
-662.44224422	0.00094694
-662.40924092	0.00082103
-662.37623762	0.00061700
-662.34323432	0.00039265
-662.31023102	0.00006313
-662.27722772	-0.00029530
-662.24422442	-0.00059206
-662.21122112	-0.00100036
-662.17821782	-0.00130745
-662.14521452	-0.00162281
-662.11221122	-0.00197959
-662.07920792	-0.00219491
-662.04620462	-0.00231285
-662.01320132	-0.00240132
-661.98019802	-0.00236039
-661.94719472	-0.00224478
-661.91419142	-0.00212799
-661.88118812	-0.00196743
-661.84818482	-0.00178746
-661.81518152	-0.00157956
-661.78217822	-0.00140219
-661.74917492	-0.00135513
-661.71617162	-0.00128227
-661.68316832	-0.00131682
-661.65016502	-0.00128620
-661.61716172	-0.00135244
-661.58415842	-0.00150347
-661.55115512	-0.00172254
-661.51815182	-0.00193498
-661.48514851	-0.00223546
-661.45214521	-0.00250178
-661.41914191	-0.00284195
-661.38613861	-0.00312066
-661.35313531	-0.00343478
-661.32013201	-0.00382862
-661.28712871	-0.00409952
-661.25412541	-0.00435844
-661.22112211	-0.00456952
-661.18811881	-0.00468227
-661.15511551	-0.00472252
-661.12211221	-0.00452743
-661.08910891	-0.00425058
-661.05610561	-0.00382068
-661.02310231	-0.00328635
-660.99009901	-0.00266796
-660.95709571	-0.00191479
-660.92409241	-0.00115163
-660.89108911	-0.00034790
-660.85808581	0.00038225
-660.82508251	0.00114273
-660.79207921	0.00179061
-660.75907591	0.00234887
-660.72607261	0.00276442
-660.69306931	0.00308126
-660.66006601	0.00326376
-660.62706271	0.00318899
-660.59405941	0.00308862
-660.56105611	0.00281182
-660.52805281	0.00237475
-660.49504950	0.00189444
-660.46204620	0.00124291
-660.42904290	0.00060920
-660.39603960	-0.00005537
-660.36303630	-0.00078670
-660.33003300	-0.00129881
-660.29702970	-0.00187939
-660.26402640	-0.00240367
-660.23102310	-0.00280438
-660.19801980	-0.00316181
-660.16501650	-0.00344584
-660.13201320	-0.00365701
-660.09900990	-0.00372674
-660.06600660	-0.00385849
-660.03300330	-0.00390373
-660.00000000	-0.00391087
