# Menlo Systems GmbH ScanControl
# Program Version 1.14.3
# Start: -740.00000000 ps, Average over 3000 waveforms. Timestamp: 2026-03-04T14:20:26
# User time axis shift: 0 ps
# Time axis offset: 0 ps
# Time [ps]	THz Signal [a.u.]
-740.00000000	0.00012090
-739.96699670	0.00010657
-739.93399340	0.00007913
-739.90099010	0.00009677
-739.86798680	0.00008266
-739.83498350	0.00008998
-739.80198020	0.00009883
-739.76897690	0.00003754
-739.73597360	0.00004876
-739.70297030	0.00006111
-739.66996700	0.00002463
-739.63696370	-0.00005721
-739.60396040	-0.00000193
-739.57095710	0.00001996
-739.53795380	-0.00000863
-739.50495050	-0.00002603
-739.47194719	-0.00001801
-739.43894389	-0.00007281
-739.40594059	-0.00006733
-739.37293729	-0.00005171
-739.33993399	-0.00008243
-739.30693069	-0.00004894
-739.27392739	-0.00005552
-739.24092409	0.00000402
-739.20792079	-0.00009011
-739.17491749	-0.00005507
-739.14191419	-0.00007942
-739.10891089	-0.00005871
-739.07590759	-0.00002911
-739.04290429	-0.00006789
-739.00990099	0.00001519
-738.97689769	-0.00005795
-738.94389439	-0.00001772
-738.91089109	-0.00006512
-738.87788779	-0.00002434
-738.84488449	-0.00002261
-738.81188119	-0.00006086
-738.77887789	0.00002698
-738.74587459	0.00005527
-738.71287129	0.00000111
-738.67986799	0.00002197
-738.64686469	0.00007855
-738.61386139	0.00004926
-738.58085809	0.00002634
-738.54785479	0.00006391
-738.51485149	-0.00003536
-738.48184818	0.00000553
-738.44884488	-0.00000098
-738.41584158	-0.00002166
-738.38283828	-0.00003678
-738.34983498	-0.00005171
-738.31683168	-0.00007714
-738.28382838	-0.00007646
-738.25082508	-0.00006697
-738.21782178	-0.00007047
-738.18481848	-0.00006310
-738.15181518	-0.00007007
-738.11881188	-0.00009219
-738.08580858	-0.00009462
-738.05280528	-0.00008266
-738.01980198	-0.00010368
-737.98679868	-0.00007531
-737.95379538	-0.00015453
-737.92079208	-0.00015407
-737.88778878	-0.00018943
-737.85478548	-0.00015433
-737.82178218	-0.00012824
-737.78877888	-0.00017156
-737.75577558	-0.00020417
-737.72277228	-0.00019454
-737.68976898	-0.00019343
-737.65676568	-0.00020770
-737.62376238	-0.00018405
-737.59075908	-0.00020237
-737.55775578	-0.00019085
-737.52475248	-0.00022262
-737.49174917	-0.00020281
-737.45874587	-0.00019506
-737.42574257	-0.00015687
-737.39273927	-0.00017563
-737.35973597	-0.00016714
-737.32673267	-0.00009409
-737.29372937	-0.00010074
-737.26072607	-0.00005201
-737.22772277	-0.00004631
-737.19471947	-0.00008492
-737.16171617	-0.00008530
-737.12871287	-0.00001015
-737.09570957	-0.00002556
-737.06270627	-0.00005263
-737.02970297	0.00001716
-736.99669967	0.00004831
-736.96369637	0.00005635
-736.93069307	0.00003453
-736.89768977	0.00001996
-736.86468647	0.00006340
-736.83168317	0.00006629
-736.79867987	0.00006823
-736.76567657	0.00006776
-736.73267327	0.00012272
-736.69966997	0.00019410
-736.66666667	0.00014885
-736.63366337	0.00016599
-736.60066007	0.00016646
-736.56765677	0.00015989
-736.53465347	0.00019814
-736.50165017	0.00021533
-736.46864686	0.00021579
-736.43564356	0.00021219
-736.40264026	0.00029777
-736.36963696	0.00025834
-736.33663366	0.00023898
-736.30363036	0.00023135
-736.27062706	0.00026861
-736.23762376	0.00026711
-736.20462046	0.00024037
-736.17161716	0.00030185
-736.13861386	0.00024678
-736.10561056	0.00021706
-736.07260726	0.00020755
-736.03960396	0.00026018
-736.00660066	0.00020800
-735.97359736	0.00024498
-735.94059406	0.00021584
-735.90759076	0.00025506
-735.87458746	0.00023489
-735.84158416	0.00014489
-735.80858086	0.00011264
-735.77557756	0.00017093
-735.74257426	0.00015777
-735.70957096	0.00016746
-735.67656766	0.00019054
-735.64356436	0.00014935
-735.61056106	0.00012733
-735.57755776	0.00016390
-735.54455446	0.00013391
-735.51155116	0.00015949
-735.47854785	0.00013793
-735.44554455	0.00015327
-735.41254125	0.00019342
-735.37953795	0.00011329
-735.34653465	0.00014515
-735.31353135	0.00013036
-735.28052805	0.00011015
-735.24752475	0.00014545
-735.21452145	0.00015528
-735.18151815	0.00018581
-735.14851485	0.00016660
-735.11551155	0.00018242
-735.08250825	0.00021081
-735.04950495	0.00027459
-735.01650165	0.00024699
-734.98349835	0.00023205
-734.95049505	0.00031854
-734.91749175	0.00029129
-734.88448845	0.00028166
-734.85148515	0.00032168
-734.81848185	0.00028011
-734.78547855	0.00037617
-734.75247525	0.00033454
-734.71947195	0.00034345
-734.68646865	0.00038370
-734.65346535	0.00037704
-734.62046205	0.00036494
-734.58745875	0.00038960
-734.55445545	0.00038907
-734.52145215	0.00045746
-734.48844884	0.00040621
-734.45544554	0.00038150
-734.42244224	0.00046199
-734.38943894	0.00042254
-734.35643564	0.00038732
-734.32343234	0.00045423
-734.29042904	0.00048171
-734.25742574	0.00049274
-734.22442244	0.00043092
-734.19141914	0.00044239
-734.15841584	0.00047039
-734.12541254	0.00049886
-734.09240924	0.00042612
-734.05940594	0.00046023
-734.02640264	0.00042071
-733.99339934	0.00040088
-733.96039604	0.00045548
-733.92739274	0.00042299
-733.89438944	0.00048156
-733.86138614	0.00043370
-733.82838284	0.00042349
-733.79537954	0.00044760
-733.76237624	0.00037015
-733.72937294	0.00045040
-733.69636964	0.00046673
-733.66336634	0.00038529
-733.63036304	0.00041677
-733.59735974	0.00042432
-733.56435644	0.00041603
-733.53135314	0.00046790
-733.49834983	0.00041251
-733.46534653	0.00043995
-733.43234323	0.00042847
-733.39933993	0.00046539
-733.36633663	0.00042468
-733.33333333	0.00047686
-733.30033003	0.00054144
-733.26732673	0.00046995
-733.23432343	0.00047223
-733.20132013	0.00051032
-733.16831683	0.00048332
-733.13531353	0.00047289
-733.10231023	0.00059762
-733.06930693	0.00053991
-733.03630363	0.00052907
-733.00330033	0.00056149
-732.97029703	0.00058756
-732.93729373	0.00055443
-732.90429043	0.00057884
-732.87128713	0.00057536
-732.83828383	0.00062227
-732.80528053	0.00062921
-732.77227723	0.00065046
-732.73927393	0.00059987
-732.70627063	0.00062553
-732.67326733	0.00065784
-732.64026403	0.00070420
-732.60726073	0.00067106
-732.57425743	0.00071963
-732.54125413	0.00070825
-732.50825083	0.00071272
-732.47524752	0.00074048
-732.44224422	0.00072706
-732.40924092	0.00077179
-732.37623762	0.00077326
-732.34323432	0.00075860
-732.31023102	0.00079550
-732.27722772	0.00081836
-732.24422442	0.00076941
-732.21122112	0.00078008
-732.17821782	0.00083192
-732.14521452	0.00077651
-732.11221122	0.00080663
-732.07920792	0.00080683
-732.04620462	0.00079401
-732.01320132	0.00081105
-731.98019802	0.00078908
-731.94719472	0.00072769
-731.91419142	0.00076845
-731.88118812	0.00075025
-731.84818482	0.00069143
-731.81518152	0.00067712
-731.78217822	0.00068003
-731.74917492	0.00062466
-731.71617162	0.00055868
-731.68316832	0.00058730
-731.65016502	0.00047574
-731.61716172	0.00046219
-731.58415842	0.00038688
-731.55115512	0.00035983
-731.51815182	0.00027381
-731.48514851	0.00023154
-731.45214521	0.00022553
-731.41914191	0.00013169
-731.38613861	0.00008345
-731.35313531	0.00005237
-731.32013201	-0.00000543
-731.28712871	-0.00011563
-731.25412541	-0.00008351
-731.22112211	-0.00013259
-731.18811881	-0.00018983
-731.15511551	-0.00018481
-731.12211221	-0.00024095
-731.08910891	-0.00028043
-731.05610561	-0.00023616
-731.02310231	-0.00031503
-730.99009901	-0.00028434
-730.95709571	-0.00020866
-730.92409241	-0.00031635
-730.89108911	-0.00028286
-730.85808581	-0.00020257
-730.82508251	-0.00024788
-730.79207921	-0.00017364
-730.75907591	-0.00014102
-730.72607261	-0.00011952
-730.69306931	-0.00006527
-730.66006601	-0.00004931
-730.62706271	0.00006425
-730.59405941	0.00001808
-730.56105611	0.00013101
-730.52805281	0.00015281
-730.49504950	0.00019695
-730.46204620	0.00026192
-730.42904290	0.00032196
-730.39603960	0.00035051
-730.36303630	0.00041845
-730.33003300	0.00043045
-730.29702970	0.00053634
-730.26402640	0.00060178
-730.23102310	0.00059871
-730.19801980	0.00068043
-730.16501650	0.00065848
-730.13201320	0.00078010
-730.09900990	0.00074815
-730.06600660	0.00078557
-730.03300330	0.00083438
-730.00000000	0.00083957
-729.96699670	0.00087419
-729.93399340	0.00094576
-729.90099010	0.00090289
-729.86798680	0.00089129
-729.83498350	0.00098836
-729.80198020	0.00092262
-729.76897690	0.00094575
-729.73597360	0.00095506
-729.70297030	0.00093033
-729.66996700	0.00091386
-729.63696370	0.00093367
-729.60396040	0.00090670
-729.57095710	0.00093922
-729.53795380	0.00085555
-729.50495050	0.00080585
-729.47194719	0.00083521
-729.43894389	0.00076907
-729.40594059	0.00073746
-729.37293729	0.00070982
-729.33993399	0.00067426
-729.30693069	0.00066236
-729.27392739	0.00059272
-729.24092409	0.00050343
-729.20792079	0.00050033
-729.17491749	0.00041356
-729.14191419	0.00034390
-729.10891089	0.00033488
-729.07590759	0.00024358
-729.04290429	0.00015981
-729.00990099	0.00016401
-728.97689769	-0.00004195
-728.94389439	-0.00005569
-728.91089109	-0.00013777
-728.87788779	-0.00019714
-728.84488449	-0.00030694
-728.81188119	-0.00034171
-728.77887789	-0.00047488
-728.74587459	-0.00057191
-728.71287129	-0.00067358
-728.67986799	-0.00076648
-728.64686469	-0.00086966
-728.61386139	-0.00095177
-728.58085809	-0.00110972
-728.54785479	-0.00123189
-728.51485149	-0.00127149
-728.48184818	-0.00143565
-728.44884488	-0.00150614
-728.41584158	-0.00164380
-728.38283828	-0.00170476
-728.34983498	-0.00181206
-728.31683168	-0.00190774
-728.28382838	-0.00197804
-728.25082508	-0.00211222
-728.21782178	-0.00216548
-728.18481848	-0.00218267
-728.15181518	-0.00228149
-728.11881188	-0.00229099
-728.08580858	-0.00237806
-728.05280528	-0.00230593
-728.01980198	-0.00238033
-727.98679868	-0.00232516
-727.95379538	-0.00230352
-727.92079208	-0.00217764
-727.88778878	-0.00223513
-727.85478548	-0.00207723
-727.82178218	-0.00193767
-727.78877888	-0.00183580
-727.75577558	-0.00172621
-727.72277228	-0.00154250
-727.68976898	-0.00140605
-727.65676568	-0.00116782
-727.62376238	-0.00100419
-727.59075908	-0.00079095
-727.55775578	-0.00064637
-727.52475248	-0.00041193
-727.49174917	-0.00024328
-727.45874587	-0.00010566
-727.42574257	0.00017847
-727.39273927	0.00027668
-727.35973597	0.00049461
-727.32673267	0.00062378
-727.29372937	0.00078555
-727.26072607	0.00098587
-727.22772277	0.00098502
-727.19471947	0.00125329
-727.16171617	0.00131895
-727.12871287	0.00142962
-727.09570957	0.00153744
-727.06270627	0.00166585
-727.02970297	0.00168822
-726.99669967	0.00194307
-726.96369637	0.00189710
-726.93069307	0.00204699
-726.89768977	0.00217355
-726.86468647	0.00221167
-726.83168317	0.00241764
-726.79867987	0.00240803
-726.76567657	0.00261018
-726.73267327	0.00270852
-726.69966997	0.00282827
-726.66666667	0.00297364
-726.63366337	0.00311472
-726.60066007	0.00325205
-726.56765677	0.00342051
-726.53465347	0.00356703
-726.50165017	0.00378740
-726.46864686	0.00393370
-726.43564356	0.00414433
-726.40264026	0.00427963
-726.36963696	0.00455567
-726.33663366	0.00466384
-726.30363036	0.00490826
-726.27062706	0.00512151
-726.23762376	0.00528181
-726.20462046	0.00546244
-726.17161716	0.00559436
-726.13861386	0.00578903
-726.10561056	0.00593719
-726.07260726	0.00604580
-726.03960396	0.00620133
-726.00660066	0.00622381
-725.97359736	0.00636110
-725.94059406	0.00639199
-725.90759076	0.00645606
-725.87458746	0.00647681
-725.84158416	0.00649958
-725.80858086	0.00653626
-725.77557756	0.00652356
-725.74257426	0.00653073
-725.70957096	0.00654229
-725.67656766	0.00657022
-725.64356436	0.00646322
-725.61056106	0.00659908
-725.57755776	0.00653578
-725.54455446	0.00657815
-725.51155116	0.00660720
-725.47854785	0.00658219
-725.44554455	0.00674455
-725.41254125	0.00668259
-725.37953795	0.00687398
-725.34653465	0.00695406
-725.31353135	0.00706790
-725.28052805	0.00730029
-725.24752475	0.00746337
-725.21452145	0.00781391
-725.18151815	0.00796414
-725.14851485	0.00843428
-725.11551155	0.00869676
-725.08250825	0.00914349
-725.04950495	0.00957068
-725.01650165	0.01004834
-724.98349835	0.01056562
-724.95049505	0.01107677
-724.91749175	0.01169608
-724.88448845	0.01233975
-724.85148515	0.01296841
-724.81848185	0.01371279
-724.78547855	0.01450125
-724.75247525	0.01539030
-724.71947195	0.01620426
-724.68646865	0.01722397
-724.65346535	0.01818908
-724.62046205	0.01930969
-724.58745875	0.02037658
-724.55445545	0.02153212
-724.52145215	0.02267724
-724.48844884	0.02380162
-724.45544554	0.02498468
-724.42244224	0.02603402
-724.38943894	0.02702983
-724.35643564	0.02791707
-724.32343234	0.02875662
-724.29042904	0.02936613
-724.25742574	0.02980504
-724.22442244	0.03012517
-724.19141914	0.03012700
-724.15841584	0.02996825
-724.12541254	0.02945785
-724.09240924	0.02878386
-724.05940594	0.02767232
-724.02640264	0.02641721
-723.99339934	0.02467302
-723.96039604	0.02273678
-723.92739274	0.02025945
-723.89438944	0.01765100
-723.86138614	0.01445707
-723.82838284	0.01102424
-723.79537954	0.00715903
-723.76237624	0.00289076
-723.72937294	-0.00180763
-723.69636964	-0.00698057
-723.66336634	-0.01240150
-723.63036304	-0.01838202
-723.59735974	-0.02453248
-723.56435644	-0.03108949
-723.53135314	-0.03783924
-723.49834983	-0.04487175
-723.46534653	-0.05189887
-723.43234323	-0.05899880
-723.39933993	-0.06603688
-723.36633663	-0.07298579
-723.33333333	-0.07966861
-723.30033003	-0.08613733
-723.26732673	-0.09211725
-723.23432343	-0.09772340
-723.20132013	-0.10271598
-723.16831683	-0.10713999
-723.13531353	-0.11090415
-723.10231023	-0.11388587
-723.06930693	-0.11611898
-723.03630363	-0.11749600
-723.00330033	-0.11796718
-722.97029703	-0.11751391
-722.93729373	-0.11608326
-722.90429043	-0.11379956
-722.87128713	-0.11037198
-722.83828383	-0.10609623
-722.80528053	-0.10077672
-722.77227723	-0.09474420
-722.73927393	-0.08786404
-722.70627063	-0.08037256
-722.67326733	-0.07232153
-722.64026403	-0.06402025
-722.60726073	-0.05543029
-722.57425743	-0.04681950
-722.54125413	-0.03834577
-722.50825083	-0.03003042
-722.47524752	-0.02204439
-722.44224422	-0.01450193
-722.40924092	-0.00743808
-722.37623762	-0.00085077
-722.34323432	0.00522391
-722.31023102	0.01069811
-722.27722772	0.01573676
-722.24422442	0.02033570
-722.21122112	0.02435624
-722.17821782	0.02802181
-722.14521452	0.03109650
-722.11221122	0.03392803
-722.07920792	0.03618320
-722.04620462	0.03826923
-722.01320132	0.03991494
-721.98019802	0.04135363
-721.94719472	0.04260185
-721.91419142	0.04367836
-721.88118812	0.04461413
-721.84818482	0.04547640
-721.81518152	0.04622906
-721.78217822	0.04679381
-721.74917492	0.04735806
-721.71617162	0.04769712
-721.68316832	0.04802331
-721.65016502	0.04821500
-721.61716172	0.04840848
-721.58415842	0.04848568
-721.55115512	0.04840825
-721.51815182	0.04838484
-721.48514851	0.04815249
-721.45214521	0.04787184
-721.41914191	0.04738929
-721.38613861	0.04699436
-721.35313531	0.04634383
-721.32013201	0.04570630
-721.28712871	0.04491389
-721.25412541	0.04407717
-721.22112211	0.04317769
-721.18811881	0.04213768
-721.15511551	0.04097843
-721.12211221	0.03973577
-721.08910891	0.03830391
-721.05610561	0.03685096
-721.02310231	0.03525212
-720.99009901	0.03349513
-720.95709571	0.03179024
-720.92409241	0.02993642
-720.89108911	0.02817867
-720.85808581	0.02642817
-720.82508251	0.02477127
-720.79207921	0.02316917
-720.75907591	0.02165096
-720.72607261	0.02037843
-720.69306931	0.01924425
-720.66006601	0.01837348
-720.62706271	0.01775147
-720.59405941	0.01739730
-720.56105611	0.01739496
-720.52805281	0.01775332
-720.49504950	0.01837994
-720.46204620	0.01949550
-720.42904290	0.02097347
-720.39603960	0.02295653
-720.36303630	0.02526036
-720.33003300	0.02809737
-720.29702970	0.03128791
-720.26402640	0.03511949
-720.23102310	0.03922006
-720.19801980	0.04386122
-720.16501650	0.04887621
-720.13201320	0.05425514
-720.09900990	0.06010698
-720.06600660	0.06630110
-720.03300330	0.07279231
-720.00000000	0.07973796
-719.96699670	0.08685908
-719.93399340	0.09416875
-719.90099010	0.10175531
-719.86798680	0.10932280
-719.83498350	0.11706967
-719.80198020	0.12476243
-719.76897690	0.13226431
-719.73597360	0.13967803
-719.70297030	0.14669733
-719.66996700	0.15324177
-719.63696370	0.15939508
-719.60396040	0.16473016
-719.57095710	0.16939985
-719.53795380	0.17308587
-719.50495050	0.17566852
-719.47194719	0.17711334
-719.43894389	0.17713585
-719.40594059	0.17572872
-719.37293729	0.17264477
-719.33993399	0.16784558
-719.30693069	0.16113037
-719.27392739	0.15240899
-719.24092409	0.14159079
-719.20792079	0.12869404
-719.17491749	0.11354048
-719.14191419	0.09635050
-719.10891089	0.07681522
-719.07590759	0.05538497
-719.04290429	0.03197409
-719.00990099	0.00672110
-718.97689769	-0.02012840
-718.94389439	-0.04849916
-718.91089109	-0.07798015
-718.87788779	-0.10837187
-718.84488449	-0.13941230
-718.81188119	-0.17064586
-718.77887789	-0.20188226
-718.74587459	-0.23267869
-718.71287129	-0.26279594
-718.67986799	-0.29185936
-718.64686469	-0.31931285
-718.61386139	-0.34521338
-718.58085809	-0.36884843
-718.54785479	-0.39009081
-718.51485149	-0.40867002
-718.48184818	-0.42433634
-718.44884488	-0.43677617
-718.41584158	-0.44594573
-718.38283828	-0.45155193
-718.34983498	-0.45372453
-718.31683168	-0.45222121
-718.28382838	-0.44717707
-718.25082508	-0.43863056
-718.21782178	-0.42657978
-718.18481848	-0.41122588
-718.15181518	-0.39273298
-718.11881188	-0.37144730
-718.08580858	-0.34746896
-718.05280528	-0.32102964
-718.01980198	-0.29266491
-717.98679868	-0.26248416
-717.95379538	-0.23073064
-717.92079208	-0.19799253
-717.88778878	-0.16458363
-717.85478548	-0.13057897
-717.82178218	-0.09655454
-717.78877888	-0.06264418
-717.75577558	-0.02934182
-717.72277228	0.00318520
-717.68976898	0.03459547
-717.65676568	0.06472115
-717.62376238	0.09339340
-717.59075908	0.12029866
-717.55775578	0.14530426
-717.52475248	0.16834029
-717.49174917	0.18933500
-717.45874587	0.20811008
-717.42574257	0.22464786
-717.39273927	0.23894952
-717.35973597	0.25110558
-717.32673267	0.26102943
-717.29372937	0.26864992
-717.26072607	0.27438857
-717.22772277	0.27802477
-717.19471947	0.27968191
-717.16171617	0.27968130
-717.12871287	0.27795964
-717.09570957	0.27460948
-717.06270627	0.26985794
-717.02970297	0.26377851
-716.99669967	0.25661381
-716.96369637	0.24831856
-716.93069307	0.23910078
-716.89768977	0.22916357
-716.86468647	0.21860692
-716.83168317	0.20754798
-716.79867987	0.19599311
-716.76567657	0.18426799
-716.73267327	0.17234951
-716.69966997	0.16029501
-716.66666667	0.14836090
-716.63366337	0.13642976
-716.60066007	0.12463943
-716.56765677	0.11316991
-716.53465347	0.10190024
-716.50165017	0.09091848
-716.46864686	0.08035207
-716.43564356	0.07013529
-716.40264026	0.06040695
-716.36963696	0.05113134
-716.33663366	0.04224258
-716.30363036	0.03388960
-716.27062706	0.02599323
-716.23762376	0.01859855
-716.20462046	0.01169599
-716.17161716	0.00527947
-716.13861386	-0.00060331
-716.10561056	-0.00615948
-716.07260726	-0.01103308
-716.03960396	-0.01550787
-716.00660066	-0.01954568
-715.97359736	-0.02311563
-715.94059406	-0.02625383
-715.90759076	-0.02884939
-715.87458746	-0.03122195
-715.84158416	-0.03313587
-715.80858086	-0.03455896
-715.77557756	-0.03584942
-715.74257426	-0.03666379
-715.70957096	-0.03727783
-715.67656766	-0.03754677
-715.64356436	-0.03766762
-715.61056106	-0.03751267
-715.57755776	-0.03724507
-715.54455446	-0.03674513
-715.51155116	-0.03617230
-715.47854785	-0.03544037
-715.44554455	-0.03460708
-715.41254125	-0.03366364
-715.37953795	-0.03264790
-715.34653465	-0.03148492
-715.31353135	-0.03028458
-715.28052805	-0.02905730
-715.24752475	-0.02774797
-715.21452145	-0.02629560
-715.18151815	-0.02502315
-715.14851485	-0.02368872
-715.11551155	-0.02232176
-715.08250825	-0.02109892
-715.04950495	-0.02001879
-715.01650165	-0.01886197
-714.98349835	-0.01795489
-714.95049505	-0.01704220
-714.91749175	-0.01633571
-714.88448845	-0.01569943
-714.85148515	-0.01511125
-714.81848185	-0.01461927
-714.78547855	-0.01427492
-714.75247525	-0.01389999
-714.71947195	-0.01367486
-714.68646865	-0.01341688
-714.65346535	-0.01323470
-714.62046205	-0.01304469
-714.58745875	-0.01288584
-714.55445545	-0.01266733
-714.52145215	-0.01260491
-714.48844884	-0.01245665
-714.45544554	-0.01220535
-714.42244224	-0.01207046
-714.38943894	-0.01191958
-714.35643564	-0.01168218
-714.32343234	-0.01154259
-714.29042904	-0.01137348
-714.25742574	-0.01116465
-714.22442244	-0.01105752
-714.19141914	-0.01084553
-714.15841584	-0.01065264
-714.12541254	-0.01043049
-714.09240924	-0.01017609
-714.05940594	-0.00998122
-714.02640264	-0.00966167
-713.99339934	-0.00926544
-713.96039604	-0.00899897
-713.92739274	-0.00859390
-713.89438944	-0.00819575
-713.86138614	-0.00776811
-713.82838284	-0.00733577
-713.79537954	-0.00691223
-713.76237624	-0.00645725
-713.72937294	-0.00602238
-713.69636964	-0.00559845
-713.66336634	-0.00516135
-713.63036304	-0.00473288
-713.59735974	-0.00439227
-713.56435644	-0.00413551
-713.53135314	-0.00374454
-713.49834983	-0.00363501
-713.46534653	-0.00338789
-713.43234323	-0.00316190
-713.39933993	-0.00300409
-713.36633663	-0.00272525
-713.33333333	-0.00254248
-713.30033003	-0.00225453
-713.26732673	-0.00200068
-713.23432343	-0.00177094
-713.20132013	-0.00154545
-713.16831683	-0.00142687
-713.13531353	-0.00122341
-713.10231023	-0.00122997
-713.06930693	-0.00117686
-713.03630363	-0.00116253
-713.00330033	-0.00132353
-712.97029703	-0.00142534
-712.93729373	-0.00166544
-712.90429043	-0.00199410
-712.87128713	-0.00240127
-712.83828383	-0.00288417
-712.80528053	-0.00343793
-712.77227723	-0.00407731
-712.73927393	-0.00466076
-712.70627063	-0.00527820
-712.67326733	-0.00589858
-712.64026403	-0.00647523
-712.60726073	-0.00711306
-712.57425743	-0.00769911
-712.54125413	-0.00825519
-712.50825083	-0.00882758
-712.47524752	-0.00935028
-712.44224422	-0.00985312
-712.40924092	-0.01028999
-712.37623762	-0.01059382
-712.34323432	-0.01091388
-712.31023102	-0.01122118
-712.27722772	-0.01133143
-712.24422442	-0.01141535
-712.21122112	-0.01150624
-712.17821782	-0.01131213
-712.14521452	-0.01115708
-712.11221122	-0.01094587
-712.07920792	-0.01058232
-712.04620462	-0.01025900
-712.01320132	-0.00976463
-711.98019802	-0.00915833
-711.94719472	-0.00856396
-711.91419142	-0.00780423
-711.88118812	-0.00710445
-711.84818482	-0.00627549
-711.81518152	-0.00539451
-711.78217822	-0.00453032
-711.74917492	-0.00373277
-711.71617162	-0.00281972
-711.68316832	-0.00201848
-711.65016502	-0.00119261
-711.61716172	-0.00044816
-711.58415842	0.00025641
-711.55115512	0.00094771
-711.51815182	0.00145052
-711.48514851	0.00191152
-711.45214521	0.00242755
-711.41914191	0.00272836
-711.38613861	0.00297621
-711.35313531	0.00321449
-711.32013201	0.00335429
-711.28712871	0.00336363
-711.25412541	0.00341191
-711.22112211	0.00332568
-711.18811881	0.00308835
-711.15511551	0.00292291
-711.12211221	0.00255061
-711.08910891	0.00215950
-711.05610561	0.00167684
-711.02310231	0.00102675
-710.99009901	0.00036899
-710.95709571	-0.00035504
-710.92409241	-0.00119565
-710.89108911	-0.00210811
-710.85808581	-0.00306337
-710.82508251	-0.00402277
-710.79207921	-0.00505337
-710.75907591	-0.00605029
-710.72607261	-0.00706774
-710.69306931	-0.00794890
-710.66006601	-0.00879709
-710.62706271	-0.00961433
-710.59405941	-0.01029761
-710.56105611	-0.01090093
-710.52805281	-0.01131425
-710.49504950	-0.01168109
-710.46204620	-0.01189425
-710.42904290	-0.01195627
-710.39603960	-0.01190548
-710.36303630	-0.01173189
-710.33003300	-0.01134395
-710.29702970	-0.01082319
-710.26402640	-0.01017130
-710.23102310	-0.00941492
-710.19801980	-0.00847162
-710.16501650	-0.00745453
-710.13201320	-0.00628516
-710.09900990	-0.00509939
-710.06600660	-0.00374119
-710.03300330	-0.00241208
-710.00000000	-0.00096655
-709.96699670	0.00052845
-709.93399340	0.00198170
-709.90099010	0.00345217
-709.86798680	0.00500301
-709.83498350	0.00641880
-709.80198020	0.00785482
-709.76897690	0.00923215
-709.73597360	0.01048902
-709.70297030	0.01177458
-709.66996700	0.01290640
-709.63696370	0.01399117
-709.60396040	0.01494365
-709.57095710	0.01585046
-709.53795380	0.01651255
-709.50495050	0.01707660
-709.47194719	0.01759969
-709.43894389	0.01786627
-709.40594059	0.01808881
-709.37293729	0.01811115
-709.33993399	0.01810111
-709.30693069	0.01782181
-709.27392739	0.01752962
-709.24092409	0.01717297
-709.20792079	0.01657715
-709.17491749	0.01596904
-709.14191419	0.01522063
-709.10891089	0.01450978
-709.07590759	0.01364414
-709.04290429	0.01266149
-709.00990099	0.01180827
-708.97689769	0.01071767
-708.94389439	0.00960307
-708.91089109	0.00855215
-708.87788779	0.00749004
-708.84488449	0.00637449
-708.81188119	0.00519070
-708.77887789	0.00416319
-708.74587459	0.00308295
-708.71287129	0.00197985
-708.67986799	0.00101573
-708.64686469	0.00009226
-708.61386139	-0.00082736
-708.58085809	-0.00169265
-708.54785479	-0.00242153
-708.51485149	-0.00313472
-708.48184818	-0.00383553
-708.44884488	-0.00438674
-708.41584158	-0.00491214
-708.38283828	-0.00540670
-708.34983498	-0.00586839
-708.31683168	-0.00621504
-708.28382838	-0.00658228
-708.25082508	-0.00684443
-708.21782178	-0.00707964
-708.18481848	-0.00728366
-708.15181518	-0.00742395
-708.11881188	-0.00744606
-708.08580858	-0.00755061
-708.05280528	-0.00748837
-708.01980198	-0.00739679
-707.98679868	-0.00726216
-707.95379538	-0.00710257
-707.92079208	-0.00689553
-707.88778878	-0.00663464
-707.85478548	-0.00638090
-707.82178218	-0.00601679
-707.78877888	-0.00562040
-707.75577558	-0.00529259
-707.72277228	-0.00490413
-707.68976898	-0.00456649
-707.65676568	-0.00415329
-707.62376238	-0.00378212
-707.59075908	-0.00345596
-707.55775578	-0.00307014
-707.52475248	-0.00278001
-707.49174917	-0.00247872
-707.45874587	-0.00213117
-707.42574257	-0.00183256
-707.39273927	-0.00160656
-707.35973597	-0.00133088
-707.32673267	-0.00107642
-707.29372937	-0.00087204
-707.26072607	-0.00069494
-707.22772277	-0.00045194
-707.19471947	-0.00029931
-707.16171617	-0.00010939
-707.12871287	0.00005786
-707.09570957	0.00021429
-707.06270627	0.00045130
-707.02970297	0.00064612
-706.99669967	0.00081432
-706.96369637	0.00102519
-706.93069307	0.00126770
-706.89768977	0.00145095
-706.86468647	0.00180263
-706.83168317	0.00196558
-706.79867987	0.00224407
-706.76567657	0.00256919
-706.73267327	0.00279695
-706.69966997	0.00308330
-706.66666667	0.00330069
-706.63366337	0.00352446
-706.60066007	0.00371413
-706.56765677	0.00387866
-706.53465347	0.00404962
-706.50165017	0.00414418
-706.46864686	0.00422641
-706.43564356	0.00433336
-706.40264026	0.00432005
-706.36963696	0.00435279
-706.33663366	0.00447882
-706.30363036	0.00442513
-706.27062706	0.00456961
-706.23762376	0.00463608
-706.20462046	0.00469889
-706.17161716	0.00464912
-706.13861386	0.00469266
-706.10561056	0.00462884
-706.07260726	0.00452451
-706.03960396	0.00427969
-706.00660066	0.00406978
-705.97359736	0.00369862
-705.94059406	0.00334067
-705.90759076	0.00292565
-705.87458746	0.00256817
-705.84158416	0.00226603
-705.80858086	0.00204099
-705.77557756	0.00186583
-705.74257426	0.00193620
-705.70957096	0.00203501
-705.67656766	0.00217955
-705.64356436	0.00245367
-705.61056106	0.00272156
-705.57755776	0.00295826
-705.54455446	0.00311818
-705.51155116	0.00320322
-705.47854785	0.00311565
-705.44554455	0.00287158
-705.41254125	0.00257108
-705.37953795	0.00216346
-705.34653465	0.00171912
-705.31353135	0.00124365
-705.28052805	0.00079824
-705.24752475	0.00039393
-705.21452145	0.00014392
-705.18151815	-0.00012831
-705.14851485	-0.00029355
-705.11551155	-0.00042679
-705.08250825	-0.00049494
-705.04950495	-0.00056177
-705.01650165	-0.00053970
-704.98349835	-0.00056190
-704.95049505	-0.00044804
-704.91749175	-0.00030227
-704.88448845	-0.00028427
-704.85148515	-0.00006970
-704.81848185	0.00010919
-704.78547855	0.00020685
-704.75247525	0.00037318
-704.71947195	0.00043577
-704.68646865	0.00060739
-704.65346535	0.00077774
-704.62046205	0.00080649
-704.58745875	0.00096913
-704.55445545	0.00107256
-704.52145215	0.00114375
-704.48844884	0.00132440
-704.45544554	0.00142021
-704.42244224	0.00155661
-704.38943894	0.00170301
-704.35643564	0.00180004
-704.32343234	0.00202563
-704.29042904	0.00219086
-704.25742574	0.00229638
-704.22442244	0.00253073
-704.19141914	0.00263808
-704.15841584	0.00269222
-704.12541254	0.00278392
-704.09240924	0.00285283
-704.05940594	0.00290564
-704.02640264	0.00291378
-703.99339934	0.00285137
-703.96039604	0.00279763
-703.92739274	0.00274707
-703.89438944	0.00258500
-703.86138614	0.00250245
-703.82838284	0.00237152
-703.79537954	0.00223523
-703.76237624	0.00210045
-703.72937294	0.00198551
-703.69636964	0.00189463
-703.66336634	0.00169412
-703.63036304	0.00154530
-703.59735974	0.00138229
-703.56435644	0.00125290
-703.53135314	0.00103856
-703.49834983	0.00087645
-703.46534653	0.00071337
-703.43234323	0.00058517
-703.39933993	0.00043593
-703.36633663	0.00030182
-703.33333333	0.00017061
-703.30033003	0.00005468
-703.26732673	-0.00003898
-703.23432343	-0.00010026
-703.20132013	-0.00015051
-703.16831683	-0.00014657
-703.13531353	-0.00016765
-703.10231023	-0.00017119
-703.06930693	-0.00008655
-703.03630363	-0.00009307
-703.00330033	-0.00005908
-702.97029703	0.00002241
-702.93729373	0.00009573
-702.90429043	0.00018493
-702.87128713	0.00024914
-702.83828383	0.00038454
-702.80528053	0.00045993
-702.77227723	0.00054943
-702.73927393	0.00070493
-702.70627063	0.00084841
-702.67326733	0.00092167
-702.64026403	0.00112913
-702.60726073	0.00124306
-702.57425743	0.00134103
-702.54125413	0.00152179
-702.50825083	0.00163466
-702.47524752	0.00172382
-702.44224422	0.00185073
-702.40924092	0.00185832
-702.37623762	0.00197061
-702.34323432	0.00198593
-702.31023102	0.00192593
-702.27722772	0.00190086
-702.24422442	0.00177088
-702.21122112	0.00171177
-702.17821782	0.00162382
-702.14521452	0.00135285
-702.11221122	0.00117004
-702.07920792	0.00105680
-702.04620462	0.00081697
-702.01320132	0.00051815
-701.98019802	0.00032097
-701.94719472	-0.00002793
-701.91419142	-0.00030519
-701.88118812	-0.00057905
-701.84818482	-0.00091247
-701.81518152	-0.00119219
-701.78217822	-0.00157437
-701.74917492	-0.00183696
-701.71617162	-0.00214759
-701.68316832	-0.00249804
-701.65016502	-0.00278204
-701.61716172	-0.00308979
-701.58415842	-0.00339945
-701.55115512	-0.00370567
-701.51815182	-0.00396491
-701.48514851	-0.00418162
-701.45214521	-0.00439012
-701.41914191	-0.00459433
-701.38613861	-0.00475441
-701.35313531	-0.00485403
-701.32013201	-0.00500695
-701.28712871	-0.00505073
-701.25412541	-0.00505463
-701.22112211	-0.00513591
-701.18811881	-0.00511489
-701.15511551	-0.00503570
-701.12211221	-0.00504595
-701.08910891	-0.00495671
-701.05610561	-0.00489894
-701.02310231	-0.00487101
-700.99009901	-0.00472270
-700.95709571	-0.00458681
-700.92409241	-0.00443394
-700.89108911	-0.00434620
-700.85808581	-0.00414217
-700.82508251	-0.00391169
-700.79207921	-0.00378511
-700.75907591	-0.00358164
-700.72607261	-0.00338732
-700.69306931	-0.00320453
-700.66006601	-0.00304808
-700.62706271	-0.00287369
-700.59405941	-0.00267938
-700.56105611	-0.00248518
-700.52805281	-0.00227279
-700.49504950	-0.00211436
-700.46204620	-0.00193176
-700.42904290	-0.00165786
-700.39603960	-0.00146623
-700.36303630	-0.00132983
-700.33003300	-0.00108288
-700.29702970	-0.00086252
-700.26402640	-0.00071623
-700.23102310	-0.00057538
-700.19801980	-0.00034746
-700.16501650	-0.00022620
-700.13201320	-0.00007662
-700.09900990	0.00007874
-700.06600660	0.00021242
-700.03300330	0.00041367
-700.00000000	0.00046926
-699.96699670	0.00056181
-699.93399340	0.00069499
-699.90099010	0.00074515
-699.86798680	0.00080485
-699.83498350	0.00087388
-699.80198020	0.00091368
-699.76897690	0.00092373
-699.73597360	0.00095928
-699.70297030	0.00094087
-699.66996700	0.00088719
-699.63696370	0.00087403
-699.60396040	0.00073079
-699.57095710	0.00069129
-699.53795380	0.00059248
-699.50495050	0.00044289
-699.47194719	0.00034548
-699.43894389	0.00034612
-699.40594059	0.00014499
-699.37293729	0.00007158
-699.33993399	-0.00003337
-699.30693069	-0.00012881
-699.27392739	-0.00021772
-699.24092409	-0.00028536
-699.20792079	-0.00035819
-699.17491749	-0.00040335
-699.14191419	-0.00041543
-699.10891089	-0.00038629
-699.07590759	-0.00040052
-699.04290429	-0.00032461
-699.00990099	-0.00023009
-698.97689769	-0.00021389
-698.94389439	-0.00008606
-698.91089109	0.00003692
-698.87788779	0.00009072
-698.84488449	0.00020820
-698.81188119	0.00034513
-698.77887789	0.00045557
-698.74587459	0.00057966
-698.71287129	0.00071594
-698.67986799	0.00090277
-698.64686469	0.00104414
-698.61386139	0.00119690
-698.58085809	0.00138501
-698.54785479	0.00160452
-698.51485149	0.00172528
-698.48184818	0.00194492
-698.44884488	0.00210171
-698.41584158	0.00231937
-698.38283828	0.00249182
-698.34983498	0.00262898
-698.31683168	0.00279370
-698.28382838	0.00298424
-698.25082508	0.00311186
-698.21782178	0.00319178
-698.18481848	0.00338379
-698.15181518	0.00348679
-698.11881188	0.00354526
-698.08580858	0.00358713
-698.05280528	0.00368054
-698.01980198	0.00374485
-697.98679868	0.00372857
-697.95379538	0.00372166
-697.92079208	0.00378858
-697.88778878	0.00372348
-697.85478548	0.00378580
-697.82178218	0.00379326
-697.78877888	0.00378323
-697.75577558	0.00373979
-697.72277228	0.00373268
-697.68976898	0.00365559
-697.65676568	0.00352913
-697.62376238	0.00354903
-697.59075908	0.00348131
-697.55775578	0.00336566
-697.52475248	0.00328716
-697.49174917	0.00321910
-697.45874587	0.00308641
-697.42574257	0.00302198
-697.39273927	0.00290205
-697.35973597	0.00282133
-697.32673267	0.00268086
-697.29372937	0.00245520
-697.26072607	0.00237660
-697.22772277	0.00214241
-697.19471947	0.00192602
-697.16171617	0.00173428
-697.12871287	0.00149055
-697.09570957	0.00122521
-697.06270627	0.00092973
-697.02970297	0.00063901
-696.99669967	0.00030848
-696.96369637	-0.00005610
-696.93069307	-0.00042080
-696.89768977	-0.00076167
-696.86468647	-0.00117530
-696.83168317	-0.00150206
-696.79867987	-0.00187567
-696.76567657	-0.00227016
-696.73267327	-0.00265118
-696.69966997	-0.00298707
-696.66666667	-0.00338621
-696.63366337	-0.00379323
-696.60066007	-0.00415229
-696.56765677	-0.00455884
-696.53465347	-0.00501114
-696.50165017	-0.00530357
-696.46864686	-0.00568390
-696.43564356	-0.00608853
-696.40264026	-0.00633849
-696.36963696	-0.00665291
-696.33663366	-0.00699395
-696.30363036	-0.00732759
-696.27062706	-0.00756578
-696.23762376	-0.00776195
-696.20462046	-0.00795422
-696.17161716	-0.00817098
-696.13861386	-0.00828697
-696.10561056	-0.00836427
-696.07260726	-0.00845445
-696.03960396	-0.00843744
-696.00660066	-0.00842925
-695.97359736	-0.00834653
-695.94059406	-0.00824601
-695.90759076	-0.00812475
-695.87458746	-0.00791157
-695.84158416	-0.00773760
-695.80858086	-0.00743415
-695.77557756	-0.00714563
-695.74257426	-0.00684112
-695.70957096	-0.00641594
-695.67656766	-0.00612319
-695.64356436	-0.00564694
-695.61056106	-0.00526349
-695.57755776	-0.00482767
-695.54455446	-0.00425941
-695.51155116	-0.00383653
-695.47854785	-0.00333625
-695.44554455	-0.00284705
-695.41254125	-0.00233168
-695.37953795	-0.00175836
-695.34653465	-0.00127115
-695.31353135	-0.00072939
-695.28052805	-0.00016028
-695.24752475	0.00045062
-695.21452145	0.00094836
-695.18151815	0.00148605
-695.14851485	0.00200841
-695.11551155	0.00257712
-695.08250825	0.00303760
-695.04950495	0.00355150
-695.01650165	0.00406243
-694.98349835	0.00439460
-694.95049505	0.00488554
-694.91749175	0.00529910
-694.88448845	0.00565124
-694.85148515	0.00598100
-694.81848185	0.00627616
-694.78547855	0.00655523
-694.75247525	0.00679319
-694.71947195	0.00701198
-694.68646865	0.00715731
-694.65346535	0.00725793
-694.62046205	0.00739579
-694.58745875	0.00742080
-694.55445545	0.00748500
-694.52145215	0.00742023
-694.48844884	0.00734310
-694.45544554	0.00730324
-694.42244224	0.00711035
-694.38943894	0.00700727
-694.35643564	0.00683335
-694.32343234	0.00663989
-694.29042904	0.00639294
-694.25742574	0.00612650
-694.22442244	0.00596800
-694.19141914	0.00567908
-694.15841584	0.00548507
-694.12541254	0.00526846
-694.09240924	0.00498212
-694.05940594	0.00477308
-694.02640264	0.00463578
-693.99339934	0.00437769
-693.96039604	0.00420821
-693.92739274	0.00407748
-693.89438944	0.00384890
-693.86138614	0.00373484
-693.82838284	0.00349392
-693.79537954	0.00341329
-693.76237624	0.00328455
-693.72937294	0.00307328
-693.69636964	0.00294403
-693.66336634	0.00284871
-693.63036304	0.00266565
-693.59735974	0.00256408
-693.56435644	0.00246031
-693.53135314	0.00234748
-693.49834983	0.00217561
-693.46534653	0.00209684
-693.43234323	0.00207157
-693.39933993	0.00190684
-693.36633663	0.00177198
-693.33333333	0.00178291
-693.30033003	0.00165514
-693.26732673	0.00153431
-693.23432343	0.00146693
-693.20132013	0.00139482
-693.16831683	0.00118811
-693.13531353	0.00111769
-693.10231023	0.00097011
-693.06930693	0.00078041
-693.03630363	0.00058724
-693.00330033	0.00041526
-692.97029703	0.00024035
-692.93729373	-0.00001789
-692.90429043	-0.00010166
-692.87128713	-0.00034327
-692.83828383	-0.00058687
-692.80528053	-0.00069133
-692.77227723	-0.00089849
-692.73927393	-0.00108497
-692.70627063	-0.00116478
-692.67326733	-0.00140731
-692.64026403	-0.00151254
-692.60726073	-0.00158160
-692.57425743	-0.00167963
-692.54125413	-0.00179842
-692.50825083	-0.00190714
-692.47524752	-0.00191871
-692.44224422	-0.00206785
-692.40924092	-0.00208121
-692.37623762	-0.00210077
-692.34323432	-0.00220704
-692.31023102	-0.00220642
-692.27722772	-0.00217721
-692.24422442	-0.00217024
-692.21122112	-0.00215669
-692.17821782	-0.00209658
-692.14521452	-0.00197751
-692.11221122	-0.00187814
-692.07920792	-0.00180517
-692.04620462	-0.00157774
-692.01320132	-0.00145784
-691.98019802	-0.00129104
-691.94719472	-0.00114802
-691.91419142	-0.00092523
-691.88118812	-0.00071226
-691.84818482	-0.00051077
-691.81518152	-0.00028511
-691.78217822	0.00000124
-691.74917492	0.00013539
-691.71617162	0.00038474
-691.68316832	0.00061467
-691.65016502	0.00090148
-691.61716172	0.00110276
-691.58415842	0.00127817
-691.55115512	0.00156395
-691.51815182	0.00174712
-691.48514851	0.00197695
-691.45214521	0.00213412
-691.41914191	0.00234531
-691.38613861	0.00247618
-691.35313531	0.00256603
-691.32013201	0.00274294
-691.28712871	0.00281321
-691.25412541	0.00287424
-691.22112211	0.00288854
-691.18811881	0.00291464
-691.15511551	0.00295726
-691.12211221	0.00293703
-691.08910891	0.00284191
-691.05610561	0.00283450
-691.02310231	0.00277047
-690.99009901	0.00262891
-690.95709571	0.00260068
-690.92409241	0.00253210
-690.89108911	0.00237629
-690.85808581	0.00232449
-690.82508251	0.00219918
-690.79207921	0.00209044
-690.75907591	0.00198625
-690.72607261	0.00193755
-690.69306931	0.00190109
-690.66006601	0.00174120
-690.62706271	0.00169459
-690.59405941	0.00169146
-690.56105611	0.00154032
-690.52805281	0.00154703
-690.49504950	0.00153918
-690.46204620	0.00146688
-690.42904290	0.00148132
-690.39603960	0.00151111
-690.36303630	0.00142338
-690.33003300	0.00147845
-690.29702970	0.00142080
-690.26402640	0.00148714
-690.23102310	0.00148433
-690.19801980	0.00141267
-690.16501650	0.00147574
-690.13201320	0.00139992
-690.09900990	0.00137550
-690.06600660	0.00133840
-690.03300330	0.00128520
-690.00000000	0.00126032
-689.96699670	0.00122737
-689.93399340	0.00116919
-689.90099010	0.00110926
-689.86798680	0.00107235
-689.83498350	0.00106548
-689.80198020	0.00097232
-689.76897690	0.00096901
-689.73597360	0.00085643
-689.70297030	0.00084973
-689.66996700	0.00079494
-689.63696370	0.00077067
-689.60396040	0.00069409
-689.57095710	0.00067307
-689.53795380	0.00061575
-689.50495050	0.00052788
-689.47194719	0.00046637
-689.43894389	0.00038474
-689.40594059	0.00033075
-689.37293729	0.00011646
-689.33993399	0.00008826
-689.30693069	-0.00003580
-689.27392739	-0.00017729
-689.24092409	-0.00033828
-689.20792079	-0.00043506
-689.17491749	-0.00057775
-689.14191419	-0.00068713
-689.10891089	-0.00087169
-689.07590759	-0.00098832
-689.04290429	-0.00114120
-689.00990099	-0.00128494
-688.97689769	-0.00141045
-688.94389439	-0.00154137
-688.91089109	-0.00166376
-688.87788779	-0.00177640
-688.84488449	-0.00185529
-688.81188119	-0.00194330
-688.77887789	-0.00208496
-688.74587459	-0.00214847
-688.71287129	-0.00219765
-688.67986799	-0.00228049
-688.64686469	-0.00236133
-688.61386139	-0.00237657
-688.58085809	-0.00247286
-688.54785479	-0.00249671
-688.51485149	-0.00246380
-688.48184818	-0.00254206
-688.44884488	-0.00261347
-688.41584158	-0.00254590
-688.38283828	-0.00260540
-688.34983498	-0.00264108
-688.31683168	-0.00255968
-688.28382838	-0.00258533
-688.25082508	-0.00252424
-688.21782178	-0.00257410
-688.18481848	-0.00255617
-688.15181518	-0.00251095
-688.11881188	-0.00247642
-688.08580858	-0.00239820
-688.05280528	-0.00243780
-688.01980198	-0.00239879
-687.98679868	-0.00237509
-687.95379538	-0.00233534
-687.92079208	-0.00233536
-687.88778878	-0.00228035
-687.85478548	-0.00230528
-687.82178218	-0.00229506
-687.78877888	-0.00222007
-687.75577558	-0.00233259
-687.72277228	-0.00233121
-687.68976898	-0.00239898
-687.65676568	-0.00244937
-687.62376238	-0.00252805
-687.59075908	-0.00261720
-687.55775578	-0.00265529
-687.52475248	-0.00278716
-687.49174917	-0.00285797
-687.45874587	-0.00291700
-687.42574257	-0.00301087
-687.39273927	-0.00311535
-687.35973597	-0.00316746
-687.32673267	-0.00321111
-687.29372937	-0.00327432
-687.26072607	-0.00328084
-687.22772277	-0.00329585
-687.19471947	-0.00333777
-687.16171617	-0.00331725
-687.12871287	-0.00329483
-687.09570957	-0.00321075
-687.06270627	-0.00324167
-687.02970297	-0.00309860
-686.99669967	-0.00301965
-686.96369637	-0.00287701
-686.93069307	-0.00272038
-686.89768977	-0.00250865
-686.86468647	-0.00227254
-686.83168317	-0.00203436
-686.79867987	-0.00180669
-686.76567657	-0.00146294
-686.73267327	-0.00117650
-686.69966997	-0.00086272
-686.66666667	-0.00054619
-686.63366337	-0.00017198
-686.60066007	0.00013415
-686.56765677	0.00052146
-686.53465347	0.00080600
-686.50165017	0.00116912
-686.46864686	0.00147337
-686.43564356	0.00176541
-686.40264026	0.00216785
-686.36963696	0.00240614
-686.33663366	0.00269602
-686.30363036	0.00304033
-686.27062706	0.00327501
-686.23762376	0.00357072
-686.20462046	0.00381491
-686.17161716	0.00405328
-686.13861386	0.00441752
-686.10561056	0.00454768
-686.07260726	0.00476014
-686.03960396	0.00492433
-686.00660066	0.00505710
-685.97359736	0.00521069
-685.94059406	0.00520973
-685.90759076	0.00530268
-685.87458746	0.00525513
-685.84158416	0.00518842
-685.80858086	0.00520912
-685.77557756	0.00506257
-685.74257426	0.00499244
-685.70957096	0.00487893
-685.67656766	0.00469834
-685.64356436	0.00459748
-685.61056106	0.00445443
-685.57755776	0.00434155
-685.54455446	0.00418450
-685.51155116	0.00402192
-685.47854785	0.00390720
-685.44554455	0.00371441
-685.41254125	0.00353982
-685.37953795	0.00333779
-685.34653465	0.00318721
-685.31353135	0.00296619
-685.28052805	0.00278930
-685.24752475	0.00253428
-685.21452145	0.00243587
-685.18151815	0.00222439
-685.14851485	0.00205832
-685.11551155	0.00188383
-685.08250825	0.00175193
-685.04950495	0.00165150
-685.01650165	0.00150603
-684.98349835	0.00148402
-684.95049505	0.00136759
-684.91749175	0.00132939
-684.88448845	0.00121534
-684.85148515	0.00122406
-684.81848185	0.00120239
-684.78547855	0.00115893
-684.75247525	0.00113236
-684.71947195	0.00116885
-684.68646865	0.00114552
-684.65346535	0.00123811
-684.62046205	0.00123266
-684.58745875	0.00127844
-684.55445545	0.00140461
-684.52145215	0.00140593
-684.48844884	0.00155056
-684.45544554	0.00158971
-684.42244224	0.00167906
-684.38943894	0.00180297
-684.35643564	0.00186157
-684.32343234	0.00203451
-684.29042904	0.00215029
-684.25742574	0.00231436
-684.22442244	0.00248351
-684.19141914	0.00265241
-684.15841584	0.00280398
-684.12541254	0.00305110
-684.09240924	0.00314715
-684.05940594	0.00328925
-684.02640264	0.00346734
-683.99339934	0.00352106
-683.96039604	0.00360695
-683.92739274	0.00375006
-683.89438944	0.00374343
-683.86138614	0.00378402
-683.82838284	0.00380313
-683.79537954	0.00383014
-683.76237624	0.00375301
-683.72937294	0.00369075
-683.69636964	0.00367410
-683.66336634	0.00350791
-683.63036304	0.00348412
-683.59735974	0.00330436
-683.56435644	0.00322162
-683.53135314	0.00308336
-683.49834983	0.00291634
-683.46534653	0.00277374
-683.43234323	0.00256952
-683.39933993	0.00246730
-683.36633663	0.00228222
-683.33333333	0.00206588
-683.30033003	0.00191975
-683.26732673	0.00172875
-683.23432343	0.00158654
-683.20132013	0.00137944
-683.16831683	0.00118295
-683.13531353	0.00101735
-683.10231023	0.00079687
-683.06930693	0.00062183
-683.03630363	0.00036289
-683.00330033	0.00012224
-682.97029703	-0.00006761
-682.93729373	-0.00040523
-682.90429043	-0.00062226
-682.87128713	-0.00089057
-682.83828383	-0.00118217
-682.80528053	-0.00141241
-682.77227723	-0.00180248
-682.73927393	-0.00200249
-682.70627063	-0.00228942
-682.67326733	-0.00260384
-682.64026403	-0.00292282
-682.60726073	-0.00326401
-682.57425743	-0.00360103
-682.54125413	-0.00390306
-682.50825083	-0.00427275
-682.47524752	-0.00462466
-682.44224422	-0.00499280
-682.40924092	-0.00532415
-682.37623762	-0.00570367
-682.34323432	-0.00609078
-682.31023102	-0.00644715
-682.27722772	-0.00679102
-682.24422442	-0.00719936
-682.21122112	-0.00756081
-682.17821782	-0.00783473
-682.14521452	-0.00827411
-682.11221122	-0.00854750
-682.07920792	-0.00892198
-682.04620462	-0.00922109
-682.01320132	-0.00950886
-681.98019802	-0.00986896
-681.94719472	-0.01008850
-681.91419142	-0.01039779
-681.88118812	-0.01059500
-681.84818482	-0.01089626
-681.81518152	-0.01108081
-681.78217822	-0.01128157
-681.74917492	-0.01152064
-681.71617162	-0.01168415
-681.68316832	-0.01182264
-681.65016502	-0.01195037
-681.61716172	-0.01208108
-681.58415842	-0.01214407
-681.55115512	-0.01212357
-681.51815182	-0.01224410
-681.48514851	-0.01211634
-681.45214521	-0.01208071
-681.41914191	-0.01190784
-681.38613861	-0.01177833
-681.35313531	-0.01159995
-681.32013201	-0.01127607
-681.28712871	-0.01098288
-681.25412541	-0.01067885
-681.22112211	-0.01022875
-681.18811881	-0.00976985
-681.15511551	-0.00927093
-681.12211221	-0.00873390
-681.08910891	-0.00816050
-681.05610561	-0.00752559
-681.02310231	-0.00688205
-680.99009901	-0.00619699
-680.95709571	-0.00542094
-680.92409241	-0.00467457
-680.89108911	-0.00378232
-680.85808581	-0.00299975
-680.82508251	-0.00202954
-680.79207921	-0.00122054
-680.75907591	-0.00022727
-680.72607261	0.00068586
-680.69306931	0.00165937
-680.66006601	0.00263282
-680.62706271	0.00360765
-680.59405941	0.00458827
-680.56105611	0.00565166
-680.52805281	0.00659820
-680.49504950	0.00760736
-680.46204620	0.00863452
-680.42904290	0.00967454
-680.39603960	0.01059055
-680.36303630	0.01162496
-680.33003300	0.01257334
-680.29702970	0.01354083
-680.26402640	0.01440337
-680.23102310	0.01538983
-680.19801980	0.01618694
-680.16501650	0.01692485
-680.13201320	0.01772821
-680.09900990	0.01845034
-680.06600660	0.01902754
-680.03300330	0.01956918
-680.00000000	0.02002140
-679.96699670	0.02046517
-679.93399340	0.02081848
-679.90099010	0.02106896
-679.86798680	0.02123881
-679.83498350	0.02139092
-679.80198020	0.02140332
-679.76897690	0.02140266
-679.73597360	0.02123414
-679.70297030	0.02109998
-679.66996700	0.02076583
-679.63696370	0.02043701
-679.60396040	0.02002476
-679.57095710	0.01953969
-679.53795380	0.01894165
-679.50495050	0.01835748
-679.47194719	0.01767501
-679.43894389	0.01692646
-679.40594059	0.01616516
-679.37293729	0.01530572
-679.33993399	0.01445334
-679.30693069	0.01350080
-679.27392739	0.01257312
-679.24092409	0.01155706
-679.20792079	0.01058886
-679.17491749	0.00952117
-679.14191419	0.00852420
-679.10891089	0.00740713
-679.07590759	0.00643438
-679.04290429	0.00522449
-679.00990099	0.00431730
-678.97689769	0.00311648
-678.94389439	0.00208297
-678.91089109	0.00104126
-678.87788779	-0.00004168
-678.84488449	-0.00107831
-678.81188119	-0.00206826
-678.77887789	-0.00304174
-678.74587459	-0.00399766
-678.71287129	-0.00498577
-678.67986799	-0.00580963
-678.64686469	-0.00674910
-678.61386139	-0.00747767
-678.58085809	-0.00831787
-678.54785479	-0.00898055
-678.51485149	-0.00975148
-678.48184818	-0.01042909
-678.44884488	-0.01096416
-678.41584158	-0.01166155
-678.38283828	-0.01212865
-678.34983498	-0.01270885
-678.31683168	-0.01317362
-678.28382838	-0.01360920
-678.25082508	-0.01405365
-678.21782178	-0.01439715
-678.18481848	-0.01477258
-678.15181518	-0.01505993
-678.11881188	-0.01527323
-678.08580858	-0.01559173
-678.05280528	-0.01569249
-678.01980198	-0.01587546
-677.98679868	-0.01601301
-677.95379538	-0.01602220
-677.92079208	-0.01608190
-677.88778878	-0.01605976
-677.85478548	-0.01602018
-677.82178218	-0.01589080
-677.78877888	-0.01577008
-677.75577558	-0.01558490
-677.72277228	-0.01537324
-677.68976898	-0.01504685
-677.65676568	-0.01481076
-677.62376238	-0.01443123
-677.59075908	-0.01401963
-677.55775578	-0.01370565
-677.52475248	-0.01315168
-677.49174917	-0.01269110
-677.45874587	-0.01220275
-677.42574257	-0.01166036
-677.39273927	-0.01106120
-677.35973597	-0.01049294
-677.32673267	-0.00989773
-677.29372937	-0.00926680
-677.26072607	-0.00864478
-677.22772277	-0.00794752
-677.19471947	-0.00735557
-677.16171617	-0.00666340
-677.12871287	-0.00602611
-677.09570957	-0.00532562
-677.06270627	-0.00466156
-677.02970297	-0.00400137
-676.99669967	-0.00336083
-676.96369637	-0.00270180
-676.93069307	-0.00207051
-676.89768977	-0.00141958
-676.86468647	-0.00082641
-676.83168317	-0.00023163
-676.79867987	0.00034555
-676.76567657	0.00090084
-676.73267327	0.00147999
-676.69966997	0.00190043
-676.66666667	0.00250078
-676.63366337	0.00285799
-676.60066007	0.00332581
-676.56765677	0.00372281
-676.53465347	0.00415850
-676.50165017	0.00441997
-676.46864686	0.00482838
-676.43564356	0.00510388
-676.40264026	0.00542285
-676.36963696	0.00564708
-676.33663366	0.00588532
-676.30363036	0.00612395
-676.27062706	0.00629079
-676.23762376	0.00649809
-676.20462046	0.00659168
-676.17161716	0.00675078
-676.13861386	0.00676376
-676.10561056	0.00689002
-676.07260726	0.00686397
-676.03960396	0.00689454
-676.00660066	0.00691729
-675.97359736	0.00678392
-675.94059406	0.00683271
-675.90759076	0.00673146
-675.87458746	0.00672921
-675.84158416	0.00657575
-675.80858086	0.00655358
-675.77557756	0.00639843
-675.74257426	0.00632477
-675.70957096	0.00617724
-675.67656766	0.00604834
-675.64356436	0.00591475
-675.61056106	0.00574091
-675.57755776	0.00558589
-675.54455446	0.00547757
-675.51155116	0.00523289
-675.47854785	0.00513881
-675.44554455	0.00496285
-675.41254125	0.00477992
-675.37953795	0.00463817
-675.34653465	0.00449435
-675.31353135	0.00436193
-675.28052805	0.00416209
-675.24752475	0.00411644
-675.21452145	0.00392787
-675.18151815	0.00385263
-675.14851485	0.00370338
-675.11551155	0.00371593
-675.08250825	0.00356500
-675.04950495	0.00352814
-675.01650165	0.00346913
-674.98349835	0.00344645
-674.95049505	0.00343769
-674.91749175	0.00342562
-674.88448845	0.00347301
-674.85148515	0.00342610
-674.81848185	0.00352410
-674.78547855	0.00349867
-674.75247525	0.00356806
-674.71947195	0.00358879
-674.68646865	0.00362048
-674.65346535	0.00361598
-674.62046205	0.00369952
-674.58745875	0.00371226
-674.55445545	0.00368959
-674.52145215	0.00374652
-674.48844884	0.00378542
-674.45544554	0.00375091
-674.42244224	0.00378026
-674.38943894	0.00377069
-674.35643564	0.00374347
-674.32343234	0.00379024
-674.29042904	0.00376299
-674.25742574	0.00371424
-674.22442244	0.00376825
-674.19141914	0.00372944
-674.15841584	0.00362471
-674.12541254	0.00372603
-674.09240924	0.00367861
-674.05940594	0.00367198
-674.02640264	0.00365268
-673.99339934	0.00353908
-673.96039604	0.00350607
-673.92739274	0.00348449
-673.89438944	0.00341295
-673.86138614	0.00328383
-673.82838284	0.00321055
-673.79537954	0.00311805
-673.76237624	0.00292408
-673.72937294	0.00285653
-673.69636964	0.00263846
-673.66336634	0.00245937
-673.63036304	0.00237794
-673.59735974	0.00206393
-673.56435644	0.00195512
-673.53135314	0.00169132
-673.49834983	0.00152689
-673.46534653	0.00129636
-673.43234323	0.00104690
-673.39933993	0.00086839
-673.36633663	0.00052541
-673.33333333	0.00036032
-673.30033003	0.00006844
-673.26732673	-0.00018930
-673.23432343	-0.00044637
-673.20132013	-0.00071989
-673.16831683	-0.00100808
-673.13531353	-0.00126238
-673.10231023	-0.00154771
-673.06930693	-0.00182639
-673.03630363	-0.00207749
-673.00330033	-0.00228912
-672.97029703	-0.00262266
-672.93729373	-0.00277814
-672.90429043	-0.00308852
-672.87128713	-0.00325358
-672.83828383	-0.00348632
-672.80528053	-0.00363435
-672.77227723	-0.00382838
-672.73927393	-0.00395795
-672.70627063	-0.00402489
-672.67326733	-0.00405932
-672.64026403	-0.00416735
-672.60726073	-0.00414543
-672.57425743	-0.00411567
-672.54125413	-0.00407255
-672.50825083	-0.00397521
-672.47524752	-0.00384190
-672.44224422	-0.00369955
-672.40924092	-0.00355397
-672.37623762	-0.00337353
-672.34323432	-0.00321930
-672.31023102	-0.00301260
-672.27722772	-0.00274851
-672.24422442	-0.00252873
-672.21122112	-0.00232418
-672.17821782	-0.00206885
-672.14521452	-0.00180404
-672.11221122	-0.00155351
-672.07920792	-0.00129400
-672.04620462	-0.00108977
-672.01320132	-0.00084478
-671.98019802	-0.00061905
-671.94719472	-0.00040717
-671.91419142	-0.00021496
-671.88118812	0.00004880
-671.84818482	0.00013435
-671.81518152	0.00038206
-671.78217822	0.00046116
-671.74917492	0.00063781
-671.71617162	0.00076196
-671.68316832	0.00088247
-671.65016502	0.00099246
-671.61716172	0.00102632
-671.58415842	0.00116739
-671.55115512	0.00123357
-671.51815182	0.00125149
-671.48514851	0.00129743
-671.45214521	0.00137233
-671.41914191	0.00132041
-671.38613861	0.00140295
-671.35313531	0.00143666
-671.32013201	0.00144487
-671.28712871	0.00148348
-671.25412541	0.00146394
-671.22112211	0.00155735
-671.18811881	0.00160598
-671.15511551	0.00156187
-671.12211221	0.00178166
-671.08910891	0.00176806
-671.05610561	0.00184810
-671.02310231	0.00187866
-670.99009901	0.00194972
-670.95709571	0.00208134
-670.92409241	0.00208880
-670.89108911	0.00212932
-670.85808581	0.00213089
-670.82508251	0.00226438
-670.79207921	0.00224239
-670.75907591	0.00231026
-670.72607261	0.00232022
-670.69306931	0.00235174
-670.66006601	0.00237792
-670.62706271	0.00238196
-670.59405941	0.00245037
-670.56105611	0.00246568
-670.52805281	0.00251796
-670.49504950	0.00249249
-670.46204620	0.00263768
-670.42904290	0.00259267
-670.39603960	0.00261752
-670.36303630	0.00270332
-670.33003300	0.00273333
-670.29702970	0.00271376
-670.26402640	0.00271868
-670.23102310	0.00278286
-670.19801980	0.00272834
-670.16501650	0.00269840
-670.13201320	0.00267747
-670.09900990	0.00259009
-670.06600660	0.00252378
-670.03300330	0.00248309
-670.00000000	0.00236860
-669.96699670	0.00223413
-669.93399340	0.00212735
-669.90099010	0.00198588
-669.86798680	0.00185485
-669.83498350	0.00167296
-669.80198020	0.00162961
-669.76897690	0.00144212
-669.73597360	0.00128258
-669.70297030	0.00120894
-669.66996700	0.00099697
-669.63696370	0.00088850
-669.60396040	0.00074951
-669.57095710	0.00067425
-669.53795380	0.00049257
-669.50495050	0.00039939
-669.47194719	0.00032757
-669.43894389	0.00026626
-669.40594059	0.00012637
-669.37293729	0.00014593
-669.33993399	0.00007689
-669.30693069	0.00002710
-669.27392739	0.00002519
-669.24092409	0.00001691
-669.20792079	-0.00000154
-669.17491749	0.00003432
-669.14191419	0.00001140
-669.10891089	0.00009518
-669.07590759	0.00007479
-669.04290429	0.00016515
-669.00990099	0.00015983
-668.97689769	0.00021382
-668.94389439	0.00017969
-668.91089109	0.00025975
-668.87788779	0.00024184
-668.84488449	0.00019454
-668.81188119	0.00018194
-668.77887789	0.00017051
-668.74587459	0.00008560
-668.71287129	0.00002082
-668.67986799	-0.00005425
-668.64686469	-0.00020434
-668.61386139	-0.00030577
-668.58085809	-0.00044785
-668.54785479	-0.00062504
-668.51485149	-0.00082465
-668.48184818	-0.00099355
-668.44884488	-0.00119235
-668.41584158	-0.00145765
-668.38283828	-0.00166356
-668.34983498	-0.00194896
-668.31683168	-0.00217169
-668.28382838	-0.00240364
-668.25082508	-0.00271460
-668.21782178	-0.00298879
-668.18481848	-0.00327005
-668.15181518	-0.00353780
-668.11881188	-0.00381083
-668.08580858	-0.00405745
-668.05280528	-0.00424974
-668.01980198	-0.00455755
-667.98679868	-0.00474546
-667.95379538	-0.00490511
-667.92079208	-0.00504209
-667.88778878	-0.00520356
-667.85478548	-0.00525866
-667.82178218	-0.00531397
-667.78877888	-0.00540196
-667.75577558	-0.00536269
-667.72277228	-0.00529610
-667.68976898	-0.00530346
-667.65676568	-0.00514230
-667.62376238	-0.00503814
-667.59075908	-0.00490903
-667.55775578	-0.00468853
-667.52475248	-0.00459561
-667.49174917	-0.00430214
-667.45874587	-0.00416173
-667.42574257	-0.00388796
-667.39273927	-0.00367103
-667.35973597	-0.00347938
-667.32673267	-0.00326099
-667.29372937	-0.00300903
-667.26072607	-0.00279733
-667.22772277	-0.00262918
-667.19471947	-0.00243414
-667.16171617	-0.00223088
-667.12871287	-0.00204462
-667.09570957	-0.00193084
-667.06270627	-0.00180904
-667.02970297	-0.00168295
-666.99669967	-0.00157409
-666.96369637	-0.00150237
-666.93069307	-0.00135166
-666.89768977	-0.00135725
-666.86468647	-0.00133898
-666.83168317	-0.00126998
-666.79867987	-0.00129875
-666.76567657	-0.00132370
-666.73267327	-0.00133996
-666.69966997	-0.00140720
-666.66666667	-0.00143319
-666.63366337	-0.00156274
-666.60066007	-0.00153540
-666.56765677	-0.00171503
-666.53465347	-0.00174965
-666.50165017	-0.00184707
-666.46864686	-0.00193020
-666.43564356	-0.00207393
-666.40264026	-0.00204557
-666.36963696	-0.00221774
-666.33663366	-0.00222730
-666.30363036	-0.00221247
-666.27062706	-0.00225047
-666.23762376	-0.00239407
-666.20462046	-0.00228785
-666.17161716	-0.00229552
-666.13861386	-0.00232356
-666.10561056	-0.00222031
-666.07260726	-0.00215046
-666.03960396	-0.00215536
-666.00660066	-0.00199145
-665.97359736	-0.00190573
-665.94059406	-0.00173523
-665.90759076	-0.00158732
-665.87458746	-0.00143789
-665.84158416	-0.00121941
-665.80858086	-0.00092564
-665.77557756	-0.00069286
-665.74257426	-0.00043781
-665.70957096	-0.00010437
-665.67656766	0.00020160
-665.64356436	0.00054327
-665.61056106	0.00088897
-665.57755776	0.00120260
-665.54455446	0.00156837
-665.51155116	0.00183228
-665.47854785	0.00216600
-665.44554455	0.00250757
-665.41254125	0.00278149
-665.37953795	0.00302520
-665.34653465	0.00330222
-665.31353135	0.00355400
-665.28052805	0.00377738
-665.24752475	0.00396417
-665.21452145	0.00414301
-665.18151815	0.00428895
-665.14851485	0.00437823
-665.11551155	0.00449627
-665.08250825	0.00456254
-665.04950495	0.00457788
-665.01650165	0.00464026
-664.98349835	0.00458354
-664.95049505	0.00458757
-664.91749175	0.00455046
-664.88448845	0.00451523
-664.85148515	0.00443856
-664.81848185	0.00430655
-664.78547855	0.00429634
-664.75247525	0.00419609
-664.71947195	0.00406572
-664.68646865	0.00403088
-664.65346535	0.00396670
-664.62046205	0.00384029
-664.58745875	0.00378313
-664.55445545	0.00364261
-664.52145215	0.00355013
-664.48844884	0.00349322
-664.45544554	0.00347937
-664.42244224	0.00333628
-664.38943894	0.00321974
-664.35643564	0.00319184
-664.32343234	0.00303960
-664.29042904	0.00299042
-664.25742574	0.00294661
-664.22442244	0.00279640
-664.19141914	0.00273894
-664.15841584	0.00271803
-664.12541254	0.00266627
-664.09240924	0.00260542
-664.05940594	0.00249975
-664.02640264	0.00244691
-663.99339934	0.00236745
-663.96039604	0.00231804
-663.92739274	0.00216672
-663.89438944	0.00206256
-663.86138614	0.00198556
-663.82838284	0.00189337
-663.79537954	0.00173493
-663.76237624	0.00161551
-663.72937294	0.00149014
-663.69636964	0.00133515
-663.66336634	0.00117614
-663.63036304	0.00097214
-663.59735974	0.00083177
-663.56435644	0.00071995
-663.53135314	0.00057730
-663.49834983	0.00046615
-663.46534653	0.00032351
-663.43234323	0.00022945
-663.39933993	0.00012029
-663.36633663	-0.00000150
-663.33333333	-0.00005931
-663.30033003	-0.00011063
-663.26732673	-0.00012829
-663.23432343	-0.00016410
-663.20132013	-0.00017072
-663.16831683	-0.00018088
-663.13531353	-0.00014396
-663.10231023	-0.00007331
-663.06930693	0.00003392
-663.03630363	0.00013645
-663.00330033	0.00021748
-662.97029703	0.00029928
-662.93729373	0.00044498
-662.90429043	0.00054797
-662.87128713	0.00065692
-662.83828383	0.00082994
-662.80528053	0.00100508
-662.77227723	0.00115207
-662.73927393	0.00130275
-662.70627063	0.00140660
-662.67326733	0.00154431
-662.64026403	0.00162970
-662.60726073	0.00179541
-662.57425743	0.00181645
-662.54125413	0.00196838
-662.50825083	0.00202979
-662.47524752	0.00210027
-662.44224422	0.00210026
-662.40924092	0.00212595
-662.37623762	0.00205772
-662.34323432	0.00204867
-662.31023102	0.00197741
-662.27722772	0.00188506
-662.24422442	0.00180932
-662.21122112	0.00172564
-662.17821782	0.00158397
-662.14521452	0.00146001
-662.11221122	0.00132939
-662.07920792	0.00112568
-662.04620462	0.00098108
-662.01320132	0.00081447
-661.98019802	0.00069026
-661.94719472	0.00049811
-661.91419142	0.00032761
-661.88118812	0.00013260
-661.84818482	-0.00005409
-661.81518152	-0.00023418
-661.78217822	-0.00046404
-661.74917492	-0.00064087
-661.71617162	-0.00082437
-661.68316832	-0.00099879
-661.65016502	-0.00117362
-661.61716172	-0.00128170
-661.58415842	-0.00147614
-661.55115512	-0.00155030
-661.51815182	-0.00166906
-661.48514851	-0.00180011
-661.45214521	-0.00187028
-661.41914191	-0.00193261
-661.38613861	-0.00203359
-661.35313531	-0.00206756
-661.32013201	-0.00211230
-661.28712871	-0.00212290
-661.25412541	-0.00218107
-661.22112211	-0.00214632
-661.18811881	-0.00213426
-661.15511551	-0.00214857
-661.12211221	-0.00213539
-661.08910891	-0.00213677
-661.05610561	-0.00210737
-661.02310231	-0.00213714
-660.99009901	-0.00208828
-660.95709571	-0.00208780
-660.92409241	-0.00210817
-660.89108911	-0.00208451
-660.85808581	-0.00210291
-660.82508251	-0.00211305
-660.79207921	-0.00214908
-660.75907591	-0.00221093
-660.72607261	-0.00221293
-660.69306931	-0.00221205
-660.66006601	-0.00224662
-660.62706271	-0.00227292
-660.59405941	-0.00222847
-660.56105611	-0.00231521
-660.52805281	-0.00234443
-660.49504950	-0.00232987
-660.46204620	-0.00228530
-660.42904290	-0.00231489
-660.39603960	-0.00225307
-660.36303630	-0.00229782
-660.33003300	-0.00225368
-660.29702970	-0.00224900
-660.26402640	-0.00220026
-660.23102310	-0.00211694
-660.19801980	-0.00205075
-660.16501650	-0.00202317
-660.13201320	-0.00196594
-660.09900990	-0.00193123
-660.06600660	-0.00178632
-660.03300330	-0.00167031
-660.00000000	-0.00158519
