# Menlo Systems GmbH ScanControl
# Program Version 1.14.3
# Start: -740.00000000 ps, Average over 3000 waveforms. Timestamp: 2026-03-04T14:35:48
# User time axis shift: 0 ps
# Time axis offset: 0 ps
# Time [ps]	THz Signal [a.u.]
-740.00000000	-0.00000646
-739.96699670	-0.00007788
-739.93399340	-0.00006227
-739.90099010	-0.00006786
-739.86798680	-0.00010416
-739.83498350	-0.00008401
-739.80198020	-0.00010508
-739.76897690	-0.00010945
-739.73597360	-0.00011322
-739.70297030	-0.00014431
-739.66996700	-0.00006388
-739.63696370	-0.00003818
-739.60396040	-0.00010785
-739.57095710	-0.00007774
-739.53795380	-0.00010826
-739.50495050	0.00000471
-739.47194719	-0.00004290
-739.43894389	-0.00003644
-739.40594059	0.00003147
-739.37293729	0.00000574
-739.33993399	0.00008735
-739.30693069	0.00007742
-739.27392739	0.00005816
-739.24092409	0.00012659
-739.20792079	0.00011947
-739.17491749	0.00019811
-739.14191419	0.00015645
-739.10891089	0.00016687
-739.07590759	0.00014315
-739.04290429	0.00017449
-739.00990099	0.00013883
-738.97689769	0.00020217
-738.94389439	0.00025515
-738.91089109	0.00017948
-738.87788779	0.00017452
-738.84488449	0.00028161
-738.81188119	0.00016810
-738.77887789	0.00016528
-738.74587459	0.00018503
-738.71287129	0.00018799
-738.67986799	0.00017011
-738.64686469	0.00009117
-738.61386139	0.00019371
-738.58085809	0.00013476
-738.54785479	0.00011859
-738.51485149	0.00008797
-738.48184818	0.00008848
-738.44884488	0.00010111
-738.41584158	0.00006041
-738.38283828	0.00005425
-738.34983498	0.00008391
-738.31683168	0.00000073
-738.28382838	0.00003069
-738.25082508	-0.00003087
-738.21782178	0.00002038
-738.18481848	0.00002099
-738.15181518	-0.00002356
-738.11881188	-0.00002291
-738.08580858	-0.00003346
-738.05280528	-0.00003640
-738.01980198	-0.00008425
-737.98679868	-0.00005557
-737.95379538	-0.00004223
-737.92079208	-0.00004264
-737.88778878	-0.00006659
-737.85478548	-0.00005575
-737.82178218	-0.00006768
-737.78877888	-0.00008306
-737.75577558	-0.00010120
-737.72277228	-0.00007313
-737.68976898	-0.00009279
-737.65676568	-0.00006341
-737.62376238	-0.00010474
-737.59075908	-0.00006970
-737.55775578	-0.00006427
-737.52475248	-0.00008194
-737.49174917	-0.00010975
-737.45874587	-0.00011818
-737.42574257	-0.00013002
-737.39273927	-0.00007135
-737.35973597	-0.00004509
-737.32673267	-0.00006032
-737.29372937	-0.00002061
-737.26072607	-0.00001728
-737.22772277	0.00000026
-737.19471947	0.00005480
-737.16171617	0.00006712
-737.12871287	0.00008930
-737.09570957	0.00006674
-737.06270627	0.00013514
-737.02970297	0.00012611
-736.99669967	0.00024604
-736.96369637	0.00025723
-736.93069307	0.00030955
-736.89768977	0.00030384
-736.86468647	0.00032680
-736.83168317	0.00043208
-736.79867987	0.00050501
-736.76567657	0.00051570
-736.73267327	0.00058150
-736.69966997	0.00068064
-736.66666667	0.00072752
-736.63366337	0.00074678
-736.60066007	0.00083203
-736.56765677	0.00086981
-736.53465347	0.00091150
-736.50165017	0.00093919
-736.46864686	0.00097047
-736.43564356	0.00095189
-736.40264026	0.00093425
-736.36963696	0.00091859
-736.33663366	0.00089278
-736.30363036	0.00087738
-736.27062706	0.00076122
-736.23762376	0.00069309
-736.20462046	0.00054762
-736.17161716	0.00040518
-736.13861386	0.00024208
-736.10561056	0.00010747
-736.07260726	-0.00016959
-736.03960396	-0.00036466
-736.00660066	-0.00060537
-735.97359736	-0.00082787
-735.94059406	-0.00112490
-735.90759076	-0.00132713
-735.87458746	-0.00152531
-735.84158416	-0.00174025
-735.80858086	-0.00189613
-735.77557756	-0.00205504
-735.74257426	-0.00220415
-735.70957096	-0.00234090
-735.67656766	-0.00238916
-735.64356436	-0.00244059
-735.61056106	-0.00254364
-735.57755776	-0.00260554
-735.54455446	-0.00263053
-735.51155116	-0.00263011
-735.47854785	-0.00263855
-735.44554455	-0.00263988
-735.41254125	-0.00248429
-735.37953795	-0.00223260
-735.34653465	-0.00196768
-735.31353135	-0.00151167
-735.28052805	-0.00112037
-735.24752475	-0.00056140
-735.21452145	0.00009523
-735.18151815	0.00061595
-735.14851485	0.00118446
-735.11551155	0.00173874
-735.08250825	0.00210063
-735.04950495	0.00242819
-735.01650165	0.00256347
-734.98349835	0.00267248
-734.95049505	0.00264247
-734.91749175	0.00249934
-734.88448845	0.00232657
-734.85148515	0.00207139
-734.81848185	0.00182441
-734.78547855	0.00156140
-734.75247525	0.00133919
-734.71947195	0.00108290
-734.68646865	0.00094418
-734.65346535	0.00079238
-734.62046205	0.00067348
-734.58745875	0.00061611
-734.55445545	0.00047679
-734.52145215	0.00042775
-734.48844884	0.00042098
-734.45544554	0.00037815
-734.42244224	0.00034104
-734.38943894	0.00033848
-734.35643564	0.00028325
-734.32343234	0.00026228
-734.29042904	0.00028020
-734.25742574	0.00024974
-734.22442244	0.00017489
-734.19141914	0.00010346
-734.15841584	0.00011028
-734.12541254	0.00010957
-734.09240924	0.00002932
-734.05940594	-0.00005653
-734.02640264	0.00003589
-733.99339934	0.00001508
-733.96039604	-0.00006371
-733.92739274	-0.00006380
-733.89438944	-0.00002131
-733.86138614	0.00006643
-733.82838284	0.00005159
-733.79537954	0.00005184
-733.76237624	0.00011853
-733.72937294	0.00015249
-733.69636964	0.00015446
-733.66336634	0.00016495
-733.63036304	0.00019256
-733.59735974	0.00018849
-733.56435644	0.00021456
-733.53135314	0.00022012
-733.49834983	0.00026484
-733.46534653	0.00021916
-733.43234323	0.00021770
-733.39933993	0.00015979
-733.36633663	0.00031065
-733.33333333	0.00021359
-733.30033003	0.00031937
-733.26732673	0.00028559
-733.23432343	0.00025659
-733.20132013	0.00026733
-733.16831683	0.00031410
-733.13531353	0.00031739
-733.10231023	0.00033100
-733.06930693	0.00028983
-733.03630363	0.00035917
-733.00330033	0.00034712
-732.97029703	0.00029751
-732.93729373	0.00035566
-732.90429043	0.00033063
-732.87128713	0.00026612
-732.83828383	0.00033567
-732.80528053	0.00024482
-732.77227723	0.00028044
-732.73927393	0.00026582
-732.70627063	0.00028184
-732.67326733	0.00027938
-732.64026403	0.00030035
-732.60726073	0.00024890
-732.57425743	0.00029828
-732.54125413	0.00031873
-732.50825083	0.00038628
-732.47524752	0.00042082
-732.44224422	0.00038839
-732.40924092	0.00051347
-732.37623762	0.00052786
-732.34323432	0.00053674
-732.31023102	0.00066800
-732.27722772	0.00069789
-732.24422442	0.00077336
-732.21122112	0.00082488
-732.17821782	0.00093280
-732.14521452	0.00096535
-732.11221122	0.00104699
-732.07920792	0.00115401
-732.04620462	0.00123026
-732.01320132	0.00130094
-731.98019802	0.00140486
-731.94719472	0.00146831
-731.91419142	0.00160432
-731.88118812	0.00168033
-731.84818482	0.00180896
-731.81518152	0.00191651
-731.78217822	0.00201081
-731.74917492	0.00209564
-731.71617162	0.00221659
-731.68316832	0.00226090
-731.65016502	0.00228890
-731.61716172	0.00228619
-731.58415842	0.00212201
-731.55115512	0.00195391
-731.51815182	0.00155654
-731.48514851	0.00105204
-731.45214521	0.00035913
-731.41914191	-0.00060277
-731.38613861	-0.00152922
-731.35313531	-0.00283521
-731.32013201	-0.00406607
-731.28712871	-0.00531383
-731.25412541	-0.00630722
-731.22112211	-0.00710079
-731.18811881	-0.00748347
-731.15511551	-0.00753507
-731.12211221	-0.00709922
-731.08910891	-0.00628763
-731.05610561	-0.00512318
-731.02310231	-0.00374428
-730.99009901	-0.00234455
-730.95709571	-0.00093273
-730.92409241	0.00027472
-730.89108911	0.00126708
-730.85808581	0.00202114
-730.82508251	0.00261945
-730.79207921	0.00301746
-730.75907591	0.00316186
-730.72607261	0.00331453
-730.69306931	0.00325619
-730.66006601	0.00305284
-730.62706271	0.00295272
-730.59405941	0.00264214
-730.56105611	0.00248341
-730.52805281	0.00225903
-730.49504950	0.00214773
-730.46204620	0.00195603
-730.42904290	0.00180416
-730.39603960	0.00165314
-730.36303630	0.00153211
-730.33003300	0.00136835
-730.29702970	0.00130549
-730.26402640	0.00113141
-730.23102310	0.00118700
-730.19801980	0.00113610
-730.16501650	0.00102262
-730.13201320	0.00099741
-730.09900990	0.00099640
-730.06600660	0.00086609
-730.03300330	0.00083461
-730.00000000	0.00071834
-729.96699670	0.00061919
-729.93399340	0.00060082
-729.90099010	0.00044750
-729.86798680	0.00040551
-729.83498350	0.00034398
-729.80198020	0.00032520
-729.76897690	0.00019811
-729.73597360	0.00031658
-729.70297030	0.00029378
-729.66996700	0.00032067
-729.63696370	0.00045266
-729.60396040	0.00045722
-729.57095710	0.00060017
-729.53795380	0.00058981
-729.50495050	0.00070109
-729.47194719	0.00076244
-729.43894389	0.00075248
-729.40594059	0.00075078
-729.37293729	0.00077788
-729.33993399	0.00077679
-729.30693069	0.00071478
-729.27392739	0.00073221
-729.24092409	0.00080488
-729.20792079	0.00072610
-729.17491749	0.00080921
-729.14191419	0.00082618
-729.10891089	0.00093477
-729.07590759	0.00105814
-729.04290429	0.00111518
-729.00990099	0.00124809
-728.97689769	0.00138068
-728.94389439	0.00140380
-728.91089109	0.00147880
-728.87788779	0.00146755
-728.84488449	0.00138508
-728.81188119	0.00127487
-728.77887789	0.00103234
-728.74587459	0.00076685
-728.71287129	0.00043622
-728.67986799	-0.00004731
-728.64686469	-0.00043815
-728.61386139	-0.00092814
-728.58085809	-0.00141316
-728.54785479	-0.00194078
-728.51485149	-0.00228482
-728.48184818	-0.00267889
-728.44884488	-0.00302302
-728.41584158	-0.00325760
-728.38283828	-0.00346295
-728.34983498	-0.00380992
-728.31683168	-0.00411506
-728.28382838	-0.00453847
-728.25082508	-0.00524597
-728.21782178	-0.00606932
-728.18481848	-0.00708978
-728.15181518	-0.00836793
-728.11881188	-0.00968977
-728.08580858	-0.01112081
-728.05280528	-0.01241145
-728.01980198	-0.01341146
-727.98679868	-0.01394319
-727.95379538	-0.01397387
-727.92079208	-0.01324908
-727.88778878	-0.01172795
-727.85478548	-0.00978630
-727.82178218	-0.00712013
-727.78877888	-0.00431292
-727.75577558	-0.00153883
-727.72277228	0.00080720
-727.68976898	0.00268636
-727.65676568	0.00378439
-727.62376238	0.00421040
-727.59075908	0.00411644
-727.55775578	0.00368327
-727.52475248	0.00308176
-727.49174917	0.00267164
-727.45874587	0.00247328
-727.42574257	0.00249405
-727.39273927	0.00282263
-727.35973597	0.00338909
-727.32673267	0.00407718
-727.29372937	0.00475271
-727.26072607	0.00546341
-727.22772277	0.00595098
-727.19471947	0.00625550
-727.16171617	0.00621974
-727.12871287	0.00593129
-727.09570957	0.00521740
-727.06270627	0.00437927
-727.02970297	0.00318820
-726.99669967	0.00205378
-726.96369637	0.00086927
-726.93069307	-0.00034045
-726.89768977	-0.00145430
-726.86468647	-0.00251899
-726.83168317	-0.00338449
-726.79867987	-0.00419045
-726.76567657	-0.00475849
-726.73267327	-0.00537496
-726.69966997	-0.00604891
-726.66666667	-0.00687930
-726.63366337	-0.00791488
-726.60066007	-0.00936735
-726.56765677	-0.01126180
-726.53465347	-0.01356520
-726.50165017	-0.01642095
-726.46864686	-0.01954577
-726.43564356	-0.02274329
-726.40264026	-0.02583418
-726.36963696	-0.02831400
-726.33663366	-0.02984027
-726.30363036	-0.03008772
-726.27062706	-0.02870089
-726.23762376	-0.02569961
-726.20462046	-0.02113853
-726.17161716	-0.01538481
-726.13861386	-0.00900940
-726.10561056	-0.00258290
-726.07260726	0.00312652
-726.03960396	0.00764785
-726.00660066	0.01058600
-725.97359736	0.01186859
-725.94059406	0.01188752
-725.90759076	0.01072211
-725.87458746	0.00916990
-725.84158416	0.00726336
-725.80858086	0.00554376
-725.77557756	0.00376657
-725.74257426	0.00246977
-725.70957096	0.00117325
-725.67656766	0.00019877
-725.64356436	-0.00042979
-725.61056106	-0.00080787
-725.57755776	-0.00080950
-725.54455446	-0.00056608
-725.51155116	-0.00018397
-725.47854785	0.00028426
-725.44554455	0.00077912
-725.41254125	0.00133019
-725.37953795	0.00200414
-725.34653465	0.00285890
-725.31353135	0.00387420
-725.28052805	0.00516425
-725.24752475	0.00655891
-725.21452145	0.00820535
-725.18151815	0.00995148
-725.14851485	0.01207374
-725.11551155	0.01442557
-725.08250825	0.01710818
-725.04950495	0.02029504
-725.01650165	0.02382842
-724.98349835	0.02805684
-724.95049505	0.03290220
-724.91749175	0.03852683
-724.88448845	0.04491490
-724.85148515	0.05206902
-724.81848185	0.05993762
-724.78547855	0.06857875
-724.75247525	0.07785708
-724.71947195	0.08783480
-724.68646865	0.09808589
-724.65346535	0.10879051
-724.62046205	0.11954581
-724.58745875	0.13028075
-724.55445545	0.14088313
-724.52145215	0.15131076
-724.48844884	0.16151394
-724.45544554	0.17170526
-724.42244224	0.18191622
-724.38943894	0.19270271
-724.35643564	0.20430704
-724.32343234	0.21719478
-724.29042904	0.23204356
-724.25742574	0.24933211
-724.22442244	0.26973499
-724.19141914	0.29365642
-724.15841584	0.32168383
-724.12541254	0.35401541
-724.09240924	0.39048493
-724.05940594	0.43072688
-724.02640264	0.47398377
-723.99339934	0.51911236
-723.96039604	0.56441005
-723.92739274	0.60790599
-723.89438944	0.64720657
-723.86138614	0.67925148
-723.82838284	0.70135915
-723.79537954	0.71020718
-723.76237624	0.70346890
-723.72937294	0.67850193
-723.69636964	0.63456921
-723.66336634	0.57097080
-723.63036304	0.48958866
-723.59735974	0.39270194
-723.56435644	0.28445195
-723.53135314	0.16982279
-723.49834983	0.05404786
-723.46534653	-0.05806722
-723.43234323	-0.16290269
-723.39933993	-0.25919993
-723.36633663	-0.34851396
-723.33333333	-0.43577378
-723.30033003	-0.52886155
-723.26732673	-0.63789597
-723.23432343	-0.77372700
-723.20132013	-0.94666033
-723.16831683	-1.16458427
-723.13531353	-1.43116379
-723.10231023	-1.74325041
-723.06930693	-2.08916314
-723.03630363	-2.44740140
-723.00330033	-2.78687981
-722.97029703	-3.07047560
-722.93729373	-3.25952719
-722.90429043	-3.31811314
-722.87128713	-3.21928489
-722.83828383	-2.94900305
-722.80528053	-2.51286903
-722.77227723	-1.93736238
-722.73927393	-1.26880179
-722.70627063	-0.56543309
-722.67326733	0.11200827
-722.64026403	0.71105176
-722.60726073	1.19556046
-722.57425743	1.55199748
-722.54125413	1.78637325
-722.50825083	1.91728463
-722.47524752	1.96684008
-722.44224422	1.95454387
-722.40924092	1.89406008
-722.37623762	1.79546397
-722.34323432	1.66820648
-722.31023102	1.52396392
-722.27722772	1.37629248
-722.24422442	1.23712840
-722.21122112	1.11342749
-722.17821782	1.00483707
-722.14521452	0.90589873
-722.11221122	0.81032817
-722.07920792	0.71523115
-722.04620462	0.62321732
-722.01320132	0.53950714
-721.98019802	0.46917798
-721.94719472	0.41286108
-721.91419142	0.36700556
-721.88118812	0.32634238
-721.84818482	0.28633309
-721.81518152	0.24525060
-721.78217822	0.20327578
-721.74917492	0.16083826
-721.71617162	0.11791971
-721.68316832	0.07394919
-721.65016502	0.02959488
-721.61716172	-0.01300924
-721.58415842	-0.05069458
-721.55115512	-0.08052280
-721.51815182	-0.10103802
-721.48514851	-0.11212279
-721.45214521	-0.11418956
-721.41914191	-0.10755101
-721.38613861	-0.09233005
-721.35313531	-0.06968547
-721.32013201	-0.04207837
-721.28712871	-0.01316957
-721.25412541	0.01319285
-721.22112211	0.03418639
-721.18811881	0.04807290
-721.15511551	0.05453425
-721.12211221	0.05386501
-721.08910891	0.04729223
-721.05610561	0.03642182
-721.02310231	0.02315672
-720.99009901	0.00925919
-720.95709571	-0.00433075
-720.92409241	-0.01673265
-720.89108911	-0.02722425
-720.85808581	-0.03469921
-720.82508251	-0.03811129
-720.79207921	-0.03711463
-720.75907591	-0.03235301
-720.72607261	-0.02481073
-720.69306931	-0.01595561
-720.66006601	-0.00663672
-720.62706271	0.00204774
-720.59405941	0.00867346
-720.56105611	0.01209842
-720.52805281	0.01116626
-720.49504950	0.00671033
-720.46204620	0.00017245
-720.42904290	-0.00637763
-720.39603960	-0.01193889
-720.36303630	-0.01666867
-720.33003300	-0.02128089
-720.29702970	-0.02638660
-720.26402640	-0.03183947
-720.23102310	-0.03731435
-720.19801980	-0.04207472
-720.16501650	-0.04565762
-720.13201320	-0.04732007
-720.09900990	-0.04677098
-720.06600660	-0.04443298
-720.03300330	-0.04091160
-720.00000000	-0.03707439
-719.96699670	-0.03309817
-719.93399340	-0.02894032
-719.90099010	-0.02435540
-719.86798680	-0.02068297
-719.83498350	-0.01892024
-719.80198020	-0.01981823
-719.76897690	-0.02268058
-719.73597360	-0.02519437
-719.70297030	-0.02504230
-719.66996700	-0.02058855
-719.63696370	-0.01184972
-719.60396040	0.00041841
-719.57095710	0.01475865
-719.53795380	0.02965040
-719.50495050	0.04393885
-719.47194719	0.05656567
-719.43894389	0.06697973
-719.40594059	0.07470695
-719.37293729	0.07949503
-719.33993399	0.08091873
-719.30693069	0.07889657
-719.27392739	0.07334817
-719.24092409	0.06431471
-719.20792079	0.05168814
-719.17491749	0.03548616
-719.14191419	0.01641872
-719.10891089	-0.00449280
-719.07590759	-0.02479193
-719.04290429	-0.04265493
-719.00990099	-0.05606422
-718.97689769	-0.06392213
-718.94389439	-0.06613948
-718.91089109	-0.06317066
-718.87788779	-0.05639546
-718.84488449	-0.04710743
-718.81188119	-0.03653783
-718.77887789	-0.02605956
-718.74587459	-0.01707962
-718.71287129	-0.01131006
-718.67986799	-0.00993626
-718.64686469	-0.01319213
-718.61386139	-0.01992330
-718.58085809	-0.02861060
-718.54785479	-0.03746234
-718.51485149	-0.04544472
-718.48184818	-0.05185751
-718.44884488	-0.05618737
-718.41584158	-0.05802336
-718.38283828	-0.05709669
-718.34983498	-0.05355113
-718.31683168	-0.04781838
-718.28382838	-0.04069795
-718.25082508	-0.03336755
-718.21782178	-0.02668045
-718.18481848	-0.02141977
-718.15181518	-0.01719978
-718.11881188	-0.01390378
-718.08580858	-0.01097344
-718.05280528	-0.00832560
-718.01980198	-0.00606935
-717.98679868	-0.00457056
-717.95379538	-0.00351350
-717.92079208	-0.00298111
-717.88778878	-0.00286474
-717.85478548	-0.00352755
-717.82178218	-0.00554115
-717.78877888	-0.00888792
-717.75577558	-0.01294840
-717.72277228	-0.01609822
-717.68976898	-0.01702968
-717.65676568	-0.01444524
-717.62376238	-0.00888416
-717.59075908	-0.00150961
-717.55775578	0.00509742
-717.52475248	0.00872981
-717.49174917	0.00806058
-717.45874587	0.00257733
-717.42574257	-0.00643937
-717.39273927	-0.01755556
-717.35973597	-0.02870773
-717.32673267	-0.03833981
-717.29372937	-0.04555988
-717.26072607	-0.04993599
-717.22772277	-0.05161246
-717.19471947	-0.05086981
-717.16171617	-0.04822235
-717.12871287	-0.04450507
-717.09570957	-0.04011815
-717.06270627	-0.03579979
-717.02970297	-0.03173189
-716.99669967	-0.02814372
-716.96369637	-0.02528992
-716.93069307	-0.02295968
-716.89768977	-0.02126242
-716.86468647	-0.01984951
-716.83168317	-0.01926839
-716.79867987	-0.01977376
-716.76567657	-0.02177049
-716.73267327	-0.02499056
-716.69966997	-0.02819673
-716.66666667	-0.02962040
-716.63366337	-0.02754706
-716.60066007	-0.02114227
-716.56765677	-0.01119103
-716.53465347	0.00037779
-716.50165017	0.01100987
-716.46864686	0.01867744
-716.43564356	0.02256410
-716.40264026	0.02325979
-716.36963696	0.02205441
-716.33663366	0.02029177
-716.30363036	0.01860600
-716.27062706	0.01715709
-716.23762376	0.01564831
-716.20462046	0.01414164
-716.17161716	0.01313151
-716.13861386	0.01289744
-716.10561056	0.01407547
-716.07260726	0.01685735
-716.03960396	0.02059484
-716.00660066	0.02479344
-715.97359736	0.02825411
-715.94059406	0.03066590
-715.90759076	0.03213941
-715.87458746	0.03314360
-715.84158416	0.03442493
-715.80858086	0.03630116
-715.77557756	0.03867401
-715.74257426	0.04090586
-715.70957096	0.04165119
-715.67656766	0.04013970
-715.64356436	0.03551298
-715.61056106	0.02762777
-715.57755776	0.01689331
-715.54455446	0.00456106
-715.51155116	-0.00822874
-715.47854785	-0.01971345
-715.44554455	-0.02909285
-715.41254125	-0.03561346
-715.37953795	-0.03967277
-715.34653465	-0.04182950
-715.31353135	-0.04309594
-715.28052805	-0.04460848
-715.24752475	-0.04720379
-715.21452145	-0.05138519
-715.18151815	-0.05770468
-715.14851485	-0.06563156
-715.11551155	-0.07427572
-715.08250825	-0.08164572
-715.04950495	-0.08579041
-715.01650165	-0.08522894
-714.98349835	-0.07945728
-714.95049505	-0.06948966
-714.91749175	-0.05662119
-714.88448845	-0.04277125
-714.85148515	-0.02924942
-714.81848185	-0.01672704
-714.78547855	-0.00513511
-714.75247525	0.00595958
-714.71947195	0.01707485
-714.68646865	0.02829887
-714.65346535	0.03896851
-714.62046205	0.04805846
-714.58745875	0.05462298
-714.55445545	0.05802444
-714.52145215	0.05812141
-714.48844884	0.05519668
-714.45544554	0.04980435
-714.42244224	0.04280479
-714.38943894	0.03541505
-714.35643564	0.02882777
-714.32343234	0.02434846
-714.29042904	0.02294721
-714.25742574	0.02445243
-714.22442244	0.02842473
-714.19141914	0.03362298
-714.15841584	0.03905596
-714.12541254	0.04347409
-714.09240924	0.04696430
-714.05940594	0.04937271
-714.02640264	0.05096455
-713.99339934	0.05179388
-713.96039604	0.05194139
-713.92739274	0.05118368
-713.89438944	0.04877886
-713.86138614	0.04439374
-713.82838284	0.03727732
-713.79537954	0.02743461
-713.76237624	0.01577692
-713.72937294	0.00367439
-713.69636964	-0.00741109
-713.66336634	-0.01588704
-713.63036304	-0.02159771
-713.59735974	-0.02458258
-713.56435644	-0.02565981
-713.53135314	-0.02564959
-713.49834983	-0.02534810
-713.46534653	-0.02533705
-713.43234323	-0.02567733
-713.39933993	-0.02658441
-713.36633663	-0.02777183
-713.33333333	-0.02888902
-713.30033003	-0.02952804
-713.26732673	-0.02907048
-713.23432343	-0.02762416
-713.20132013	-0.02575981
-713.16831683	-0.02401125
-713.13531353	-0.02310936
-713.10231023	-0.02282736
-713.06930693	-0.02291239
-713.03630363	-0.02266025
-713.00330033	-0.02173897
-712.97029703	-0.02026255
-712.93729373	-0.01811191
-712.90429043	-0.01553278
-712.87128713	-0.01255425
-712.83828383	-0.00887774
-712.80528053	-0.00466127
-712.77227723	-0.00037492
-712.73927393	0.00304477
-712.70627063	0.00470883
-712.67326733	0.00365631
-712.64026403	0.00003019
-712.60726073	-0.00517550
-712.57425743	-0.01081067
-712.54125413	-0.01533359
-712.50825083	-0.01801984
-712.47524752	-0.01820520
-712.44224422	-0.01605794
-712.40924092	-0.01210214
-712.37623762	-0.00703693
-712.34323432	-0.00164814
-712.31023102	0.00326600
-712.27722772	0.00693689
-712.24422442	0.00907904
-712.21122112	0.00949144
-712.17821782	0.00863698
-712.14521452	0.00738389
-712.11221122	0.00620140
-712.07920792	0.00572106
-712.04620462	0.00570746
-712.01320132	0.00572823
-711.98019802	0.00538415
-711.94719472	0.00462608
-711.91419142	0.00353365
-711.88118812	0.00219893
-711.84818482	0.00093735
-711.81518152	-0.00003210
-711.78217822	-0.00061685
-711.74917492	-0.00087237
-711.71617162	-0.00072332
-711.68316832	-0.00016147
-711.65016502	0.00056765
-711.61716172	0.00141332
-711.58415842	0.00250887
-711.55115512	0.00391380
-711.51815182	0.00546094
-711.48514851	0.00685245
-711.45214521	0.00738335
-711.41914191	0.00634874
-711.38613861	0.00356269
-711.35313531	-0.00043584
-711.32013201	-0.00476474
-711.28712871	-0.00842101
-711.25412541	-0.01080994
-711.22112211	-0.01166117
-711.18811881	-0.01102277
-711.15511551	-0.00887142
-711.12211221	-0.00523022
-711.08910891	-0.00034529
-711.05610561	0.00541847
-711.02310231	0.01110719
-710.99009901	0.01614659
-710.95709571	0.01985718
-710.92409241	0.02227563
-710.89108911	0.02358430
-710.85808581	0.02403779
-710.82508251	0.02393624
-710.79207921	0.02304552
-710.75907591	0.02107588
-710.72607261	0.01753046
-710.69306931	0.01214982
-710.66006601	0.00520923
-710.62706271	-0.00245837
-710.59405941	-0.00977732
-710.56105611	-0.01569403
-710.52805281	-0.01961682
-710.49504950	-0.02122976
-710.46204620	-0.02059495
-710.42904290	-0.01782295
-710.39603960	-0.01315728
-710.36303630	-0.00693991
-710.33003300	0.00016031
-710.29702970	0.00730579
-710.26402640	0.01349877
-710.23102310	0.01789002
-710.19801980	0.02022829
-710.16501650	0.02069569
-710.13201320	0.01977160
-710.09900990	0.01835948
-710.06600660	0.01675051
-710.03300330	0.01484649
-710.00000000	0.01249712
-709.96699670	0.00893875
-709.93399340	0.00391092
-709.90099010	-0.00256549
-709.86798680	-0.01003168
-709.83498350	-0.01707953
-709.80198020	-0.02235358
-709.76897690	-0.02471356
-709.73597360	-0.02336797
-709.70297030	-0.01889414
-709.66996700	-0.01245185
-709.63696370	-0.00572891
-709.60396040	0.00000789
-709.57095710	0.00387917
-709.53795380	0.00574447
-709.50495050	0.00569396
-709.47194719	0.00426448
-709.43894389	0.00173723
-709.40594059	-0.00117687
-709.37293729	-0.00380739
-709.33993399	-0.00540574
-709.30693069	-0.00517924
-709.27392739	-0.00286141
-709.24092409	0.00127203
-709.20792079	0.00677248
-709.17491749	0.01254093
-709.14191419	0.01768267
-709.10891089	0.02153813
-709.07590759	0.02371703
-709.04290429	0.02437769
-709.00990099	0.02400176
-708.97689769	0.02267136
-708.94389439	0.02044975
-708.91089109	0.01736820
-708.87788779	0.01296581
-708.84488449	0.00746249
-708.81188119	0.00139253
-708.77887789	-0.00435380
-708.74587459	-0.00881445
-708.71287129	-0.01104997
-708.67986799	-0.01066925
-708.64686469	-0.00740641
-708.61386139	-0.00187208
-708.58085809	0.00524428
-708.54785479	0.01297547
-708.51485149	0.02064715
-708.48184818	0.02748185
-708.44884488	0.03334615
-708.41584158	0.03748887
-708.38283828	0.03912187
-708.34983498	0.03742383
-708.31683168	0.03175882
-708.28382838	0.02265752
-708.25082508	0.01158908
-708.21782178	0.00015396
-708.18481848	-0.00973838
-708.15181518	-0.01695712
-708.11881188	-0.02166680
-708.08580858	-0.02422256
-708.05280528	-0.02527359
-708.01980198	-0.02491493
-707.98679868	-0.02312295
-707.95379538	-0.01995934
-707.92079208	-0.01568153
-707.88778878	-0.01128110
-707.85478548	-0.00759710
-707.82178218	-0.00538950
-707.78877888	-0.00522896
-707.75577558	-0.00698286
-707.72277228	-0.01041659
-707.68976898	-0.01492087
-707.65676568	-0.01959360
-707.62376238	-0.02344554
-707.59075908	-0.02547344
-707.55775578	-0.02487608
-707.52475248	-0.02096102
-707.49174917	-0.01385729
-707.45874587	-0.00407374
-707.42574257	0.00729583
-707.39273927	0.01907836
-707.35973597	0.02961006
-707.32673267	0.03769961
-707.29372937	0.04234489
-707.26072607	0.04261664
-707.22772277	0.03839731
-707.19471947	0.03048286
-707.16171617	0.01988031
-707.12871287	0.00851525
-707.09570957	-0.00200874
-707.06270627	-0.01076591
-707.02970297	-0.01735993
-706.99669967	-0.02203239
-706.96369637	-0.02552952
-706.93069307	-0.02777713
-706.89768977	-0.02854941
-706.86468647	-0.02683075
-706.83168317	-0.02174193
-706.79867987	-0.01274039
-706.76567657	-0.00044059
-706.73267327	0.01379824
-706.69966997	0.02797480
-706.66666667	0.03978555
-706.63366337	0.04713661
-706.60066007	0.04849739
-706.56765677	0.04368129
-706.53465347	0.03347697
-706.50165017	0.01943313
-706.46864686	0.00413595
-706.43564356	-0.01080995
-706.40264026	-0.02341544
-706.36963696	-0.03260679
-706.33663366	-0.03775563
-706.30363036	-0.03895004
-706.27062706	-0.03651240
-706.23762376	-0.03167285
-706.20462046	-0.02573464
-706.17161716	-0.02007325
-706.13861386	-0.01556227
-706.10561056	-0.01253598
-706.07260726	-0.01067474
-706.03960396	-0.00919800
-706.00660066	-0.00735808
-705.97359736	-0.00515353
-705.94059406	-0.00290465
-705.90759076	-0.00089151
-705.87458746	0.00034935
-705.84158416	0.00108804
-705.80858086	0.00161772
-705.77557756	0.00213278
-705.74257426	0.00303283
-705.70957096	0.00439334
-705.67656766	0.00595016
-705.64356436	0.00761156
-705.61056106	0.00913331
-705.57755776	0.01043679
-705.54455446	0.01146862
-705.51155116	0.01186798
-705.47854785	0.01174103
-705.44554455	0.01068283
-705.41254125	0.00871932
-705.37953795	0.00584022
-705.34653465	0.00214610
-705.31353135	-0.00212053
-705.28052805	-0.00701718
-705.24752475	-0.01227846
-705.21452145	-0.01773550
-705.18151815	-0.02268253
-705.14851485	-0.02640651
-705.11551155	-0.02794817
-705.08250825	-0.02635313
-705.04950495	-0.02164201
-705.01650165	-0.01412903
-704.98349835	-0.00474323
-704.95049505	0.00508362
-704.91749175	0.01424899
-704.88448845	0.02201489
-704.85148515	0.02756980
-704.81848185	0.03049156
-704.78547855	0.03097308
-704.75247525	0.02854566
-704.71947195	0.02324536
-704.68646865	0.01572624
-704.65346535	0.00655314
-704.62046205	-0.00306629
-704.58745875	-0.01173560
-704.55445545	-0.01867025
-704.52145215	-0.02304152
-704.48844884	-0.02472380
-704.45544554	-0.02368601
-704.42244224	-0.02036785
-704.38943894	-0.01517584
-704.35643564	-0.00889383
-704.32343234	-0.00248210
-704.29042904	0.00320953
-704.25742574	0.00720256
-704.22442244	0.00885866
-704.19141914	0.00817630
-704.15841584	0.00521187
-704.12541254	0.00084521
-704.09240924	-0.00385351
-704.05940594	-0.00795562
-704.02640264	-0.01044528
-703.99339934	-0.01096065
-703.96039604	-0.00979009
-703.92739274	-0.00733562
-703.89438944	-0.00421719
-703.86138614	-0.00087247
-703.82838284	0.00268611
-703.79537954	0.00630987
-703.76237624	0.01032371
-703.72937294	0.01443720
-703.69636964	0.01813824
-703.66336634	0.02038139
-703.63036304	0.02014008
-703.59735974	0.01663814
-703.56435644	0.01002986
-703.53135314	0.00137530
-703.49834983	-0.00759101
-703.46534653	-0.01541023
-703.43234323	-0.02115192
-703.39933993	-0.02428656
-703.36633663	-0.02505426
-703.33333333	-0.02357206
-703.30033003	-0.01988684
-703.26732673	-0.01359113
-703.23432343	-0.00472878
-703.20132013	0.00634724
-703.16831683	0.01889046
-703.13531353	0.03122868
-703.10231023	0.04192010
-703.06930693	0.04916436
-703.03630363	0.05158139
-703.00330033	0.04886967
-702.97029703	0.04122309
-702.93729373	0.02993629
-702.90429043	0.01673871
-702.87128713	0.00325678
-702.83828383	-0.00905763
-702.80528053	-0.01912713
-702.77227723	-0.02633170
-702.73927393	-0.03009709
-702.70627063	-0.03029560
-702.67326733	-0.02709385
-702.64026403	-0.02127619
-702.60726073	-0.01397354
-702.57425743	-0.00661244
-702.54125413	-0.00003945
-702.50825083	0.00507886
-702.47524752	0.00844018
-702.44224422	0.01006760
-702.40924092	0.01020642
-702.37623762	0.00869548
-702.34323432	0.00564316
-702.31023102	0.00123776
-702.27722772	-0.00415179
-702.24422442	-0.00966276
-702.21122112	-0.01408857
-702.17821782	-0.01642324
-702.14521452	-0.01578695
-702.11221122	-0.01224370
-702.07920792	-0.00671233
-702.04620462	-0.00042741
-702.01320132	0.00513154
-701.98019802	0.00888649
-701.94719472	0.01044399
-701.91419142	0.00981203
-701.88118812	0.00748625
-701.84818482	0.00414668
-701.81518152	0.00057790
-701.78217822	-0.00237453
-701.74917492	-0.00431426
-701.71617162	-0.00521523
-701.68316832	-0.00545480
-701.65016502	-0.00568847
-701.61716172	-0.00634372
-701.58415842	-0.00738425
-701.55115512	-0.00859817
-701.51815182	-0.00919986
-701.48514851	-0.00873234
-701.45214521	-0.00666231
-701.41914191	-0.00317324
-701.38613861	0.00143637
-701.35313531	0.00665399
-701.32013201	0.01122163
-701.28712871	0.01438519
-701.25412541	0.01521699
-701.22112211	0.01315606
-701.18811881	0.00828716
-701.15511551	0.00090207
-701.12211221	-0.00753445
-701.08910891	-0.01525879
-701.05610561	-0.02087337
-701.02310231	-0.02303769
-700.99009901	-0.02188550
-700.95709571	-0.01821740
-700.92409241	-0.01318386
-700.89108911	-0.00805485
-700.85808581	-0.00351196
-700.82508251	0.00027053
-700.79207921	0.00339708
-700.75907591	0.00600445
-700.72607261	0.00794226
-700.69306931	0.00889151
-700.66006601	0.00860725
-700.62706271	0.00694510
-700.59405941	0.00401795
-700.56105611	0.00018982
-700.52805281	-0.00388313
-700.49504950	-0.00791317
-700.46204620	-0.01106785
-700.42904290	-0.01283910
-700.39603960	-0.01274107
-700.36303630	-0.01063549
-700.33003300	-0.00667153
-700.29702970	-0.00136178
-700.26402640	0.00436649
-700.23102310	0.00954780
-700.19801980	0.01344048
-700.16501650	0.01563612
-700.13201320	0.01580984
-700.09900990	0.01420480
-700.06600660	0.01118798
-700.03300330	0.00732457
-700.00000000	0.00314116
-699.96699670	-0.00070559
-699.93399340	-0.00385374
-699.90099010	-0.00626330
-699.86798680	-0.00802370
-699.83498350	-0.00911024
-699.80198020	-0.00945699
-699.76897690	-0.00887977
-699.73597360	-0.00689026
-699.70297030	-0.00350113
-699.66996700	0.00078661
-699.63696370	0.00560635
-699.60396040	0.01037822
-699.57095710	0.01455679
-699.53795380	0.01800768
-699.50495050	0.02044741
-699.47194719	0.02123293
-699.43894389	0.02012817
-699.40594059	0.01660519
-699.37293729	0.01061736
-699.33993399	0.00292080
-699.30693069	-0.00536394
-699.27392739	-0.01347569
-699.24092409	-0.02023454
-699.20792079	-0.02479120
-699.17491749	-0.02685949
-699.14191419	-0.02588836
-699.10891089	-0.02182792
-699.07590759	-0.01511192
-699.04290429	-0.00655964
-699.00990099	0.00246016
-698.97689769	0.01016226
-698.94389439	0.01532946
-698.91089109	0.01681931
-698.87788779	0.01474284
-698.84488449	0.00999032
-698.81188119	0.00373105
-698.77887789	-0.00279248
-698.74587459	-0.00867808
-698.71287129	-0.01344712
-698.67986799	-0.01695811
-698.64686469	-0.01928425
-698.61386139	-0.02068995
-698.58085809	-0.02130662
-698.54785479	-0.02114329
-698.51485149	-0.02028959
-698.48184818	-0.01855650
-698.44884488	-0.01563755
-698.41584158	-0.01148313
-698.38283828	-0.00630210
-698.34983498	-0.00079368
-698.31683168	0.00394129
-698.28382838	0.00692356
-698.25082508	0.00763081
-698.21782178	0.00624486
-698.18481848	0.00317964
-698.15181518	-0.00032795
-698.11881188	-0.00356955
-698.08580858	-0.00553316
-698.05280528	-0.00541981
-698.01980198	-0.00289359
-697.98679868	0.00188752
-697.95379538	0.00812568
-697.92079208	0.01449777
-697.88778878	0.01977704
-697.85478548	0.02300476
-697.82178218	0.02388158
-697.78877888	0.02262169
-697.75577558	0.01972703
-697.72277228	0.01603403
-697.68976898	0.01170404
-697.65676568	0.00698787
-697.62376238	0.00191725
-697.59075908	-0.00359662
-697.55775578	-0.00895220
-697.52475248	-0.01318298
-697.49174917	-0.01549368
-697.45874587	-0.01497762
-697.42574257	-0.01125866
-697.39273927	-0.00488233
-697.35973597	0.00257225
-697.32673267	0.00972304
-697.29372937	0.01508633
-697.26072607	0.01745101
-697.22772277	0.01675080
-697.19471947	0.01361932
-697.16171617	0.00859152
-697.12871287	0.00281540
-697.09570957	-0.00289529
-697.06270627	-0.00800225
-697.02970297	-0.01185803
-696.99669967	-0.01469708
-696.96369637	-0.01638500
-696.93069307	-0.01716531
-696.89768977	-0.01706885
-696.86468647	-0.01597563
-696.83168317	-0.01417720
-696.79867987	-0.01159536
-696.76567657	-0.00838841
-696.73267327	-0.00484769
-696.69966997	-0.00073422
-696.66666667	0.00355037
-696.63366337	0.00790802
-696.60066007	0.01182579
-696.56765677	0.01470369
-696.53465347	0.01626935
-696.50165017	0.01607767
-696.46864686	0.01457998
-696.43564356	0.01218104
-696.40264026	0.00930412
-696.36963696	0.00636830
-696.33663366	0.00383331
-696.30363036	0.00184114
-696.27062706	0.00053226
-696.23762376	0.00004563
-696.20462046	0.00059178
-696.17161716	0.00217504
-696.13861386	0.00473691
-696.10561056	0.00819432
-696.07260726	0.01167926
-696.03960396	0.01456582
-696.00660066	0.01590089
-695.97359736	0.01520833
-695.94059406	0.01260061
-695.90759076	0.00840356
-695.87458746	0.00331857
-695.84158416	-0.00201328
-695.80858086	-0.00676107
-695.77557756	-0.01011748
-695.74257426	-0.01176944
-695.70957096	-0.01122302
-695.67656766	-0.00884918
-695.64356436	-0.00518227
-695.61056106	-0.00101617
-695.57755776	0.00302445
-695.54455446	0.00646150
-695.51155116	0.00901496
-695.47854785	0.01076620
-695.44554455	0.01156166
-695.41254125	0.01126831
-695.37953795	0.01014017
-695.34653465	0.00834644
-695.31353135	0.00616581
-695.28052805	0.00388931
-695.24752475	0.00198768
-695.21452145	0.00008997
-695.18151815	-0.00171425
-695.14851485	-0.00366091
-695.11551155	-0.00586003
-695.08250825	-0.00806478
-695.04950495	-0.00983221
-695.01650165	-0.01078281
-694.98349835	-0.01080401
-694.95049505	-0.00980827
-694.91749175	-0.00808596
-694.88448845	-0.00590612
-694.85148515	-0.00330885
-694.81848185	-0.00032852
-694.78547855	0.00319223
-694.75247525	0.00690909
-694.71947195	0.01061145
-694.68646865	0.01396434
-694.65346535	0.01643972
-694.62046205	0.01795926
-694.58745875	0.01840263
-694.55445545	0.01793168
-694.52145215	0.01674661
-694.48844884	0.01488237
-694.45544554	0.01253036
-694.42244224	0.00970532
-694.38943894	0.00630687
-694.35643564	0.00257926
-694.32343234	-0.00119151
-694.29042904	-0.00469212
-694.25742574	-0.00718004
-694.22442244	-0.00822962
-694.19141914	-0.00791285
-694.15841584	-0.00639752
-694.12541254	-0.00442863
-694.09240924	-0.00253966
-694.05940594	-0.00101870
-694.02640264	-0.00040729
-693.99339934	-0.00026267
-693.96039604	-0.00013817
-693.92739274	0.00026509
-693.89438944	0.00131567
-693.86138614	0.00332522
-693.82838284	0.00629394
-693.79537954	0.00969789
-693.76237624	0.01318845
-693.72937294	0.01622880
-693.69636964	0.01780607
-693.66336634	0.01768439
-693.63036304	0.01526978
-693.59735974	0.01075102
-693.56435644	0.00473081
-693.53135314	-0.00191208
-693.49834983	-0.00790730
-693.46534653	-0.01234347
-693.43234323	-0.01485654
-693.39933993	-0.01548518
-693.36633663	-0.01499065
-693.33333333	-0.01392225
-693.30033003	-0.01289974
-693.26732673	-0.01257369
-693.23432343	-0.01275876
-693.20132013	-0.01356757
-693.16831683	-0.01471989
-693.13531353	-0.01573973
-693.10231023	-0.01599655
-693.06930693	-0.01485408
-693.03630363	-0.01227485
-693.00330033	-0.00801994
-692.97029703	-0.00282439
-692.93729373	0.00244576
-692.90429043	0.00703237
-692.87128713	0.00988000
-692.83828383	0.01076696
-692.80528053	0.00951063
-692.77227723	0.00661613
-692.73927393	0.00275556
-692.70627063	-0.00150119
-692.67326733	-0.00535491
-692.64026403	-0.00831616
-692.60726073	-0.01013998
-692.57425743	-0.01070131
-692.54125413	-0.01018056
-692.50825083	-0.00890954
-692.47524752	-0.00725318
-692.44224422	-0.00552123
-692.40924092	-0.00371316
-692.37623762	-0.00187498
-692.34323432	-0.00036112
-692.31023102	0.00067276
-692.27722772	0.00086789
-692.24422442	-0.00026438
-692.21122112	-0.00256426
-692.17821782	-0.00563894
-692.14521452	-0.00862484
-692.11221122	-0.01054272
-692.07920792	-0.01104394
-692.04620462	-0.00988235
-692.01320132	-0.00762298
-691.98019802	-0.00470063
-691.94719472	-0.00195937
-691.91419142	-0.00016771
-691.88118812	0.00031625
-691.84818482	-0.00065483
-691.81518152	-0.00300874
-691.78217822	-0.00604859
-691.74917492	-0.00887734
-691.71617162	-0.01081960
-691.68316832	-0.01137378
-691.65016502	-0.01074233
-691.61716172	-0.00936739
-691.58415842	-0.00804438
-691.55115512	-0.00746386
-691.51815182	-0.00775421
-691.48514851	-0.00879546
-691.45214521	-0.01012299
-691.41914191	-0.01129639
-691.38613861	-0.01197133
-691.35313531	-0.01192111
-691.32013201	-0.01094813
-691.28712871	-0.00883623
-691.25412541	-0.00551579
-691.22112211	-0.00105268
-691.18811881	0.00473362
-691.15511551	0.01114221
-691.12211221	0.01767161
-691.08910891	0.02370667
-691.05610561	0.02799578
-691.02310231	0.03019546
-690.99009901	0.02978925
-690.95709571	0.02715755
-690.92409241	0.02269927
-690.89108911	0.01712517
-690.85808581	0.01149443
-690.82508251	0.00658549
-690.79207921	0.00267091
-690.75907591	0.00026468
-690.72607261	-0.00091558
-690.69306931	-0.00081618
-690.66006601	0.00020275
-690.62706271	0.00212625
-690.59405941	0.00420346
-690.56105611	0.00633574
-690.52805281	0.00817990
-690.49504950	0.00946836
-690.46204620	0.01058294
-690.42904290	0.01173823
-690.39603960	0.01309779
-690.36303630	0.01474852
-690.33003300	0.01617446
-690.29702970	0.01681850
-690.26402640	0.01662519
-690.23102310	0.01544704
-690.19801980	0.01365403
-690.16501650	0.01178331
-690.13201320	0.01002004
-690.09900990	0.00829448
-690.06600660	0.00620361
-690.03300330	0.00352746
-690.00000000	0.00015476
-689.96699670	-0.00369332
-689.93399340	-0.00757212
-689.90099010	-0.01091157
-689.86798680	-0.01310041
-689.83498350	-0.01405388
-689.80198020	-0.01352504
-689.76897690	-0.01172209
-689.73597360	-0.00898544
-689.70297030	-0.00594988
-689.66996700	-0.00318719
-689.63696370	-0.00150413
-689.60396040	-0.00110746
-689.57095710	-0.00204809
-689.53795380	-0.00412149
-689.50495050	-0.00666569
-689.47194719	-0.00923050
-689.43894389	-0.01140787
-689.40594059	-0.01299479
-689.37293729	-0.01384017
-689.33993399	-0.01379234
-689.30693069	-0.01274503
-689.27392739	-0.01072071
-689.24092409	-0.00785852
-689.20792079	-0.00459044
-689.17491749	-0.00164179
-689.14191419	0.00022298
-689.10891089	0.00058635
-689.07590759	-0.00075290
-689.04290429	-0.00356369
-689.00990099	-0.00698291
-688.97689769	-0.01032343
-688.94389439	-0.01295819
-688.91089109	-0.01429219
-688.87788779	-0.01419085
-688.84488449	-0.01280016
-688.81188119	-0.00990362
-688.77887789	-0.00590157
-688.74587459	-0.00126346
-688.71287129	0.00374612
-688.67986799	0.00824669
-688.64686469	0.01149938
-688.61386139	0.01309937
-688.58085809	0.01290143
-688.54785479	0.01119511
-688.51485149	0.00870372
-688.48184818	0.00609391
-688.44884488	0.00404316
-688.41584158	0.00262206
-688.38283828	0.00179317
-688.34983498	0.00119628
-688.31683168	0.00059463
-688.28382838	-0.00006512
-688.25082508	-0.00060141
-688.21782178	-0.00070015
-688.18481848	-0.00012268
-688.15181518	0.00061822
-688.11881188	0.00137895
-688.08580858	0.00177200
-688.05280528	0.00133484
-688.01980198	0.00013118
-687.98679868	-0.00165569
-687.95379538	-0.00379725
-687.92079208	-0.00599310
-687.88778878	-0.00798492
-687.85478548	-0.00976630
-687.82178218	-0.01132317
-687.78877888	-0.01251377
-687.75577558	-0.01335195
-687.72277228	-0.01368829
-687.68976898	-0.01329263
-687.65676568	-0.01189061
-687.62376238	-0.00940337
-687.59075908	-0.00571017
-687.55775578	-0.00109931
-687.52475248	0.00378966
-687.49174917	0.00833998
-687.45874587	0.01210264
-687.42574257	0.01455731
-687.39273927	0.01540569
-687.35973597	0.01501409
-687.32673267	0.01324863
-687.29372937	0.01050828
-687.26072607	0.00719953
-687.22772277	0.00320929
-687.19471947	-0.00079995
-687.16171617	-0.00472798
-687.12871287	-0.00791808
-687.09570957	-0.00986229
-687.06270627	-0.01026815
-687.02970297	-0.00911809
-686.99669967	-0.00652670
-686.96369637	-0.00284196
-686.93069307	0.00147751
-686.89768977	0.00593565
-686.86468647	0.01012864
-686.83168317	0.01347964
-686.79867987	0.01527751
-686.76567657	0.01523841
-686.73267327	0.01327869
-686.69966997	0.00978788
-686.66666667	0.00576240
-686.63366337	0.00175045
-686.60066007	-0.00123753
-686.56765677	-0.00320359
-686.53465347	-0.00407522
-686.50165017	-0.00435132
-686.46864686	-0.00439728
-686.43564356	-0.00464148
-686.40264026	-0.00529601
-686.36963696	-0.00623286
-686.33663366	-0.00710944
-686.30363036	-0.00798366
-686.27062706	-0.00839284
-686.23762376	-0.00825113
-686.20462046	-0.00784268
-686.17161716	-0.00700427
-686.13861386	-0.00646265
-686.10561056	-0.00623630
-686.07260726	-0.00666923
-686.03960396	-0.00787230
-686.00660066	-0.00983821
-685.97359736	-0.01215975
-685.94059406	-0.01442435
-685.90759076	-0.01600596
-685.87458746	-0.01658718
-685.84158416	-0.01598192
-685.80858086	-0.01435306
-685.77557756	-0.01202154
-685.74257426	-0.00961234
-685.70957096	-0.00724754
-685.67656766	-0.00490315
-685.64356436	-0.00270926
-685.61056106	-0.00034493
-685.57755776	0.00184353
-685.54455446	0.00375424
-685.51155116	0.00502676
-685.47854785	0.00570257
-685.44554455	0.00589977
-685.41254125	0.00571220
-685.37953795	0.00545948
-685.34653465	0.00517887
-685.31353135	0.00478386
-685.28052805	0.00440602
-685.24752475	0.00414488
-685.21452145	0.00460392
-685.18151815	0.00634305
-685.14851485	0.00957231
-685.11551155	0.01423319
-685.08250825	0.01963716
-685.04950495	0.02458617
-685.01650165	0.02819846
-684.98349835	0.03021279
-684.95049505	0.03042955
-684.91749175	0.02962314
-684.88448845	0.02842163
-684.85148515	0.02723993
-684.81848185	0.02664743
-684.78547855	0.02645984
-684.75247525	0.02680644
-684.71947195	0.02778205
-684.68646865	0.02929753
-684.65346535	0.03142621
-684.62046205	0.03380411
-684.58745875	0.03600849
-684.55445545	0.03777603
-684.52145215	0.03886350
-684.48844884	0.03904357
-684.45544554	0.03833589
-684.42244224	0.03670959
-684.38943894	0.03396260
-684.35643564	0.03047196
-684.32343234	0.02608942
-684.29042904	0.02124150
-684.25742574	0.01644171
-684.22442244	0.01197005
-684.19141914	0.00829990
-684.15841584	0.00581819
-684.12541254	0.00452291
-684.09240924	0.00439594
-684.05940594	0.00528349
-684.02640264	0.00666931
-683.99339934	0.00840801
-683.96039604	0.01000865
-683.92739274	0.01109288
-683.89438944	0.01140664
-683.86138614	0.01057904
-683.82838284	0.00878945
-683.79537954	0.00603568
-683.76237624	0.00268076
-683.72937294	-0.00102743
-683.69636964	-0.00492705
-683.66336634	-0.00862660
-683.63036304	-0.01214275
-683.59735974	-0.01524932
-683.56435644	-0.01772727
-683.53135314	-0.01941338
-683.49834983	-0.01996326
-683.46534653	-0.01931029
-683.43234323	-0.01739210
-683.39933993	-0.01446637
-683.36633663	-0.01117213
-683.33333333	-0.00768502
-683.30033003	-0.00478746
-683.26732673	-0.00271745
-683.23432343	-0.00186539
-683.20132013	-0.00253443
-683.16831683	-0.00487068
-683.13531353	-0.00898199
-683.10231023	-0.01453153
-683.06930693	-0.02113960
-683.03630363	-0.02789241
-683.00330033	-0.03357152
-682.97029703	-0.03735493
-682.93729373	-0.03858493
-682.90429043	-0.03705075
-682.87128713	-0.03314088
-682.83828383	-0.02759498
-682.80528053	-0.02145220
-682.77227723	-0.01567581
-682.73927393	-0.01144284
-682.70627063	-0.00936803
-682.67326733	-0.00981858
-682.64026403	-0.01264281
-682.60726073	-0.01742132
-682.57425743	-0.02304810
-682.54125413	-0.02852511
-682.50825083	-0.03273512
-682.47524752	-0.03504953
-682.44224422	-0.03515779
-682.40924092	-0.03332244
-682.37623762	-0.03023286
-682.34323432	-0.02654926
-682.31023102	-0.02329205
-682.27722772	-0.02089925
-682.24422442	-0.01963604
-682.21122112	-0.01970150
-682.17821782	-0.02076619
-682.14521452	-0.02259422
-682.11221122	-0.02447748
-682.07920792	-0.02613100
-682.04620462	-0.02715410
-682.01320132	-0.02746991
-681.98019802	-0.02712114
-681.94719472	-0.02608742
-681.91419142	-0.02424542
-681.88118812	-0.02173254
-681.84818482	-0.01839361
-681.81518152	-0.01438322
-681.78217822	-0.01043256
-681.74917492	-0.00680797
-681.71617162	-0.00403721
-681.68316832	-0.00213276
-681.65016502	-0.00105135
-681.61716172	-0.00031963
-681.58415842	0.00043222
-681.55115512	0.00110365
-681.51815182	0.00172198
-681.48514851	0.00137766
-681.45214521	0.00002704
-681.41914191	-0.00254930
-681.38613861	-0.00623995
-681.35313531	-0.01011198
-681.32013201	-0.01359825
-681.28712871	-0.01618762
-681.25412541	-0.01727085
-681.22112211	-0.01672557
-681.18811881	-0.01446004
-681.15511551	-0.01068406
-681.12211221	-0.00566564
-681.08910891	-0.00021171
-681.05610561	0.00503667
-681.02310231	0.00913449
-680.99009901	0.01163375
-680.95709571	0.01244757
-680.92409241	0.01191817
-680.89108911	0.01054795
-680.85808581	0.00882948
-680.82508251	0.00706263
-680.79207921	0.00525442
-680.75907591	0.00339652
-680.72607261	0.00158004
-680.69306931	0.00004355
-680.66006601	-0.00086745
-680.62706271	-0.00085832
-680.59405941	0.00012237
-680.56105611	0.00209408
-680.52805281	0.00449237
-680.49504950	0.00685869
-680.46204620	0.00871611
-680.42904290	0.00986309
-680.39603960	0.01029869
-680.36303630	0.01021101
-680.33003300	0.00983147
-680.29702970	0.00931068
-680.26402640	0.00872686
-680.23102310	0.00835242
-680.19801980	0.00802853
-680.16501650	0.00798782
-680.13201320	0.00807453
-680.09900990	0.00833532
-680.06600660	0.00858434
-680.03300330	0.00876672
-680.00000000	0.00901232
-679.96699670	0.00934970
-679.93399340	0.01019514
-679.90099010	0.01155231
-679.86798680	0.01351096
-679.83498350	0.01553968
-679.80198020	0.01746483
-679.76897690	0.01854148
-679.73597360	0.01843756
-679.70297030	0.01723558
-679.66996700	0.01475386
-679.63696370	0.01150020
-679.60396040	0.00789685
-679.57095710	0.00420802
-679.53795380	0.00075428
-679.50495050	-0.00222089
-679.47194719	-0.00431202
-679.43894389	-0.00538304
-679.40594059	-0.00490291
-679.37293729	-0.00285735
-679.33993399	0.00057556
-679.30693069	0.00486330
-679.27392739	0.00976307
-679.24092409	0.01455733
-679.20792079	0.01893490
-679.17491749	0.02265405
-679.14191419	0.02549587
-679.10891089	0.02736104
-679.07590759	0.02791372
-679.04290429	0.02726489
-679.00990099	0.02517247
-678.97689769	0.02205091
-678.94389439	0.01792711
-678.91089109	0.01358911
-678.87788779	0.00931274
-678.84488449	0.00567758
-678.81188119	0.00293584
-678.77887789	0.00142436
-678.74587459	0.00080893
-678.71287129	0.00142005
-678.67986799	0.00268077
-678.64686469	0.00462509
-678.61386139	0.00675604
-678.58085809	0.00870604
-678.54785479	0.01028473
-678.51485149	0.01139707
-678.48184818	0.01199497
-678.44884488	0.01234188
-678.41584158	0.01256390
-678.38283828	0.01283164
-678.34983498	0.01313901
-678.31683168	0.01385942
-678.28382838	0.01495725
-678.25082508	0.01665804
-678.21782178	0.01844243
-678.18481848	0.02029119
-678.15181518	0.02115828
-678.11881188	0.02108122
-678.08580858	0.01952589
-678.05280528	0.01689115
-678.01980198	0.01338649
-677.98679868	0.00939024
-677.95379538	0.00529886
-677.92079208	0.00123814
-677.88778878	-0.00277706
-677.85478548	-0.00664175
-677.82178218	-0.01017305
-677.78877888	-0.01353153
-677.75577558	-0.01634320
-677.72277228	-0.01859458
-677.68976898	-0.01997660
-677.65676568	-0.02036069
-677.62376238	-0.01934677
-677.59075908	-0.01661016
-677.55775578	-0.01247936
-677.52475248	-0.00700521
-677.49174917	-0.00097455
-677.45874587	0.00459828
-677.42574257	0.00892272
-677.39273927	0.01108283
-677.35973597	0.01118216
-677.32673267	0.00883966
-677.29372937	0.00494981
-677.26072607	-0.00026277
-677.22772277	-0.00581270
-677.19471947	-0.01107076
-677.16171617	-0.01523184
-677.12871287	-0.01799667
-677.09570957	-0.01914074
-677.06270627	-0.01861088
-677.02970297	-0.01716879
-676.99669967	-0.01482659
-676.96369637	-0.01223369
-676.93069307	-0.00940201
-676.89768977	-0.00640815
-676.86468647	-0.00353778
-676.83168317	-0.00064978
-676.79867987	0.00193141
-676.76567657	0.00424750
-676.73267327	0.00598695
-676.69966997	0.00708438
-676.66666667	0.00762867
-676.63366337	0.00766576
-676.60066007	0.00748406
-676.56765677	0.00739629
-676.53465347	0.00766559
-676.50165017	0.00837584
-676.46864686	0.00944183
-676.43564356	0.01055596
-676.40264026	0.01152379
-676.36963696	0.01200153
-676.33663366	0.01179933
-676.30363036	0.01087359
-676.27062706	0.00945002
-676.23762376	0.00762091
-676.20462046	0.00558818
-676.17161716	0.00333295
-676.13861386	0.00107825
-676.10561056	-0.00123355
-676.07260726	-0.00362868
-676.03960396	-0.00607210
-676.00660066	-0.00856059
-675.97359736	-0.01099153
-675.94059406	-0.01307646
-675.90759076	-0.01455643
-675.87458746	-0.01487494
-675.84158416	-0.01362266
-675.80858086	-0.01091931
-675.77557756	-0.00692692
-675.74257426	-0.00225250
-675.70957096	0.00244179
-675.67656766	0.00656071
-675.64356436	0.00980093
-675.61056106	0.01196450
-675.57755776	0.01292079
-675.54455446	0.01254543
-675.51155116	0.01110384
-675.47854785	0.00881616
-675.44554455	0.00616547
-675.41254125	0.00362487
-675.37953795	0.00158421
-675.34653465	0.00045361
-675.31353135	0.00015857
-675.28052805	0.00043140
-675.24752475	0.00103630
-675.21452145	0.00172508
-675.18151815	0.00206445
-675.14851485	0.00233994
-675.11551155	0.00233877
-675.08250825	0.00232990
-675.04950495	0.00222130
-675.01650165	0.00220874
-674.98349835	0.00224280
-674.95049505	0.00257725
-674.91749175	0.00337817
-674.88448845	0.00467981
-674.85148515	0.00654708
-674.81848185	0.00868110
-674.78547855	0.01073477
-674.75247525	0.01236447
-674.71947195	0.01317634
-674.68646865	0.01323919
-674.65346535	0.01228976
-674.62046205	0.01075751
-674.58745875	0.00870036
-674.55445545	0.00642068
-674.52145215	0.00407799
-674.48844884	0.00177147
-674.45544554	-0.00048675
-674.42244224	-0.00269995
-674.38943894	-0.00478112
-674.35643564	-0.00676671
-674.32343234	-0.00838879
-674.29042904	-0.00983352
-674.25742574	-0.01097703
-674.22442244	-0.01188809
-674.19141914	-0.01256897
-674.15841584	-0.01285464
-674.12541254	-0.01262815
-674.09240924	-0.01170178
-674.05940594	-0.00998181
-674.02640264	-0.00769548
-673.99339934	-0.00465243
-673.96039604	-0.00194533
-673.92739274	0.00066033
-673.89438944	0.00230117
-673.86138614	0.00288493
-673.82838284	0.00232093
-673.79537954	0.00064595
-673.76237624	-0.00173473
-673.72937294	-0.00458508
-673.69636964	-0.00728510
-673.66336634	-0.00965643
-673.63036304	-0.01116483
-673.59735974	-0.01168507
-673.56435644	-0.01103820
-673.53135314	-0.00922891
-673.49834983	-0.00654148
-673.46534653	-0.00296137
-673.43234323	0.00081696
-673.39933993	0.00447196
-673.36633663	0.00741698
-673.33333333	0.00927332
-673.30033003	0.00988205
-673.26732673	0.00905661
-673.23432343	0.00739592
-673.20132013	0.00520850
-673.16831683	0.00312689
-673.13531353	0.00153270
-673.10231023	0.00067885
-673.06930693	0.00054439
-673.03630363	0.00074131
-673.00330033	0.00116142
-672.97029703	0.00130983
-672.93729373	0.00093827
-672.90429043	0.00008354
-672.87128713	-0.00137969
-672.83828383	-0.00312683
-672.80528053	-0.00508741
-672.77227723	-0.00714611
-672.73927393	-0.00919231
-672.70627063	-0.01111153
-672.67326733	-0.01300455
-672.64026403	-0.01468159
-672.60726073	-0.01612089
-672.57425743	-0.01726770
-672.54125413	-0.01811659
-672.50825083	-0.01874665
-672.47524752	-0.01947356
-672.44224422	-0.02016642
-672.40924092	-0.02110777
-672.37623762	-0.02199574
-672.34323432	-0.02274687
-672.31023102	-0.02302846
-672.27722772	-0.02262264
-672.24422442	-0.02140512
-672.21122112	-0.01957632
-672.17821782	-0.01712716
-672.14521452	-0.01454831
-672.11221122	-0.01184564
-672.07920792	-0.00942894
-672.04620462	-0.00720999
-672.01320132	-0.00534627
-671.98019802	-0.00378001
-671.94719472	-0.00236981
-671.91419142	-0.00090101
-671.88118812	0.00062720
-671.84818482	0.00237589
-671.81518152	0.00435281
-671.78217822	0.00636235
-671.74917492	0.00827557
-671.71617162	0.00988091
-671.68316832	0.01078991
-671.65016502	0.01105349
-671.61716172	0.01031416
-671.58415842	0.00882727
-671.55115512	0.00669410
-671.51815182	0.00422255
-671.48514851	0.00169945
-671.45214521	-0.00064179
-671.41914191	-0.00295836
-671.38613861	-0.00509781
-671.35313531	-0.00727209
-671.32013201	-0.00907905
-671.28712871	-0.01055635
-671.25412541	-0.01138027
-671.22112211	-0.01133246
-671.18811881	-0.01073542
-671.15511551	-0.00956658
-671.12211221	-0.00825288
-671.08910891	-0.00708056
-671.05610561	-0.00632312
-671.02310231	-0.00605944
-670.99009901	-0.00641378
-670.95709571	-0.00722326
-670.92409241	-0.00846989
-670.89108911	-0.00996141
-670.85808581	-0.01132438
-670.82508251	-0.01256830
-670.79207921	-0.01332864
-670.75907591	-0.01376808
-670.72607261	-0.01349718
-670.69306931	-0.01282507
-670.66006601	-0.01173542
-670.62706271	-0.01047425
-670.59405941	-0.00902276
-670.56105611	-0.00770329
-670.52805281	-0.00674639
-670.49504950	-0.00591047
-670.46204620	-0.00552931
-670.42904290	-0.00533751
-670.39603960	-0.00518206
-670.36303630	-0.00483144
-670.33003300	-0.00450027
-670.29702970	-0.00387668
-670.26402640	-0.00342919
-670.23102310	-0.00282208
-670.19801980	-0.00228444
-670.16501650	-0.00129371
-670.13201320	0.00004078
-670.09900990	0.00216008
-670.06600660	0.00502910
-670.03300330	0.00841515
-670.00000000	0.01225682
-669.96699670	0.01633993
-669.93399340	0.02036742
-669.90099010	0.02405653
-669.86798680	0.02713736
-669.83498350	0.02945774
-669.80198020	0.03066643
-669.76897690	0.03066889
-669.73597360	0.02942698
-669.70297030	0.02683373
-669.66996700	0.02324408
-669.63696370	0.01894522
-669.60396040	0.01448584
-669.57095710	0.01026269
-669.53795380	0.00668821
-669.50495050	0.00402083
-669.47194719	0.00198293
-669.43894389	0.00052095
-669.40594059	-0.00062244
-669.37293729	-0.00183269
-669.33993399	-0.00300258
-669.30693069	-0.00431731
-669.27392739	-0.00576548
-669.24092409	-0.00728251
-669.20792079	-0.00888922
-669.17491749	-0.01042899
-669.14191419	-0.01170353
-669.10891089	-0.01249031
-669.07590759	-0.01241221
-669.04290429	-0.01113585
-669.00990099	-0.00862613
-668.97689769	-0.00500585
-668.94389439	-0.00064008
-668.91089109	0.00419048
-668.87788779	0.00885523
-668.84488449	0.01326690
-668.81188119	0.01703297
-668.77887789	0.01980119
-668.74587459	0.02151030
-668.71287129	0.02203750
-668.67986799	0.02147003
-668.64686469	0.02019244
-668.61386139	0.01821441
-668.58085809	0.01591117
-668.54785479	0.01365504
-668.51485149	0.01136462
-668.48184818	0.00925921
-668.44884488	0.00749902
-668.41584158	0.00598923
-668.38283828	0.00455899
-668.34983498	0.00333289
-668.31683168	0.00220706
-668.28382838	0.00103418
-668.25082508	-0.00024572
-668.21782178	-0.00138557
-668.18481848	-0.00256666
-668.15181518	-0.00346837
-668.11881188	-0.00433363
-668.08580858	-0.00508270
-668.05280528	-0.00593852
-668.01980198	-0.00711637
-667.98679868	-0.00846501
-667.95379538	-0.00981515
-667.92079208	-0.01105914
-667.88778878	-0.01181164
-667.85478548	-0.01188252
-667.82178218	-0.01125663
-667.78877888	-0.00998623
-667.75577558	-0.00809461
-667.72277228	-0.00577279
-667.68976898	-0.00331878
-667.65676568	-0.00096711
-667.62376238	0.00126690
-667.59075908	0.00310382
-667.55775578	0.00463799
-667.52475248	0.00599149
-667.49174917	0.00737474
-667.45874587	0.00886978
-667.42574257	0.01054979
-667.39273927	0.01237467
-667.35973597	0.01403587
-667.32673267	0.01535616
-667.29372937	0.01612529
-667.26072607	0.01616441
-667.22772277	0.01572144
-667.19471947	0.01475766
-667.16171617	0.01365556
-667.12871287	0.01277066
-667.09570957	0.01190943
-667.06270627	0.01161915
-667.02970297	0.01163534
-666.99669967	0.01164526
-666.96369637	0.01171789
-666.93069307	0.01138959
-666.89768977	0.01078078
-666.86468647	0.00979430
-666.83168317	0.00866520
-666.79867987	0.00754047
-666.76567657	0.00633965
-666.73267327	0.00525942
-666.69966997	0.00402459
-666.66666667	0.00280566
-666.63366337	0.00138933
-666.60066007	-0.00013715
-666.56765677	-0.00162409
-666.53465347	-0.00306944
-666.50165017	-0.00440361
-666.46864686	-0.00559970
-666.43564356	-0.00678282
-666.40264026	-0.00782672
-666.36963696	-0.00897525
-666.33663366	-0.00994947
-666.30363036	-0.01079849
-666.27062706	-0.01115737
-666.23762376	-0.01109673
-666.20462046	-0.01025763
-666.17161716	-0.00871603
-666.13861386	-0.00672838
-666.10561056	-0.00448244
-666.07260726	-0.00246275
-666.03960396	-0.00085863
-666.00660066	0.00034412
-665.97359736	0.00098044
-665.94059406	0.00131292
-665.90759076	0.00145859
-665.87458746	0.00167983
-665.84158416	0.00209103
-665.80858086	0.00298195
-665.77557756	0.00451273
-665.74257426	0.00660919
-665.70957096	0.00921451
-665.67656766	0.01214377
-665.64356436	0.01465384
-665.61056106	0.01643768
-665.57755776	0.01708269
-665.54455446	0.01628878
-665.51155116	0.01420321
-665.47854785	0.01091958
-665.44554455	0.00703896
-665.41254125	0.00258764
-665.37953795	-0.00163382
-665.34653465	-0.00561645
-665.31353135	-0.00896363
-665.28052805	-0.01127518
-665.24752475	-0.01278729
-665.21452145	-0.01354286
-665.18151815	-0.01364401
-665.14851485	-0.01343558
-665.11551155	-0.01311553
-665.08250825	-0.01279376
-665.04950495	-0.01256804
-665.01650165	-0.01236656
-664.98349835	-0.01238314
-664.95049505	-0.01224051
-664.91749175	-0.01192510
-664.88448845	-0.01134980
-664.85148515	-0.01024789
-664.81848185	-0.00859296
-664.78547855	-0.00656909
-664.75247525	-0.00428020
-664.71947195	-0.00207695
-664.68646865	-0.00005660
-664.65346535	0.00161414
-664.62046205	0.00291732
-664.58745875	0.00391757
-664.55445545	0.00441246
-664.52145215	0.00443365
-664.48844884	0.00386540
-664.45544554	0.00283351
-664.42244224	0.00149694
-664.38943894	0.00002423
-664.35643564	-0.00114176
-664.32343234	-0.00179984
-664.29042904	-0.00177087
-664.25742574	-0.00110823
-664.22442244	-0.00002169
-664.19141914	0.00130545
-664.15841584	0.00250766
-664.12541254	0.00358691
-664.09240924	0.00415105
-664.05940594	0.00421187
-664.02640264	0.00374642
-663.99339934	0.00268980
-663.96039604	0.00125586
-663.92739274	-0.00026862
-663.89438944	-0.00145786
-663.86138614	-0.00234645
-663.82838284	-0.00253286
-663.79537954	-0.00207865
-663.76237624	-0.00109300
-663.72937294	0.00030010
-663.69636964	0.00191462
-663.66336634	0.00364867
-663.63036304	0.00533463
-663.59735974	0.00670361
-663.56435644	0.00754778
-663.53135314	0.00777517
-663.49834983	0.00738351
-663.46534653	0.00626332
-663.43234323	0.00451032
-663.39933993	0.00201009
-663.36633663	-0.00086220
-663.33333333	-0.00386692
-663.30033003	-0.00684506
-663.26732673	-0.00937912
-663.23432343	-0.01119780
-663.20132013	-0.01236262
-663.16831683	-0.01290026
-663.13531353	-0.01290200
-663.10231023	-0.01245710
-663.06930693	-0.01167495
-663.03630363	-0.01026454
-663.00330033	-0.00851276
-662.97029703	-0.00622476
-662.93729373	-0.00364654
-662.90429043	-0.00102865
-662.87128713	0.00129143
-662.83828383	0.00308391
-662.80528053	0.00394667
-662.77227723	0.00384994
-662.73927393	0.00271947
-662.70627063	0.00092101
-662.67326733	-0.00146101
-662.64026403	-0.00388196
-662.60726073	-0.00595522
-662.57425743	-0.00761814
-662.54125413	-0.00870146
-662.50825083	-0.00922648
-662.47524752	-0.00942672
-662.44224422	-0.00941924
-662.40924092	-0.00924757
-662.37623762	-0.00904442
-662.34323432	-0.00878654
-662.31023102	-0.00855173
-662.27722772	-0.00856002
-662.24422442	-0.00873150
-662.21122112	-0.00891019
-662.17821782	-0.00893045
-662.14521452	-0.00829862
-662.11221122	-0.00679892
-662.07920792	-0.00434015
-662.04620462	-0.00087046
-662.01320132	0.00334163
-661.98019802	0.00801779
-661.94719472	0.01265059
-661.91419142	0.01667023
-661.88118812	0.01950370
-661.84818482	0.02090504
-661.81518152	0.02047716
-661.78217822	0.01851184
-661.74917492	0.01523608
-661.71617162	0.01115156
-661.68316832	0.00685613
-661.65016502	0.00243148
-661.61716172	-0.00173537
-661.58415842	-0.00572446
-661.55115512	-0.00926808
-661.51815182	-0.01229533
-661.48514851	-0.01461393
-661.45214521	-0.01616437
-661.41914191	-0.01691976
-661.38613861	-0.01693816
-661.35313531	-0.01628701
-661.32013201	-0.01495632
-661.28712871	-0.01303992
-661.25412541	-0.01069934
-661.22112211	-0.00814094
-661.18811881	-0.00563832
-661.15511551	-0.00349568
-661.12211221	-0.00188488
-661.08910891	-0.00084089
-661.05610561	-0.00035212
-661.02310231	-0.00034650
-660.99009901	-0.00073147
-660.95709571	-0.00135819
-660.92409241	-0.00205219
-660.89108911	-0.00258455
-660.85808581	-0.00283729
-660.82508251	-0.00258923
-660.79207921	-0.00169923
-660.75907591	-0.00022628
-660.72607261	0.00169091
-660.69306931	0.00382841
-660.66006601	0.00594427
-660.62706271	0.00776672
-660.59405941	0.00916901
-660.56105611	0.00996317
-660.52805281	0.01014301
-660.49504950	0.00964418
-660.46204620	0.00865871
-660.42904290	0.00761401
-660.39603960	0.00658355
-660.36303630	0.00581184
-660.33003300	0.00543266
-660.29702970	0.00543980
-660.26402640	0.00589975
-660.23102310	0.00678603
-660.19801980	0.00805397
-660.16501650	0.00952239
-660.13201320	0.01109676
-660.09900990	0.01241236
-660.06600660	0.01318794
-660.03300330	0.01320415
-660.00000000	0.01226197
