# Menlo Systems GmbH ScanControl
# Program Version 1.14.3
# Start: -740.00000000 ps, Average over 1000 waveforms. Timestamp: 2026-02-12T12:39:37
# User time axis shift: 0 ps
# Time axis offset: 0 ps
# Time [ps]	THz Signal [a.u.]
-740.00000000	-0.00000011
-739.96699670	-0.00003217
-739.93399340	0.00003397
-739.90099010	0.00000554
-739.86798680	0.00002430
-739.83498350	0.00005520
-739.80198020	0.00002969
-739.76897690	-0.00000299
-739.73597360	0.00003204
-739.70297030	0.00003808
-739.66996700	-0.00005077
-739.63696370	0.00006486
-739.60396040	-0.00001643
-739.57095710	0.00005556
-739.53795380	0.00005116
-739.50495050	-0.00007481
-739.47194719	-0.00000473
-739.43894389	0.00004117
-739.40594059	0.00002046
-739.37293729	0.00003162
-739.33993399	0.00001688
-739.30693069	0.00000390
-739.27392739	-0.00007540
-739.24092409	-0.00002638
-739.20792079	-0.00006986
-739.17491749	-0.00002333
-739.14191419	-0.00005637
-739.10891089	-0.00000848
-739.07590759	-0.00003639
-739.04290429	-0.00002622
-739.00990099	-0.00001962
-738.97689769	0.00001013
-738.94389439	-0.00005760
-738.91089109	-0.00003757
-738.87788779	-0.00000912
-738.84488449	0.00000037
-738.81188119	0.00000662
-738.77887789	0.00004170
-738.74587459	0.00004150
-738.71287129	0.00003837
-738.67986799	0.00006479
-738.64686469	0.00005062
-738.61386139	0.00005194
-738.58085809	0.00014877
-738.54785479	0.00014943
-738.51485149	0.00002575
-738.48184818	0.00005180
-738.44884488	0.00007384
-738.41584158	0.00008617
-738.38283828	0.00007181
-738.34983498	0.00008456
-738.31683168	0.00016803
-738.28382838	0.00011895
-738.25082508	0.00004769
-738.21782178	0.00013421
-738.18481848	0.00012603
-738.15181518	0.00005488
-738.11881188	0.00013063
-738.08580858	0.00011816
-738.05280528	0.00009146
-738.01980198	0.00009533
-737.98679868	0.00009044
-737.95379538	0.00009061
-737.92079208	0.00010671
-737.88778878	0.00010779
-737.85478548	0.00006125
-737.82178218	0.00006986
-737.78877888	0.00007268
-737.75577558	0.00009979
-737.72277228	0.00013177
-737.68976898	0.00008595
-737.65676568	0.00008980
-737.62376238	0.00008967
-737.59075908	0.00006829
-737.55775578	0.00010622
-737.52475248	0.00013590
-737.49174917	0.00004718
-737.45874587	0.00002105
-737.42574257	0.00006983
-737.39273927	0.00011121
-737.35973597	0.00005173
-737.32673267	0.00002712
-737.29372937	0.00004802
-737.26072607	-0.00004694
-737.22772277	0.00003436
-737.19471947	-0.00005174
-737.16171617	-0.00002497
-737.12871287	-0.00004492
-737.09570957	-0.00015316
-737.06270627	-0.00020780
-737.02970297	-0.00005336
-736.99669967	-0.00013933
-736.96369637	-0.00008973
-736.93069307	-0.00001443
-736.89768977	-0.00014523
-736.86468647	-0.00017828
-736.83168317	-0.00027112
-736.79867987	-0.00024740
-736.76567657	-0.00027002
-736.73267327	-0.00028286
-736.69966997	-0.00030016
-736.66666667	-0.00020609
-736.63366337	-0.00022985
-736.60066007	-0.00013406
-736.56765677	-0.00011333
-736.53465347	-0.00016489
-736.50165017	-0.00014208
-736.46864686	-0.00012635
-736.43564356	-0.00017057
-736.40264026	-0.00017212
-736.36963696	-0.00011599
-736.33663366	-0.00006235
-736.30363036	-0.00007731
-736.27062706	-0.00000356
-736.23762376	0.00000385
-736.20462046	-0.00009459
-736.17161716	0.00002502
-736.13861386	0.00008384
-736.10561056	0.00012264
-736.07260726	0.00010493
-736.03960396	0.00022129
-736.00660066	0.00024446
-735.97359736	0.00018982
-735.94059406	0.00026415
-735.90759076	0.00034807
-735.87458746	0.00035814
-735.84158416	0.00041588
-735.80858086	0.00049886
-735.77557756	0.00042655
-735.74257426	0.00040784
-735.70957096	0.00047825
-735.67656766	0.00052916
-735.64356436	0.00058987
-735.61056106	0.00057268
-735.57755776	0.00058960
-735.54455446	0.00059341
-735.51155116	0.00063709
-735.47854785	0.00060475
-735.44554455	0.00072413
-735.41254125	0.00067471
-735.37953795	0.00068481
-735.34653465	0.00065566
-735.31353135	0.00069898
-735.28052805	0.00069629
-735.24752475	0.00066519
-735.21452145	0.00079765
-735.18151815	0.00073018
-735.14851485	0.00072136
-735.11551155	0.00066207
-735.08250825	0.00068615
-735.04950495	0.00071613
-735.01650165	0.00074816
-734.98349835	0.00070971
-734.95049505	0.00068244
-734.91749175	0.00061289
-734.88448845	0.00072691
-734.85148515	0.00074340
-734.81848185	0.00064285
-734.78547855	0.00063536
-734.75247525	0.00072972
-734.71947195	0.00057501
-734.68646865	0.00058688
-734.65346535	0.00062188
-734.62046205	0.00058769
-734.58745875	0.00052610
-734.55445545	0.00054412
-734.52145215	0.00047529
-734.48844884	0.00047887
-734.45544554	0.00051435
-734.42244224	0.00049973
-734.38943894	0.00047293
-734.35643564	0.00033915
-734.32343234	0.00040297
-734.29042904	0.00043272
-734.25742574	0.00038498
-734.22442244	0.00036665
-734.19141914	0.00034211
-734.15841584	0.00031139
-734.12541254	0.00032811
-734.09240924	0.00034990
-734.05940594	0.00034487
-734.02640264	0.00025600
-733.99339934	0.00038295
-733.96039604	0.00034225
-733.92739274	0.00036912
-733.89438944	0.00038419
-733.86138614	0.00036951
-733.82838284	0.00037029
-733.79537954	0.00036259
-733.76237624	0.00036052
-733.72937294	0.00044021
-733.69636964	0.00037285
-733.66336634	0.00053764
-733.63036304	0.00043727
-733.59735974	0.00041191
-733.56435644	0.00054267
-733.53135314	0.00057617
-733.49834983	0.00058134
-733.46534653	0.00049886
-733.43234323	0.00057878
-733.39933993	0.00061098
-733.36633663	0.00063768
-733.33333333	0.00069835
-733.30033003	0.00072650
-733.26732673	0.00062014
-733.23432343	0.00081250
-733.20132013	0.00072134
-733.16831683	0.00070808
-733.13531353	0.00088613
-733.10231023	0.00072300
-733.06930693	0.00069307
-733.03630363	0.00089314
-733.00330033	0.00073112
-732.97029703	0.00080135
-732.93729373	0.00076001
-732.90429043	0.00077348
-732.87128713	0.00078645
-732.83828383	0.00076462
-732.80528053	0.00080940
-732.77227723	0.00082450
-732.73927393	0.00076452
-732.70627063	0.00068621
-732.67326733	0.00083664
-732.64026403	0.00089499
-732.60726073	0.00074047
-732.57425743	0.00075947
-732.54125413	0.00083190
-732.50825083	0.00076740
-732.47524752	0.00074624
-732.44224422	0.00080199
-732.40924092	0.00068775
-732.37623762	0.00086517
-732.34323432	0.00078775
-732.31023102	0.00065908
-732.27722772	0.00078323
-732.24422442	0.00076748
-732.21122112	0.00077970
-732.17821782	0.00065744
-732.14521452	0.00068921
-732.11221122	0.00084149
-732.07920792	0.00070310
-732.04620462	0.00067884
-732.01320132	0.00075042
-731.98019802	0.00074743
-731.94719472	0.00070924
-731.91419142	0.00070754
-731.88118812	0.00074209
-731.84818482	0.00071809
-731.81518152	0.00072078
-731.78217822	0.00071300
-731.74917492	0.00064485
-731.71617162	0.00073696
-731.68316832	0.00069474
-731.65016502	0.00067087
-731.61716172	0.00064623
-731.58415842	0.00074257
-731.55115512	0.00068161
-731.51815182	0.00061281
-731.48514851	0.00081129
-731.45214521	0.00060531
-731.41914191	0.00074275
-731.38613861	0.00071387
-731.35313531	0.00069811
-731.32013201	0.00071771
-731.28712871	0.00077728
-731.25412541	0.00083972
-731.22112211	0.00088616
-731.18811881	0.00069159
-731.15511551	0.00089054
-731.12211221	0.00087934
-731.08910891	0.00090183
-731.05610561	0.00089241
-731.02310231	0.00104230
-730.99009901	0.00092809
-730.95709571	0.00103901
-730.92409241	0.00112203
-730.89108911	0.00102708
-730.85808581	0.00118667
-730.82508251	0.00117834
-730.79207921	0.00117123
-730.75907591	0.00119648
-730.72607261	0.00121429
-730.69306931	0.00126968
-730.66006601	0.00124693
-730.62706271	0.00124492
-730.59405941	0.00125334
-730.56105611	0.00123056
-730.52805281	0.00122975
-730.49504950	0.00118733
-730.46204620	0.00124203
-730.42904290	0.00103869
-730.39603960	0.00106868
-730.36303630	0.00092209
-730.33003300	0.00088026
-730.29702970	0.00075049
-730.26402640	0.00061255
-730.23102310	0.00049610
-730.19801980	0.00031360
-730.16501650	0.00016783
-730.13201320	0.00002804
-730.09900990	-0.00015687
-730.06600660	-0.00029401
-730.03300330	-0.00048543
-730.00000000	-0.00058075
-729.96699670	-0.00065817
-729.93399340	-0.00083050
-729.90099010	-0.00093582
-729.86798680	-0.00090569
-729.83498350	-0.00111748
-729.80198020	-0.00100943
-729.76897690	-0.00114488
-729.73597360	-0.00116428
-729.70297030	-0.00121558
-729.66996700	-0.00118758
-729.63696370	-0.00111181
-729.60396040	-0.00107010
-729.57095710	-0.00097259
-729.53795380	-0.00085064
-729.50495050	-0.00061785
-729.47194719	-0.00037482
-729.43894389	-0.00012589
-729.40594059	0.00014459
-729.37293729	0.00056768
-729.33993399	0.00088697
-729.30693069	0.00125347
-729.27392739	0.00138960
-729.24092409	0.00175902
-729.20792079	0.00194746
-729.17491749	0.00199202
-729.14191419	0.00210483
-729.10891089	0.00210447
-729.07590759	0.00200420
-729.04290429	0.00196216
-729.00990099	0.00173908
-728.97689769	0.00169306
-728.94389439	0.00144602
-728.91089109	0.00137435
-728.87788779	0.00118250
-728.84488449	0.00110344
-728.81188119	0.00093854
-728.77887789	0.00091557
-728.74587459	0.00083956
-728.71287129	0.00071702
-728.67986799	0.00078442
-728.64686469	0.00065483
-728.61386139	0.00063247
-728.58085809	0.00065623
-728.54785479	0.00068340
-728.51485149	0.00057416
-728.48184818	0.00058818
-728.44884488	0.00058387
-728.41584158	0.00052487
-728.38283828	0.00059863
-728.34983498	0.00044726
-728.31683168	0.00045186
-728.28382838	0.00054543
-728.25082508	0.00034357
-728.21782178	0.00048641
-728.18481848	0.00046444
-728.15181518	0.00035108
-728.11881188	0.00042642
-728.08580858	0.00040193
-728.05280528	0.00037878
-728.01980198	0.00043631
-727.98679868	0.00047573
-727.95379538	0.00047925
-727.92079208	0.00046751
-727.88778878	0.00046804
-727.85478548	0.00048455
-727.82178218	0.00054964
-727.78877888	0.00046935
-727.75577558	0.00057967
-727.72277228	0.00049681
-727.68976898	0.00054438
-727.65676568	0.00058038
-727.62376238	0.00052834
-727.59075908	0.00063665
-727.55775578	0.00053502
-727.52475248	0.00054870
-727.49174917	0.00058767
-727.45874587	0.00053247
-727.42574257	0.00050187
-727.39273927	0.00059390
-727.35973597	0.00063500
-727.32673267	0.00057473
-727.29372937	0.00064217
-727.26072607	0.00055835
-727.22772277	0.00060979
-727.19471947	0.00052933
-727.16171617	0.00062303
-727.12871287	0.00058653
-727.09570957	0.00055384
-727.06270627	0.00055284
-727.02970297	0.00053074
-726.99669967	0.00051803
-726.96369637	0.00043641
-726.93069307	0.00050229
-726.89768977	0.00039570
-726.86468647	0.00038024
-726.83168317	0.00038326
-726.79867987	0.00028848
-726.76567657	0.00032120
-726.73267327	0.00025997
-726.69966997	0.00022259
-726.66666667	0.00027277
-726.63366337	0.00019134
-726.60066007	0.00012721
-726.56765677	0.00014848
-726.53465347	0.00015239
-726.50165017	0.00004112
-726.46864686	0.00007808
-726.43564356	0.00002606
-726.40264026	-0.00001984
-726.36963696	0.00002328
-726.33663366	-0.00006002
-726.30363036	-0.00004217
-726.27062706	-0.00010843
-726.23762376	-0.00004688
-726.20462046	-0.00014289
-726.17161716	-0.00012943
-726.13861386	-0.00013906
-726.10561056	-0.00017043
-726.07260726	-0.00012683
-726.03960396	-0.00008697
-726.00660066	-0.00015796
-725.97359736	0.00001010
-725.94059406	-0.00007664
-725.90759076	0.00004534
-725.87458746	0.00006896
-725.84158416	0.00007472
-725.80858086	0.00004826
-725.77557756	0.00006616
-725.74257426	0.00003174
-725.70957096	-0.00014924
-725.67656766	-0.00039654
-725.64356436	-0.00064124
-725.61056106	-0.00104218
-725.57755776	-0.00131690
-725.54455446	-0.00192273
-725.51155116	-0.00238899
-725.47854785	-0.00287796
-725.44554455	-0.00338783
-725.41254125	-0.00362704
-725.37953795	-0.00388957
-725.34653465	-0.00379538
-725.31353135	-0.00360554
-725.28052805	-0.00323566
-725.24752475	-0.00253666
-725.21452145	-0.00193374
-725.18151815	-0.00091962
-725.14851485	-0.00012064
-725.11551155	0.00078904
-725.08250825	0.00154932
-725.04950495	0.00222720
-725.01650165	0.00270229
-724.98349835	0.00308932
-724.95049505	0.00346883
-724.91749175	0.00354020
-724.88448845	0.00365447
-724.85148515	0.00370522
-724.81848185	0.00372056
-724.78547855	0.00358246
-724.75247525	0.00360213
-724.71947195	0.00351060
-724.68646865	0.00336108
-724.65346535	0.00336778
-724.62046205	0.00311379
-724.58745875	0.00313009
-724.55445545	0.00306121
-724.52145215	0.00301727
-724.48844884	0.00275396
-724.45544554	0.00287207
-724.42244224	0.00263596
-724.38943894	0.00265672
-724.35643564	0.00253157
-724.32343234	0.00247046
-724.29042904	0.00239872
-724.25742574	0.00233571
-724.22442244	0.00228011
-724.19141914	0.00202333
-724.15841584	0.00200323
-724.12541254	0.00190064
-724.09240924	0.00173385
-724.05940594	0.00160614
-724.02640264	0.00151629
-723.99339934	0.00138960
-723.96039604	0.00133064
-723.92739274	0.00110433
-723.89438944	0.00108183
-723.86138614	0.00106035
-723.82838284	0.00085914
-723.79537954	0.00085020
-723.76237624	0.00075050
-723.72937294	0.00069863
-723.69636964	0.00055242
-723.66336634	0.00055761
-723.63036304	0.00035965
-723.59735974	0.00034007
-723.56435644	0.00014369
-723.53135314	0.00006217
-723.49834983	-0.00007450
-723.46534653	-0.00013606
-723.43234323	-0.00033489
-723.39933993	-0.00043603
-723.36633663	-0.00052770
-723.33333333	-0.00062480
-723.30033003	-0.00070980
-723.26732673	-0.00081385
-723.23432343	-0.00073802
-723.20132013	-0.00081952
-723.16831683	-0.00077862
-723.13531353	-0.00086925
-723.10231023	-0.00082272
-723.06930693	-0.00091477
-723.03630363	-0.00073558
-723.00330033	-0.00090739
-722.97029703	-0.00089923
-722.93729373	-0.00097572
-722.90429043	-0.00098792
-722.87128713	-0.00104242
-722.83828383	-0.00120141
-722.80528053	-0.00119040
-722.77227723	-0.00125673
-722.73927393	-0.00135558
-722.70627063	-0.00126101
-722.67326733	-0.00124303
-722.64026403	-0.00122849
-722.60726073	-0.00098631
-722.57425743	-0.00093976
-722.54125413	-0.00079991
-722.50825083	-0.00061951
-722.47524752	-0.00052162
-722.44224422	-0.00057892
-722.40924092	-0.00049868
-722.37623762	-0.00075516
-722.34323432	-0.00081963
-722.31023102	-0.00126825
-722.27722772	-0.00153932
-722.24422442	-0.00189506
-722.21122112	-0.00217321
-722.17821782	-0.00226065
-722.14521452	-0.00211054
-722.11221122	-0.00188052
-722.07920792	-0.00100461
-722.04620462	-0.00005007
-722.01320132	0.00122688
-721.98019802	0.00267423
-721.94719472	0.00431032
-721.91419142	0.00581592
-721.88118812	0.00722686
-721.84818482	0.00823395
-721.81518152	0.00899736
-721.78217822	0.00944849
-721.74917492	0.00940017
-721.71617162	0.00930099
-721.68316832	0.00888011
-721.65016502	0.00845847
-721.61716172	0.00798383
-721.58415842	0.00764763
-721.55115512	0.00739474
-721.51815182	0.00720042
-721.48514851	0.00706024
-721.45214521	0.00691084
-721.41914191	0.00684448
-721.38613861	0.00648656
-721.35313531	0.00609619
-721.32013201	0.00560589
-721.28712871	0.00492168
-721.25412541	0.00411737
-721.22112211	0.00296991
-721.18811881	0.00195520
-721.15511551	0.00057810
-721.12211221	-0.00069059
-721.08910891	-0.00202564
-721.05610561	-0.00347885
-721.02310231	-0.00476951
-720.99009901	-0.00624109
-720.95709571	-0.00750649
-720.92409241	-0.00890413
-720.89108911	-0.01022876
-720.85808581	-0.01167709
-720.82508251	-0.01315848
-720.79207921	-0.01467685
-720.75907591	-0.01673673
-720.72607261	-0.01844873
-720.69306931	-0.02077622
-720.66006601	-0.02280533
-720.62706271	-0.02529764
-720.59405941	-0.02742009
-720.56105611	-0.02937608
-720.52805281	-0.03089936
-720.49504950	-0.03195657
-720.46204620	-0.03211745
-720.42904290	-0.03169561
-720.39603960	-0.03026506
-720.36303630	-0.02809078
-720.33003300	-0.02512717
-720.29702970	-0.02206293
-720.26402640	-0.01859673
-720.23102310	-0.01527409
-720.19801980	-0.01238395
-720.16501650	-0.01011388
-720.13201320	-0.00857637
-720.09900990	-0.00753266
-720.06600660	-0.00723058
-720.03300330	-0.00719191
-720.00000000	-0.00731806
-719.96699670	-0.00753436
-719.93399340	-0.00770193
-719.90099010	-0.00771585
-719.86798680	-0.00737492
-719.83498350	-0.00691834
-719.80198020	-0.00630294
-719.76897690	-0.00545354
-719.73597360	-0.00450256
-719.70297030	-0.00353805
-719.66996700	-0.00227550
-719.63696370	-0.00094337
-719.60396040	0.00030425
-719.57095710	0.00173401
-719.53795380	0.00309486
-719.50495050	0.00474233
-719.47194719	0.00630019
-719.43894389	0.00782465
-719.40594059	0.00979795
-719.37293729	0.01162867
-719.33993399	0.01363566
-719.30693069	0.01595962
-719.27392739	0.01806541
-719.24092409	0.02065210
-719.20792079	0.02330089
-719.17491749	0.02619723
-719.14191419	0.02933570
-719.10891089	0.03289540
-719.07590759	0.03664358
-719.04290429	0.04096723
-719.00990099	0.04562802
-718.97689769	0.05044566
-718.94389439	0.05582136
-718.91089109	0.06141862
-718.87788779	0.06733746
-718.84488449	0.07345217
-718.81188119	0.07960104
-718.77887789	0.08600438
-718.74587459	0.09223970
-718.71287129	0.09836398
-718.67986799	0.10467076
-718.64686469	0.11059909
-718.61386139	0.11680908
-718.58085809	0.12300494
-718.54785479	0.12965197
-718.51485149	0.13695444
-718.48184818	0.14498580
-718.44884488	0.15434799
-718.41584158	0.16501885
-718.38283828	0.17752435
-718.34983498	0.19220607
-718.31683168	0.20887528
-718.28382838	0.22763823
-718.25082508	0.24883228
-718.21782178	0.27149158
-718.18481848	0.29548221
-718.15181518	0.31969841
-718.11881188	0.34364930
-718.08580858	0.36537310
-718.05280528	0.38405121
-718.01980198	0.39773853
-717.98679868	0.40490798
-717.95379538	0.40425231
-717.92079208	0.39405245
-717.88778878	0.37366697
-717.85478548	0.34252711
-717.82178218	0.30069593
-717.78877888	0.24920865
-717.75577558	0.18946115
-717.72277228	0.12319106
-717.68976898	0.05313169
-717.65676568	-0.01859880
-717.62376238	-0.08983837
-717.59075908	-0.15932963
-717.55775578	-0.22692027
-717.52475248	-0.29337468
-717.49174917	-0.36132490
-717.45874587	-0.43447878
-717.42574257	-0.51720971
-717.39273927	-0.61412318
-717.35973597	-0.72929252
-717.32673267	-0.86501334
-717.29372937	-1.02082350
-717.26072607	-1.19347810
-717.22772277	-1.37502401
-717.19471947	-1.55397036
-717.16171617	-1.71533096
-717.12871287	-1.84152875
-717.09570957	-1.91535086
-717.06270627	-1.92084452
-717.02970297	-1.84698155
-716.99669967	-1.68883147
-716.96369637	-1.44939209
-716.93069307	-1.14061488
-716.89768977	-0.78174194
-716.86468647	-0.39841956
-716.83168317	-0.01815518
-716.79867987	0.33334085
-716.76567657	0.63496670
-716.73267327	0.87374494
-716.69966997	1.04502620
-716.66666667	1.15237473
-716.63366337	1.20406029
-716.60066007	1.21171819
-716.56765677	1.18646203
-716.53465347	1.13821638
-716.50165017	1.07443908
-716.46864686	1.00071679
-716.43564356	0.92167898
-716.40264026	0.84094910
-716.36963696	0.76197299
-716.33663366	0.68706130
-716.30363036	0.61755481
-716.27062706	0.55356137
-716.23762376	0.49403932
-716.20462046	0.43826999
-716.17161716	0.38585433
-716.13861386	0.33707165
-716.10561056	0.29295526
-716.07260726	0.25430712
-716.03960396	0.22079342
-716.00660066	0.19133927
-715.97359736	0.16434244
-715.94059406	0.13767497
-715.90759076	0.11059748
-715.87458746	0.08290091
-715.84158416	0.05520170
-715.80858086	0.02860172
-715.77557756	0.00403747
-715.74257426	-0.01764844
-715.70957096	-0.03581007
-715.67656766	-0.04934571
-715.64356436	-0.05785754
-715.61056106	-0.06070989
-715.57755776	-0.05813509
-715.54455446	-0.05047821
-715.51155116	-0.03902745
-715.47854785	-0.02513015
-715.44554455	-0.01014366
-715.41254125	0.00456908
-715.37953795	0.01738679
-715.34653465	0.02725600
-715.31353135	0.03315892
-715.28052805	0.03489317
-715.24752475	0.03262222
-715.21452145	0.02701949
-715.18151815	0.01899408
-715.14851485	0.01028682
-715.11551155	0.00138361
-715.08250825	-0.00681512
-715.04950495	-0.01349925
-715.01650165	-0.01820560
-714.98349835	-0.02056698
-714.95049505	-0.02054682
-714.91749175	-0.01794266
-714.88448845	-0.01333424
-714.85148515	-0.00728170
-714.81848185	-0.00030137
-714.78547855	0.00631226
-714.75247525	0.01219162
-714.71947195	0.01637959
-714.68646865	0.01884551
-714.65346535	0.01939920
-714.62046205	0.01835345
-714.58745875	0.01630252
-714.55445545	0.01379249
-714.52145215	0.01148304
-714.48844884	0.00958317
-714.45544554	0.00847470
-714.42244224	0.00801007
-714.38943894	0.00835627
-714.35643564	0.00931250
-714.32343234	0.01098009
-714.29042904	0.01377314
-714.25742574	0.01745717
-714.22442244	0.02237515
-714.19141914	0.02802094
-714.15841584	0.03408306
-714.12541254	0.03999088
-714.09240924	0.04493601
-714.05940594	0.04888168
-714.02640264	0.05081411
-713.99339934	0.05074551
-713.96039604	0.04887882
-713.92739274	0.04461708
-713.89438944	0.03866542
-713.86138614	0.03156917
-713.82838284	0.02429975
-713.79537954	0.01732509
-713.76237624	0.01133969
-713.72937294	0.00654014
-713.69636964	0.00242148
-713.66336634	-0.00112735
-713.63036304	-0.00546557
-713.59735974	-0.01063019
-713.56435644	-0.01760131
-713.53135314	-0.02723033
-713.49834983	-0.04000048
-713.46534653	-0.05680797
-713.43234323	-0.07857349
-713.39933993	-0.10567374
-713.36633663	-0.13833149
-713.33333333	-0.17594427
-713.30033003	-0.21723129
-713.26732673	-0.26003296
-713.23432343	-0.30150508
-713.20132013	-0.33804269
-713.16831683	-0.36578058
-713.13531353	-0.38109000
-713.10231023	-0.38134369
-713.06930693	-0.36440753
-713.03630363	-0.33059514
-713.00330033	-0.28159924
-712.97029703	-0.22048973
-712.93729373	-0.15187236
-712.90429043	-0.08111622
-712.87128713	-0.01327671
-712.83828383	0.04681123
-712.80528053	0.09581696
-712.77227723	0.13194199
-712.73927393	0.15519518
-712.70627063	0.16677204
-712.67326733	0.16934408
-712.64026403	0.16549920
-712.60726073	0.15781969
-712.57425743	0.14823868
-712.54125413	0.13767764
-712.50825083	0.12734002
-712.47524752	0.11716256
-712.44224422	0.10767173
-712.40924092	0.09885598
-712.37623762	0.09085777
-712.34323432	0.08377274
-712.31023102	0.07676004
-712.27722772	0.07036765
-712.24422442	0.06363313
-712.21122112	0.05692444
-712.17821782	0.05062888
-712.14521452	0.04450036
-712.11221122	0.03910607
-712.07920792	0.03412521
-712.04620462	0.02932768
-712.01320132	0.02445027
-711.98019802	0.01910095
-711.94719472	0.01345355
-711.91419142	0.00767009
-711.88118812	0.00225277
-711.84818482	-0.00248948
-711.81518152	-0.00576385
-711.78217822	-0.00772143
-711.74917492	-0.00819938
-711.71617162	-0.00788641
-711.68316832	-0.00719424
-711.65016502	-0.00689081
-711.61716172	-0.00771205
-711.58415842	-0.00971919
-711.55115512	-0.01254993
-711.51815182	-0.01549554
-711.48514851	-0.01845819
-711.45214521	-0.02017804
-711.41914191	-0.02069850
-711.38613861	-0.01997529
-711.35313531	-0.01873002
-711.32013201	-0.01704868
-711.28712871	-0.01521195
-711.25412541	-0.01377345
-711.22112211	-0.01271382
-711.18811881	-0.01213230
-711.15511551	-0.01178833
-711.12211221	-0.01162549
-711.08910891	-0.01172152
-711.05610561	-0.01199122
-711.02310231	-0.01207303
-710.99009901	-0.01223635
-710.95709571	-0.01222972
-710.92409241	-0.01212600
-710.89108911	-0.01168417
-710.85808581	-0.01089727
-710.82508251	-0.00948223
-710.79207921	-0.00707917
-710.75907591	-0.00367554
-710.72607261	0.00094767
-710.69306931	0.00603131
-710.66006601	0.01133592
-710.62706271	0.01617840
-710.59405941	0.01958422
-710.56105611	0.02131989
-710.52805281	0.02158946
-710.49504950	0.02072549
-710.46204620	0.01938811
-710.42904290	0.01796322
-710.39603960	0.01732542
-710.36303630	0.01732826
-710.33003300	0.01830726
-710.29702970	0.01986052
-710.26402640	0.02226232
-710.23102310	0.02569414
-710.19801980	0.02938496
-710.16501650	0.03376380
-710.13201320	0.03827953
-710.09900990	0.04254935
-710.06600660	0.04629450
-710.03300330	0.04945102
-710.00000000	0.05171309
-709.96699670	0.05353420
-709.93399340	0.05495664
-709.90099010	0.05572088
-709.86798680	0.05597887
-709.83498350	0.05520564
-709.80198020	0.05335356
-709.76897690	0.05009393
-709.73597360	0.04587345
-709.70297030	0.04063693
-709.66996700	0.03510422
-709.63696370	0.03009597
-709.60396040	0.02605827
-709.57095710	0.02319061
-709.53795380	0.02200733
-709.50495050	0.02186680
-709.47194719	0.02222461
-709.43894389	0.02287959
-709.40594059	0.02265187
-709.37293729	0.02152486
-709.33993399	0.01934654
-709.30693069	0.01626010
-709.27392739	0.01283112
-709.24092409	0.00988138
-709.20792079	0.00810002
-709.17491749	0.00831258
-709.14191419	0.01064367
-709.10891089	0.01520585
-709.07590759	0.02132138
-709.04290429	0.02759461
-709.00990099	0.03321503
-708.97689769	0.03706399
-708.94389439	0.03807264
-708.91089109	0.03639325
-708.87788779	0.03157116
-708.84488449	0.02425222
-708.81188119	0.01457070
-708.77887789	0.00251060
-708.74587459	-0.01170852
-708.71287129	-0.02888441
-708.67986799	-0.04928146
-708.64686469	-0.07366533
-708.61386139	-0.10303716
-708.58085809	-0.13789352
-708.54785479	-0.17846274
-708.51485149	-0.22463298
-708.48184818	-0.27556668
-708.44884488	-0.32961242
-708.41584158	-0.38397579
-708.38283828	-0.43539691
-708.34983498	-0.47966113
-708.31683168	-0.51238805
-708.28382838	-0.52870266
-708.25082508	-0.52487267
-708.21782178	-0.49820842
-708.18481848	-0.44773088
-708.15181518	-0.37437566
-708.11881188	-0.28228936
-708.08580858	-0.17754533
-708.05280528	-0.06725750
-708.01980198	0.04000098
-707.98679868	0.13691552
-707.95379538	0.21790563
-707.92079208	0.27939119
-707.88778878	0.32083661
-707.85478548	0.34379658
-707.82178218	0.35134129
-707.78877888	0.34716476
-707.75577558	0.33485011
-707.72277228	0.31678465
-707.68976898	0.29538398
-707.65676568	0.27163272
-707.62376238	0.24647545
-707.59075908	0.22062520
-707.55775578	0.19540366
-707.52475248	0.17160020
-707.49174917	0.14957880
-707.45874587	0.12996516
-707.42574257	0.11234449
-707.39273927	0.09663327
-707.35973597	0.08241417
-707.32673267	0.06972272
-707.29372937	0.05834689
-707.26072607	0.04837513
-707.22772277	0.03971395
-707.19471947	0.03195850
-707.16171617	0.02481919
-707.12871287	0.01813045
-707.09570957	0.01158488
-707.06270627	0.00526946
-707.02970297	-0.00052280
-706.99669967	-0.00570752
-706.96369637	-0.01035549
-706.93069307	-0.01436224
-706.89768977	-0.01749885
-706.86468647	-0.02004882
-706.83168317	-0.02187348
-706.79867987	-0.02271026
-706.76567657	-0.02263025
-706.73267327	-0.02151681
-706.69966997	-0.01917594
-706.66666667	-0.01554417
-706.63366337	-0.01090133
-706.60066007	-0.00544581
-706.56765677	0.00047710
-706.53465347	0.00605366
-706.50165017	0.01073055
-706.46864686	0.01398738
-706.43564356	0.01580754
-706.40264026	0.01601004
-706.36963696	0.01484149
-706.33663366	0.01282896
-706.30363036	0.01050652
-706.27062706	0.00802280
-706.23762376	0.00604932
-706.20462046	0.00489937
-706.17161716	0.00442793
-706.13861386	0.00467286
-706.10561056	0.00540668
-706.07260726	0.00647132
-706.03960396	0.00754269
-706.00660066	0.00863353
-705.97359736	0.00943725
-705.94059406	0.01019015
-705.90759076	0.01064689
-705.87458746	0.01046583
-705.84158416	0.00995119
-705.80858086	0.00901659
-705.77557756	0.00742215
-705.74257426	0.00578139
-705.70957096	0.00384610
-705.67656766	0.00183197
-705.64356436	-0.00006615
-705.61056106	-0.00228331
-705.57755776	-0.00466044
-705.54455446	-0.00747900
-705.51155116	-0.01052192
-705.47854785	-0.01380766
-705.44554455	-0.01702507
-705.41254125	-0.01980415
-705.37953795	-0.02147011
-705.34653465	-0.02214075
-705.31353135	-0.02145231
-705.28052805	-0.01938169
-705.24752475	-0.01613465
-705.21452145	-0.01184447
-705.18151815	-0.00680465
-705.14851485	-0.00100121
-705.11551155	0.00498807
-705.08250825	0.01106943
-705.04950495	0.01689066
-705.01650165	0.02218376
-704.98349835	0.02691460
-704.95049505	0.03079724
-704.91749175	0.03358395
-704.88448845	0.03495191
-704.85148515	0.03469133
-704.81848185	0.03255338
-704.78547855	0.02854449
-704.75247525	0.02331506
-704.71947195	0.01743934
-704.68646865	0.01157468
-704.65346535	0.00653472
-704.62046205	0.00293165
-704.58745875	0.00075925
-704.55445545	-0.00013848
-704.52145215	0.00050639
-704.48844884	0.00160542
-704.45544554	0.00235018
-704.42244224	0.00244643
-704.38943894	0.00092440
-704.35643564	-0.00322385
-704.32343234	-0.00984390
-704.29042904	-0.01914277
-704.25742574	-0.03130398
-704.22442244	-0.04483718
-704.19141914	-0.05905821
-704.15841584	-0.07269479
-704.12541254	-0.08432112
-704.09240924	-0.09278662
-704.05940594	-0.09714932
-704.02640264	-0.09674133
-703.99339934	-0.09112658
-703.96039604	-0.08082258
-703.92739274	-0.06649344
-703.89438944	-0.04918352
-703.86138614	-0.03057106
-703.82838284	-0.01193061
-703.79537954	0.00506716
-703.76237624	0.01928028
-703.72937294	0.03012896
-703.69636964	0.03753834
-703.66336634	0.04143721
-703.63036304	0.04246904
-703.59735974	0.04153324
-703.56435644	0.03927321
-703.53135314	0.03630081
-703.49834983	0.03341177
-703.46534653	0.03090098
-703.43234323	0.02938400
-703.39933993	0.02876452
-703.36633663	0.02885162
-703.33333333	0.02932454
-703.30033003	0.02975952
-703.26732673	0.02961849
-703.23432343	0.02884380
-703.20132013	0.02722856
-703.16831683	0.02481247
-703.13531353	0.02185612
-703.10231023	0.01872099
-703.06930693	0.01531997
-703.03630363	0.01190170
-703.00330033	0.00830311
-702.97029703	0.00484859
-702.93729373	0.00184146
-702.90429043	-0.00100483
-702.87128713	-0.00314899
-702.83828383	-0.00450291
-702.80528053	-0.00505668
-702.77227723	-0.00455712
-702.73927393	-0.00337419
-702.70627063	-0.00122273
-702.67326733	0.00162555
-702.64026403	0.00470001
-702.60726073	0.00779441
-702.57425743	0.01034466
-702.54125413	0.01199443
-702.50825083	0.01222180
-702.47524752	0.01086380
-702.44224422	0.00775319
-702.40924092	0.00321221
-702.37623762	-0.00228131
-702.34323432	-0.00843858
-702.31023102	-0.01393463
-702.27722772	-0.01850583
-702.24422442	-0.02202735
-702.21122112	-0.02401720
-702.17821782	-0.02499692
-702.14521452	-0.02554605
-702.11221122	-0.02537609
-702.07920792	-0.02514150
-702.04620462	-0.02477870
-702.01320132	-0.02444151
-701.98019802	-0.02421096
-701.94719472	-0.02422236
-701.91419142	-0.02472412
-701.88118812	-0.02568700
-701.84818482	-0.02723363
-701.81518152	-0.02904417
-701.78217822	-0.03080311
-701.74917492	-0.03222460
-701.71617162	-0.03285315
-701.68316832	-0.03253837
-701.65016502	-0.03103932
-701.61716172	-0.02839279
-701.58415842	-0.02524821
-701.55115512	-0.02207214
-701.51815182	-0.01934711
-701.48514851	-0.01826209
-701.45214521	-0.01904805
-701.41914191	-0.02187818
-701.38613861	-0.02684851
-701.35313531	-0.03312110
-701.32013201	-0.04042610
-701.28712871	-0.04805451
-701.25412541	-0.05472943
-701.22112211	-0.05995910
-701.18811881	-0.06301220
-701.15511551	-0.06342389
-701.12211221	-0.06104379
-701.08910891	-0.05617614
-701.05610561	-0.04861623
-701.02310231	-0.03868988
-700.99009901	-0.02692400
-700.95709571	-0.01293831
-700.92409241	0.00271279
-700.89108911	0.01930130
-700.85808581	0.03640532
-700.82508251	0.05336553
-700.79207921	0.06882907
-700.75907591	0.08283728
-700.72607261	0.09502443
-700.69306931	0.10567831
-700.66006601	0.11571175
-700.62706271	0.12631756
-700.59405941	0.13845186
-700.56105611	0.15291533
-700.52805281	0.17024842
-700.49504950	0.19017450
-700.46204620	0.21172773
-700.42904290	0.23344307
-700.39603960	0.25375687
-700.36303630	0.26990854
-700.33003300	0.28009482
-700.29702970	0.28236283
-700.26402640	0.27512161
-700.23102310	0.25778446
-700.19801980	0.23075097
-700.16501650	0.19475417
-700.13201320	0.15162417
-700.09900990	0.10348359
-700.06600660	0.05333947
-700.03300330	0.00332145
-700.00000000	-0.04406265
-699.96699670	-0.08689758
-699.93399340	-0.12427542
-699.90099010	-0.15501357
-699.86798680	-0.17948006
-699.83498350	-0.19798354
-699.80198020	-0.21171525
-699.76897690	-0.22176498
-699.73597360	-0.22957232
-699.70297030	-0.23621742
-699.66996700	-0.24245204
-699.63696370	-0.24850051
-699.60396040	-0.25433694
-699.57095710	-0.25904888
-699.53795380	-0.26168363
-699.50495050	-0.26095170
-699.47194719	-0.25585965
-699.43894389	-0.24514191
-699.40594059	-0.22791486
-699.37293729	-0.20425721
-699.33993399	-0.17450220
-699.30693069	-0.13948348
-699.27392739	-0.10085140
-699.24092409	-0.06046199
-699.20792079	-0.02035711
-699.17491749	0.01714628
-699.14191419	0.05030982
-699.10891089	0.07778031
-699.07590759	0.09880799
-699.04290429	0.11323039
-699.00990099	0.12129773
-698.97689769	0.12378908
-698.94389439	0.12190663
-698.91089109	0.11631282
-698.87788779	0.10800643
-698.84488449	0.09752814
-698.81188119	0.08565603
-698.77887789	0.07318310
-698.74587459	0.06070326
-698.71287129	0.04887866
-698.67986799	0.03857254
-698.64686469	0.02999690
-698.61386139	0.02315295
-698.58085809	0.01831781
-698.54785479	0.01486108
-698.51485149	0.01256588
-698.48184818	0.01130887
-698.44884488	0.01012577
-698.41584158	0.00897185
-698.38283828	0.00742566
-698.34983498	0.00533676
-698.31683168	0.00258673
-698.28382838	-0.00069316
-698.25082508	-0.00432317
-698.21782178	-0.00748192
-698.18481848	-0.01020473
-698.15181518	-0.01213768
-698.11881188	-0.01300285
-698.08580858	-0.01299355
-698.05280528	-0.01241335
-698.01980198	-0.01133169
-697.98679868	-0.00995077
-697.95379538	-0.00866144
-697.92079208	-0.00732540
-697.88778878	-0.00589567
-697.85478548	-0.00462318
-697.82178218	-0.00334025
-697.78877888	-0.00273023
-697.75577558	-0.00277230
-697.72277228	-0.00366104
-697.68976898	-0.00589676
-697.65676568	-0.00906995
-697.62376238	-0.01239480
-697.59075908	-0.01596495
-697.55775578	-0.01889694
-697.52475248	-0.02060970
-697.49174917	-0.02128312
-697.45874587	-0.02049787
-697.42574257	-0.01858135
-697.39273927	-0.01553341
-697.35973597	-0.01155958
-697.32673267	-0.00689916
-697.29372937	-0.00197147
-697.26072607	0.00233860
-697.22772277	0.00573731
-697.19471947	0.00748102
-697.16171617	0.00710436
-697.12871287	0.00468782
-697.09570957	0.00063012
-697.06270627	-0.00438888
-697.02970297	-0.00947426
-696.99669967	-0.01374433
-696.96369637	-0.01649200
-696.93069307	-0.01724781
-696.89768977	-0.01584798
-696.86468647	-0.01257895
-696.83168317	-0.00773796
-696.79867987	-0.00186514
-696.76567657	0.00458030
-696.73267327	0.01131002
-696.69966997	0.01803253
-696.66666667	0.02482090
-696.63366337	0.03151589
-696.60066007	0.03819152
-696.56765677	0.04516482
-696.53465347	0.05230376
-696.50165017	0.05928535
-696.46864686	0.06588804
-696.43564356	0.07191162
-696.40264026	0.07646226
-696.36963696	0.07948008
-696.33663366	0.08102566
-696.30363036	0.08040520
-696.27062706	0.07798150
-696.23762376	0.07339996
-696.20462046	0.06696635
-696.17161716	0.05840166
-696.13861386	0.04798906
-696.10561056	0.03581066
-696.07260726	0.02242256
-696.03960396	0.00882523
-696.00660066	-0.00449313
-695.97359736	-0.01623403
-695.94059406	-0.02553662
-695.90759076	-0.03211483
-695.87458746	-0.03499995
-695.84158416	-0.03459579
-695.80858086	-0.03145658
-695.77557756	-0.02549989
-695.74257426	-0.01780511
-695.70957096	-0.00893832
-695.67656766	0.00083417
-695.64356436	0.01049041
-695.61056106	0.01949785
-695.57755776	0.02740814
-695.54455446	0.03322448
-695.51155116	0.03610362
-695.47854785	0.03533267
-695.44554455	0.03048150
-695.41254125	0.02118128
-695.37953795	0.00810080
-695.34653465	-0.00790958
-695.31353135	-0.02541166
-695.28052805	-0.04240109
-695.24752475	-0.05727229
-695.21452145	-0.06837366
-695.18151815	-0.07465457
-695.14851485	-0.07580268
-695.11551155	-0.07220271
-695.08250825	-0.06498120
-695.04950495	-0.05540383
-695.01650165	-0.04522445
-694.98349835	-0.03533039
-694.95049505	-0.02678940
-694.91749175	-0.02006808
-694.88448845	-0.01506461
-694.85148515	-0.01155299
-694.81848185	-0.00952599
-694.78547855	-0.00844347
-694.75247525	-0.00829652
-694.71947195	-0.00874388
-694.68646865	-0.00932874
-694.65346535	-0.00963319
-694.62046205	-0.00932567
-694.58745875	-0.00801964
-694.55445545	-0.00571027
-694.52145215	-0.00267118
-694.48844884	0.00107136
-694.45544554	0.00485545
-694.42244224	0.00841909
-694.38943894	0.01140683
-694.35643564	0.01351153
-694.32343234	0.01447795
-694.29042904	0.01433763
-694.25742574	0.01307065
-694.22442244	0.01084018
-694.19141914	0.00829207
-694.15841584	0.00540649
-694.12541254	0.00267362
-694.09240924	0.00029428
-694.05940594	-0.00149419
-694.02640264	-0.00281663
-693.99339934	-0.00345392
-693.96039604	-0.00345442
-693.92739274	-0.00290610
-693.89438944	-0.00152972
-693.86138614	0.00005513
-693.82838284	0.00218228
-693.79537954	0.00455299
-693.76237624	0.00671492
-693.72937294	0.00864865
-693.69636964	0.00982314
-693.66336634	0.00996807
-693.63036304	0.00891498
-693.59735974	0.00695143
-693.56435644	0.00365257
-693.53135314	-0.00052718
-693.49834983	-0.00512495
-693.46534653	-0.00990895
-693.43234323	-0.01411941
-693.39933993	-0.01744518
-693.36633663	-0.01951869
-693.33333333	-0.01974786
-693.30033003	-0.01832607
-693.26732673	-0.01523999
-693.23432343	-0.01102935
-693.20132013	-0.00629913
-693.16831683	-0.00160151
-693.13531353	0.00262104
-693.10231023	0.00564441
-693.06930693	0.00732564
-693.03630363	0.00754345
-693.00330033	0.00664216
-692.97029703	0.00500367
-692.93729373	0.00327858
-692.90429043	0.00227823
-692.87128713	0.00243292
-692.83828383	0.00406700
-692.80528053	0.00704209
-692.77227723	0.01115565
-692.73927393	0.01630502
-692.70627063	0.02188480
-692.67326733	0.02747591
-692.64026403	0.03301086
-692.60726073	0.03845432
-692.57425743	0.04341881
-692.54125413	0.04774450
-692.50825083	0.05150081
-692.47524752	0.05426156
-692.44224422	0.05592015
-692.40924092	0.05616110
-692.37623762	0.05484465
-692.34323432	0.05208101
-692.31023102	0.04822587
-692.27722772	0.04342830
-692.24422442	0.03835238
-692.21122112	0.03329921
-692.17821782	0.02860969
-692.14521452	0.02440102
-692.11221122	0.02052272
-692.07920792	0.01693076
-692.04620462	0.01302970
-692.01320132	0.00847557
-691.98019802	0.00309420
-691.94719472	-0.00367159
-691.91419142	-0.01172329
-691.88118812	-0.02071531
-691.84818482	-0.03061016
-691.81518152	-0.04086472
-691.78217822	-0.05093691
-691.74917492	-0.06058622
-691.71617162	-0.06930784
-691.68316832	-0.07701015
-691.65016502	-0.08320502
-691.61716172	-0.08764905
-691.58415842	-0.09042429
-691.55115512	-0.09110889
-691.51815182	-0.09024758
-691.48514851	-0.08827836
-691.45214521	-0.08523858
-691.41914191	-0.08157631
-691.38613861	-0.07708485
-691.35313531	-0.07167212
-691.32013201	-0.06498000
-691.28712871	-0.05632746
-691.25412541	-0.04594080
-691.22112211	-0.03365663
-691.18811881	-0.02025700
-691.15511551	-0.00630613
-691.12211221	0.00702195
-691.08910891	0.01892630
-691.05610561	0.02880854
-691.02310231	0.03600875
-690.99009901	0.04047398
-690.95709571	0.04248262
-690.92409241	0.04202994
-690.89108911	0.03989937
-690.85808581	0.03611789
-690.82508251	0.03124393
-690.79207921	0.02554481
-690.75907591	0.01963012
-690.72607261	0.01372083
-690.69306931	0.00790394
-690.66006601	0.00316260
-690.62706271	-0.00037857
-690.59405941	-0.00242061
-690.56105611	-0.00231178
-690.52805281	-0.00019631
-690.49504950	0.00375672
-690.46204620	0.00954651
-690.42904290	0.01659000
-690.39603960	0.02418867
-690.36303630	0.03179972
-690.33003300	0.03857243
-690.29702970	0.04410869
-690.26402640	0.04801638
-690.23102310	0.04986759
-690.19801980	0.04991758
-690.16501650	0.04793820
-690.13201320	0.04403909
-690.09900990	0.03864934
-690.06600660	0.03224610
-690.03300330	0.02506281
-690.00000000	0.01801823
-689.96699670	0.01174872
-689.93399340	0.00656837
-689.90099010	0.00300569
-689.86798680	0.00124129
-689.83498350	0.00124400
-689.80198020	0.00266474
-689.76897690	0.00501957
-689.73597360	0.00786176
-689.70297030	0.01044392
-689.66996700	0.01266674
-689.63696370	0.01376816
-689.60396040	0.01366500
-689.57095710	0.01265885
-689.53795380	0.01032160
-689.50495050	0.00740993
-689.47194719	0.00390965
-689.43894389	0.00029030
-689.40594059	-0.00295320
-689.37293729	-0.00577806
-689.33993399	-0.00746754
-689.30693069	-0.00850059
-689.27392739	-0.00878968
-689.24092409	-0.00839402
-689.20792079	-0.00770435
-689.17491749	-0.00642772
-689.14191419	-0.00532235
-689.10891089	-0.00353913
-689.07590759	-0.00171818
-689.04290429	0.00027199
-689.00990099	0.00242290
-688.97689769	0.00457689
-688.94389439	0.00666588
-688.91089109	0.00836237
-688.87788779	0.01006869
-688.84488449	0.01144315
-688.81188119	0.01261049
-688.77887789	0.01369545
-688.74587459	0.01482494
-688.71287129	0.01604022
-688.67986799	0.01713089
-688.64686469	0.01851727
-688.61386139	0.01991813
-688.58085809	0.02126789
-688.54785479	0.02241988
-688.51485149	0.02314547
-688.48184818	0.02347452
-688.44884488	0.02276815
-688.41584158	0.02152171
-688.38283828	0.01908997
-688.34983498	0.01596370
-688.31683168	0.01236466
-688.28382838	0.00821591
-688.25082508	0.00375973
-688.21782178	-0.00057943
-688.18481848	-0.00490797
-688.15181518	-0.00880607
-688.11881188	-0.01200353
-688.08580858	-0.01446029
-688.05280528	-0.01604073
-688.01980198	-0.01667137
-687.98679868	-0.01677299
-687.95379538	-0.01662368
-687.92079208	-0.01677112
-687.88778878	-0.01787546
-687.85478548	-0.02034159
-687.82178218	-0.02448235
-687.78877888	-0.03048721
-687.75577558	-0.03825699
-687.72277228	-0.04700270
-687.68976898	-0.05617926
-687.65676568	-0.06471575
-687.62376238	-0.07179622
-687.59075908	-0.07651666
-687.55775578	-0.07824238
-687.52475248	-0.07667756
-687.49174917	-0.07218409
-687.45874587	-0.06449653
-687.42574257	-0.05467909
-687.39273927	-0.04318291
-687.35973597	-0.03053106
-687.32673267	-0.01749778
-687.29372937	-0.00454431
-687.26072607	0.00788471
-687.22772277	0.01910732
-687.19471947	0.02913305
-687.16171617	0.03770209
-687.12871287	0.04434099
-687.09570957	0.04936845
-687.06270627	0.05273060
-687.02970297	0.05438479
-686.99669967	0.05459084
-686.96369637	0.05371559
-686.93069307	0.05216666
-686.89768977	0.05028025
-686.86468647	0.04850435
-686.83168317	0.04701362
-686.79867987	0.04599680
-686.76567657	0.04489305
-686.73267327	0.04391372
-686.69966997	0.04209377
-686.66666667	0.03903792
-686.63366337	0.03464192
-686.60066007	0.02824068
-686.56765677	0.02032670
-686.53465347	0.01101565
-686.50165017	0.00105459
-686.46864686	-0.00921960
-686.43564356	-0.01871820
-686.40264026	-0.02686777
-686.36963696	-0.03317202
-686.33663366	-0.03734250
-686.30363036	-0.03919956
-686.27062706	-0.03887356
-686.23762376	-0.03695189
-686.20462046	-0.03349129
-686.17161716	-0.02935327
-686.13861386	-0.02507178
-686.10561056	-0.02097173
-686.07260726	-0.01757207
-686.03960396	-0.01536584
-686.00660066	-0.01406243
-685.97359736	-0.01382529
-685.94059406	-0.01437957
-685.90759076	-0.01514736
-685.87458746	-0.01588131
-685.84158416	-0.01636433
-685.80858086	-0.01592997
-685.77557756	-0.01511657
-685.74257426	-0.01341193
-685.70957096	-0.01170342
-685.67656766	-0.00987005
-685.64356436	-0.00813751
-685.61056106	-0.00682294
-685.57755776	-0.00560918
-685.54455446	-0.00447261
-685.51155116	-0.00322781
-685.47854785	-0.00181791
-685.44554455	-0.00002879
-685.41254125	0.00209947
-685.37953795	0.00473101
-685.34653465	0.00752996
-685.31353135	0.01054441
-685.28052805	0.01379898
-685.24752475	0.01662097
-685.21452145	0.01921560
-685.18151815	0.02086644
-685.14851485	0.02159775
-685.11551155	0.02159191
-685.08250825	0.02062503
-685.04950495	0.01917951
-685.01650165	0.01754761
-684.98349835	0.01600320
-684.95049505	0.01485561
-684.91749175	0.01429164
-684.88448845	0.01424606
-684.85148515	0.01473344
-684.81848185	0.01512494
-684.78547855	0.01569108
-684.75247525	0.01607293
-684.71947195	0.01628141
-684.68646865	0.01645246
-684.65346535	0.01638388
-684.62046205	0.01666664
-684.58745875	0.01714319
-684.55445545	0.01809066
-684.52145215	0.01935316
-684.48844884	0.02120538
-684.45544554	0.02314517
-684.42244224	0.02507148
-684.38943894	0.02659679
-684.35643564	0.02755389
-684.32343234	0.02757857
-684.29042904	0.02641726
-684.25742574	0.02400087
-684.22442244	0.02044409
-684.19141914	0.01576434
-684.15841584	0.01018114
-684.12541254	0.00409493
-684.09240924	-0.00214296
-684.05940594	-0.00765988
-684.02640264	-0.01239508
-683.99339934	-0.01594602
-683.96039604	-0.01822931
-683.92739274	-0.01947364
-683.89438944	-0.02012843
-683.86138614	-0.02057474
-683.82838284	-0.02139892
-683.79537954	-0.02282681
-683.76237624	-0.02523233
-683.72937294	-0.02842691
-683.69636964	-0.03237562
-683.66336634	-0.03666657
-683.63036304	-0.04079388
-683.59735974	-0.04419732
-683.56435644	-0.04644446
-683.53135314	-0.04727069
-683.49834983	-0.04608495
-683.46534653	-0.04297061
-683.43234323	-0.03812187
-683.39933993	-0.03137367
-683.36633663	-0.02345635
-683.33333333	-0.01471415
-683.30033003	-0.00602455
-683.26732673	0.00189988
-683.23432343	0.00845904
-683.20132013	0.01307309
-683.16831683	0.01538952
-683.13531353	0.01549913
-683.10231023	0.01360641
-683.06930693	0.00999899
-683.03630363	0.00529789
-683.00330033	-0.00019896
-682.97029703	-0.00610230
-682.93729373	-0.01213573
-682.90429043	-0.01822844
-682.87128713	-0.02426559
-682.83828383	-0.02984630
-682.80528053	-0.03507396
-682.77227723	-0.03963170
-682.73927393	-0.04348046
-682.70627063	-0.04602496
-682.67326733	-0.04727433
-682.64026403	-0.04667181
-682.60726073	-0.04426968
-682.57425743	-0.03967149
-682.54125413	-0.03320173
-682.50825083	-0.02486601
-682.47524752	-0.01545570
-682.44224422	-0.00525132
-682.40924092	0.00510078
-682.37623762	0.01491417
-682.34323432	0.02367627
-682.31023102	0.03117194
-682.27722772	0.03680719
-682.24422442	0.04075056
-682.21122112	0.04278679
-682.17821782	0.04293135
-682.14521452	0.04146800
-682.11221122	0.03869005
-682.07920792	0.03488456
-682.04620462	0.03059799
-682.01320132	0.02609630
-681.98019802	0.02154193
-681.94719472	0.01731878
-681.91419142	0.01354878
-681.88118812	0.01027627
-681.84818482	0.00784597
-681.81518152	0.00626734
-681.78217822	0.00573507
-681.74917492	0.00619089
-681.71617162	0.00778613
-681.68316832	0.01016899
-681.65016502	0.01311426
-681.61716172	0.01628501
-681.58415842	0.01923401
-681.55115512	0.02163040
-681.51815182	0.02316322
-681.48514851	0.02383789
-681.45214521	0.02349073
-681.41914191	0.02212911
-681.38613861	0.02010406
-681.35313531	0.01740310
-681.32013201	0.01437951
-681.28712871	0.01126956
-681.25412541	0.00812811
-681.22112211	0.00554334
-681.18811881	0.00383902
-681.15511551	0.00277520
-681.12211221	0.00274739
-681.08910891	0.00372632
-681.05610561	0.00516497
-681.02310231	0.00732913
-680.99009901	0.00962746
-680.95709571	0.01174322
-680.92409241	0.01333288
-680.89108911	0.01426570
-680.85808581	0.01444857
-680.82508251	0.01401520
-680.79207921	0.01268987
-680.75907591	0.01140239
-680.72607261	0.00977818
-680.69306931	0.00819691
-680.66006601	0.00665592
-680.62706271	0.00526196
-680.59405941	0.00377711
-680.56105611	0.00221630
-680.52805281	0.00071382
-680.49504950	-0.00065963
-680.46204620	-0.00193936
-680.42904290	-0.00281150
-680.39603960	-0.00319262
-680.36303630	-0.00316561
-680.33003300	-0.00304039
-680.29702970	-0.00222015
-680.26402640	-0.00189808
-680.23102310	-0.00148002
-680.19801980	-0.00153418
-680.16501650	-0.00221435
-680.13201320	-0.00366523
-680.09900990	-0.00522704
-680.06600660	-0.00737138
-680.03300330	-0.00919953
-680.00000000	-0.01099107
-679.96699670	-0.01231089
-679.93399340	-0.01317359
-679.90099010	-0.01365509
-679.86798680	-0.01395797
-679.83498350	-0.01400924
-679.80198020	-0.01406295
-679.76897690	-0.01429551
-679.73597360	-0.01447135
-679.70297030	-0.01461659
-679.66996700	-0.01485437
-679.63696370	-0.01497313
-679.60396040	-0.01509238
-679.57095710	-0.01495508
-679.53795380	-0.01477784
-679.50495050	-0.01409127
-679.47194719	-0.01317284
-679.43894389	-0.01172890
-679.40594059	-0.00983423
-679.37293729	-0.00719866
-679.33993399	-0.00429342
-679.30693069	-0.00064270
-679.27392739	0.00329848
-679.24092409	0.00734282
-679.20792079	0.01134700
-679.17491749	0.01476654
-679.14191419	0.01719734
-679.10891089	0.01833963
-679.07590759	0.01805484
-679.04290429	0.01635055
-679.00990099	0.01340596
-678.97689769	0.00965914
-678.94389439	0.00526505
-678.91089109	0.00081096
-678.87788779	-0.00380934
-678.84488449	-0.00781787
-678.81188119	-0.01132702
-678.77887789	-0.01397860
-678.74587459	-0.01549969
-678.71287129	-0.01594961
-678.67986799	-0.01525146
-678.64686469	-0.01348477
-678.61386139	-0.01095582
-678.58085809	-0.00771315
-678.54785479	-0.00424108
-678.51485149	-0.00045203
-678.48184818	0.00325744
-678.44884488	0.00668543
-678.41584158	0.01018666
-678.38283828	0.01343147
-678.34983498	0.01671079
-678.31683168	0.02005834
-678.28382838	0.02341488
-678.25082508	0.02674347
-678.21782178	0.02985458
-678.18481848	0.03272909
-678.15181518	0.03499103
-678.11881188	0.03671566
-678.08580858	0.03778103
-678.05280528	0.03791641
-678.01980198	0.03761881
-677.98679868	0.03643498
-677.95379538	0.03449977
-677.92079208	0.03196938
-677.88778878	0.02878726
-677.85478548	0.02469317
-677.82178218	0.02022255
-677.78877888	0.01505267
-677.75577558	0.00971031
-677.72277228	0.00423762
-677.68976898	-0.00112682
-677.65676568	-0.00598838
-677.62376238	-0.01012831
-677.59075908	-0.01328005
-677.55775578	-0.01529998
-677.52475248	-0.01628636
-677.49174917	-0.01620604
-677.45874587	-0.01561339
-677.42574257	-0.01465469
-677.39273927	-0.01386974
-677.35973597	-0.01326325
-677.32673267	-0.01362803
-677.29372937	-0.01447895
-677.26072607	-0.01617052
-677.22772277	-0.01833829
-677.19471947	-0.02069463
-677.16171617	-0.02307310
-677.12871287	-0.02453828
-677.09570957	-0.02521550
-677.06270627	-0.02459528
-677.02970297	-0.02284102
-676.99669967	-0.02008297
-676.96369637	-0.01664790
-676.93069307	-0.01354179
-676.89768977	-0.01074027
-676.86468647	-0.00920240
-676.83168317	-0.00863441
-676.79867987	-0.00954188
-676.76567657	-0.01119809
-676.73267327	-0.01341603
-676.69966997	-0.01559290
-676.66666667	-0.01736185
-676.63366337	-0.01828925
-676.60066007	-0.01824079
-676.56765677	-0.01722243
-676.53465347	-0.01543825
-676.50165017	-0.01333680
-676.46864686	-0.01124355
-676.43564356	-0.00957155
-676.40264026	-0.00872307
-676.36963696	-0.00860796
-676.33663366	-0.00960149
-676.30363036	-0.01111731
-676.27062706	-0.01322450
-676.23762376	-0.01535087
-676.20462046	-0.01720208
-676.17161716	-0.01848210
-676.13861386	-0.01906256
-676.10561056	-0.01879213
-676.07260726	-0.01791402
-676.03960396	-0.01633450
-676.00660066	-0.01445713
-675.97359736	-0.01259914
-675.94059406	-0.01082411
-675.90759076	-0.00937056
-675.87458746	-0.00848150
-675.84158416	-0.00811165
-675.80858086	-0.00841641
-675.77557756	-0.00895650
-675.74257426	-0.00990778
-675.70957096	-0.01080874
-675.67656766	-0.01193642
-675.64356436	-0.01267523
-675.61056106	-0.01355184
-675.57755776	-0.01431053
-675.54455446	-0.01517851
-675.51155116	-0.01568662
-675.47854785	-0.01604851
-675.44554455	-0.01571723
-675.41254125	-0.01446717
-675.37953795	-0.01232703
-675.34653465	-0.00917574
-675.31353135	-0.00517632
-675.28052805	-0.00041945
-675.24752475	0.00460472
-675.21452145	0.00977695
-675.18151815	0.01474612
-675.14851485	0.01923821
-675.11551155	0.02331115
-675.08250825	0.02655850
-675.04950495	0.02948652
-675.01650165	0.03172645
-674.98349835	0.03361320
-674.95049505	0.03546250
-674.91749175	0.03684198
-674.88448845	0.03830396
-674.85148515	0.03928340
-674.81848185	0.04005386
-674.78547855	0.04074414
-674.75247525	0.04103787
-674.71947195	0.04111496
-674.68646865	0.04077769
-674.65346535	0.04000043
-674.62046205	0.03838526
-674.58745875	0.03599071
-674.55445545	0.03256652
-674.52145215	0.02817550
-674.48844884	0.02298134
-674.45544554	0.01696823
-674.42244224	0.01065488
-674.38943894	0.00383678
-674.35643564	-0.00272287
-674.32343234	-0.00943474
-674.29042904	-0.01568520
-674.25742574	-0.02133384
-674.22442244	-0.02643677
-674.19141914	-0.03081981
-674.15841584	-0.03428341
-674.12541254	-0.03724984
-674.09240924	-0.03947018
-674.05940594	-0.04126099
-674.02640264	-0.04227650
-673.99339934	-0.04317733
-673.96039604	-0.04340929
-673.92739274	-0.04337420
-673.89438944	-0.04291760
-673.86138614	-0.04185472
-673.82838284	-0.04038724
-673.79537954	-0.03778009
-673.76237624	-0.03441929
-673.72937294	-0.03019714
-673.69636964	-0.02466572
-673.66336634	-0.01842655
-673.63036304	-0.01152810
-673.59735974	-0.00412527
-673.56435644	0.00349874
-673.53135314	0.01079219
-673.49834983	0.01795596
-673.46534653	0.02427215
-673.43234323	0.02981094
-673.39933993	0.03410823
-673.36633663	0.03729315
-673.33333333	0.03909126
-673.30033003	0.03950365
-673.26732673	0.03878818
-673.23432343	0.03704853
-673.20132013	0.03434154
-673.16831683	0.03096662
-673.13531353	0.02728090
-673.10231023	0.02317115
-673.06930693	0.01908088
-673.03630363	0.01521678
-673.00330033	0.01187164
-672.97029703	0.00903956
-672.93729373	0.00725529
-672.90429043	0.00628999
-672.87128713	0.00593652
-672.83828383	0.00658761
-672.80528053	0.00734729
-672.77227723	0.00840582
-672.73927393	0.00950231
-672.70627063	0.01037496
-672.67326733	0.01099234
-672.64026403	0.01136700
-672.60726073	0.01145017
-672.57425743	0.01123395
-672.54125413	0.01115369
-672.50825083	0.01088633
-672.47524752	0.01083012
-672.44224422	0.01082496
-672.40924092	0.01103230
-672.37623762	0.01141952
-672.34323432	0.01168002
-672.31023102	0.01181033
-672.27722772	0.01179911
-672.24422442	0.01113674
-672.21122112	0.00994275
-672.17821782	0.00819582
-672.14521452	0.00569803
-672.11221122	0.00290000
-672.07920792	-0.00016739
-672.04620462	-0.00346938
-672.01320132	-0.00660783
-671.98019802	-0.00965698
-671.94719472	-0.01230424
-671.91419142	-0.01471035
-671.88118812	-0.01637506
-671.84818482	-0.01741228
-671.81518152	-0.01787923
-671.78217822	-0.01735123
-671.74917492	-0.01599804
-671.71617162	-0.01399487
-671.68316832	-0.01159450
-671.65016502	-0.00861408
-671.61716172	-0.00589895
-671.58415842	-0.00348140
-671.55115512	-0.00184813
-671.51815182	-0.00078290
-671.48514851	-0.00100663
-671.45214521	-0.00181922
-671.41914191	-0.00328008
-671.38613861	-0.00493200
-671.35313531	-0.00659018
-671.32013201	-0.00773473
-671.28712871	-0.00832276
-671.25412541	-0.00810960
-671.22112211	-0.00708903
-671.18811881	-0.00517351
-671.15511551	-0.00264413
-671.12211221	0.00044035
-671.08910891	0.00398098
-671.05610561	0.00774196
-671.02310231	0.01158882
-670.99009901	0.01566801
-670.95709571	0.01953890
-670.92409241	0.02324385
-670.89108911	0.02677622
-670.85808581	0.02957124
-670.82508251	0.03188752
-670.79207921	0.03330593
-670.75907591	0.03415685
-670.72607261	0.03388215
-670.69306931	0.03301769
-670.66006601	0.03156267
-670.62706271	0.02927276
-670.59405941	0.02648659
-670.56105611	0.02331299
-670.52805281	0.01963505
-670.49504950	0.01576062
-670.46204620	0.01169740
-670.42904290	0.00765839
-670.39603960	0.00368957
-670.36303630	0.00012855
-670.33003300	-0.00345748
-670.29702970	-0.00682683
-670.26402640	-0.00982253
-670.23102310	-0.01268747
-670.19801980	-0.01511845
-670.16501650	-0.01721617
-670.13201320	-0.01864281
-670.09900990	-0.01969729
-670.06600660	-0.01987141
-670.03300330	-0.01938097
-670.00000000	-0.01789333
-669.96699670	-0.01595783
-669.93399340	-0.01318421
-669.90099010	-0.01015539
-669.86798680	-0.00707102
-669.83498350	-0.00415552
-669.80198020	-0.00176489
-669.76897690	-0.00016874
-669.73597360	0.00066752
-669.70297030	0.00107186
-669.66996700	0.00064451
-669.63696370	0.00026767
-669.60396040	-0.00011453
-669.57095710	-0.00013157
-669.53795380	0.00034063
-669.50495050	0.00164283
-669.47194719	0.00351769
-669.43894389	0.00584211
-669.40594059	0.00845221
-669.37293729	0.01100986
-669.33993399	0.01330686
-669.30693069	0.01486139
-669.27392739	0.01595285
-669.24092409	0.01644282
-669.20792079	0.01634612
-669.17491749	0.01597431
-669.14191419	0.01523781
-669.10891089	0.01450593
-669.07590759	0.01367433
-669.04290429	0.01294289
-669.00990099	0.01209989
-668.97689769	0.01123160
-668.94389439	0.01041130
-668.91089109	0.00928323
-668.87788779	0.00803151
-668.84488449	0.00658414
-668.81188119	0.00479290
-668.77887789	0.00313216
-668.74587459	0.00120024
-668.71287129	-0.00062352
-668.67986799	-0.00235987
-668.64686469	-0.00400177
-668.61386139	-0.00557564
-668.58085809	-0.00713404
-668.54785479	-0.00886265
-668.51485149	-0.01061212
-668.48184818	-0.01219106
-668.44884488	-0.01389604
-668.41584158	-0.01552914
-668.38283828	-0.01678824
-668.34983498	-0.01786040
-668.31683168	-0.01847895
-668.28382838	-0.01840430
-668.25082508	-0.01763190
-668.21782178	-0.01642264
-668.18481848	-0.01438460
-668.15181518	-0.01232288
-668.11881188	-0.01010784
-668.08580858	-0.00833744
-668.05280528	-0.00726584
-668.01980198	-0.00713791
-667.98679868	-0.00804326
-667.95379538	-0.00982231
-667.92079208	-0.01209635
-667.88778878	-0.01476008
-667.85478548	-0.01712613
-667.82178218	-0.01871138
-667.78877888	-0.01947401
-667.75577558	-0.01905350
-667.72277228	-0.01768298
-667.68976898	-0.01542267
-667.65676568	-0.01262763
-667.62376238	-0.00957541
-667.59075908	-0.00666844
-667.55775578	-0.00428317
-667.52475248	-0.00253877
-667.49174917	-0.00143369
-667.45874587	-0.00128689
-667.42574257	-0.00147461
-667.39273927	-0.00217914
-667.35973597	-0.00267424
-667.32673267	-0.00301078
-667.29372937	-0.00274044
-667.26072607	-0.00194321
-667.22772277	-0.00032095
-667.19471947	0.00140795
-667.16171617	0.00371840
-667.12871287	0.00590301
-667.09570957	0.00774835
-667.06270627	0.00929147
-667.02970297	0.01029656
-666.99669967	0.01095145
-666.96369637	0.01113033
-666.93069307	0.01092178
-666.89768977	0.01057675
-666.86468647	0.01002832
-666.83168317	0.00935488
-666.79867987	0.00847626
-666.76567657	0.00730784
-666.73267327	0.00582065
-666.69966997	0.00395755
-666.66666667	0.00201216
-666.63366337	-0.00025518
-666.60066007	-0.00254488
-666.56765677	-0.00487936
-666.53465347	-0.00691587
-666.50165017	-0.00882964
-666.46864686	-0.01018717
-666.43564356	-0.01103250
-666.40264026	-0.01141969
-666.36963696	-0.01111685
-666.33663366	-0.01028817
-666.30363036	-0.00924016
-666.27062706	-0.00776082
-666.23762376	-0.00617564
-666.20462046	-0.00455490
-666.17161716	-0.00303782
-666.13861386	-0.00139313
-666.10561056	0.00010592
-666.07260726	0.00196028
-666.03960396	0.00360654
-666.00660066	0.00549866
-665.97359736	0.00726981
-665.94059406	0.00899769
-665.90759076	0.01038516
-665.87458746	0.01146487
-665.84158416	0.01179456
-665.80858086	0.01143387
-665.77557756	0.01004889
-665.74257426	0.00786986
-665.70957096	0.00512574
-665.67656766	0.00164510
-665.64356436	-0.00210663
-665.61056106	-0.00577541
-665.57755776	-0.00941569
-665.54455446	-0.01254303
-665.51155116	-0.01534196
-665.47854785	-0.01754746
-665.44554455	-0.01890241
-665.41254125	-0.01987256
-665.37953795	-0.02032515
-665.34653465	-0.02035900
-665.31353135	-0.01995013
-665.28052805	-0.01931160
-665.24752475	-0.01876497
-665.21452145	-0.01836545
-665.18151815	-0.01806079
-665.14851485	-0.01813028
-665.11551155	-0.01820928
-665.08250825	-0.01847000
-665.04950495	-0.01845368
-665.01650165	-0.01834715
-664.98349835	-0.01779702
-664.95049505	-0.01684567
-664.91749175	-0.01529740
-664.88448845	-0.01318208
-664.85148515	-0.01047468
-664.81848185	-0.00759152
-664.78547855	-0.00429146
-664.75247525	-0.00111619
-664.71947195	0.00208611
-664.68646865	0.00492801
-664.65346535	0.00735271
-664.62046205	0.00926770
-664.58745875	0.01085166
-664.55445545	0.01178390
-664.52145215	0.01218278
-664.48844884	0.01210632
-664.45544554	0.01173125
-664.42244224	0.01086455
-664.38943894	0.00988601
-664.35643564	0.00897578
-664.32343234	0.00799447
-664.29042904	0.00716405
-664.25742574	0.00670258
-664.22442244	0.00684380
-664.19141914	0.00759825
-664.15841584	0.00897237
-664.12541254	0.01088625
-664.09240924	0.01325643
-664.05940594	0.01555671
-664.02640264	0.01769905
-663.99339934	0.01934250
-663.96039604	0.02011700
-663.92739274	0.02025462
-663.89438944	0.01927728
-663.86138614	0.01755742
-663.82838284	0.01517506
-663.79537954	0.01236320
-663.76237624	0.00939726
-663.72937294	0.00661487
-663.69636964	0.00434306
-663.66336634	0.00260769
-663.63036304	0.00153617
-663.59735974	0.00107926
-663.56435644	0.00102935
-663.53135314	0.00117572
-663.49834983	0.00138086
-663.46534653	0.00124636
-663.43234323	0.00068777
-663.39933993	-0.00011180
-663.36633663	-0.00117440
-663.33333333	-0.00245434
-663.30033003	-0.00340588
-663.26732673	-0.00422385
-663.23432343	-0.00454413
-663.20132013	-0.00418861
-663.16831683	-0.00327875
-663.13531353	-0.00162916
-663.10231023	0.00050114
-663.06930693	0.00309005
-663.03630363	0.00571474
-663.00330033	0.00847552
-662.97029703	0.01079899
-662.93729373	0.01291749
-662.90429043	0.01446933
-662.87128713	0.01540281
-662.83828383	0.01589168
-662.80528053	0.01570419
-662.77227723	0.01491653
-662.73927393	0.01354631
-662.70627063	0.01157979
-662.67326733	0.00925798
-662.64026403	0.00653550
-662.60726073	0.00358984
-662.57425743	0.00055860
-662.54125413	-0.00236672
-662.50825083	-0.00492962
-662.47524752	-0.00725301
-662.44224422	-0.00920131
-662.40924092	-0.01062289
-662.37623762	-0.01158217
-662.34323432	-0.01215295
-662.31023102	-0.01226172
-662.27722772	-0.01212514
-662.24422442	-0.01176897
-662.21122112	-0.01153252
-662.17821782	-0.01110470
-662.14521452	-0.01075251
-662.11221122	-0.01036512
-662.07920792	-0.00989559
-662.04620462	-0.00935119
-662.01320132	-0.00848214
-661.98019802	-0.00734890
-661.94719472	-0.00600982
-661.91419142	-0.00440503
-661.88118812	-0.00258576
-661.84818482	-0.00073228
-661.81518152	0.00108100
-661.78217822	0.00281078
-661.74917492	0.00439458
-661.71617162	0.00576670
-661.68316832	0.00700335
-661.65016502	0.00796920
-661.61716172	0.00889090
-661.58415842	0.00971055
-661.55115512	0.01048305
-661.51815182	0.01103378
-661.48514851	0.01130565
-661.45214521	0.01135776
-661.41914191	0.01095972
-661.38613861	0.01028481
-661.35313531	0.00933580
-661.32013201	0.00835637
-661.28712871	0.00733382
-661.25412541	0.00655995
-661.22112211	0.00610020
-661.18811881	0.00604081
-661.15511551	0.00621158
-661.12211221	0.00656652
-661.08910891	0.00691684
-661.05610561	0.00710150
-661.02310231	0.00698769
-660.99009901	0.00647423
-660.95709571	0.00554121
-660.92409241	0.00420444
-660.89108911	0.00253766
-660.85808581	0.00070948
-660.82508251	-0.00114421
-660.79207921	-0.00295203
-660.75907591	-0.00456451
-660.72607261	-0.00586346
-660.69306931	-0.00676376
-660.66006601	-0.00730505
-660.62706271	-0.00739537
-660.59405941	-0.00701777
-660.56105611	-0.00639162
-660.52805281	-0.00552234
-660.49504950	-0.00452353
-660.46204620	-0.00355610
-660.42904290	-0.00235993
-660.39603960	-0.00127046
-660.36303630	-0.00001182
-660.33003300	0.00120631
-660.29702970	0.00255234
-660.26402640	0.00388076
-660.23102310	0.00501917
-660.19801980	0.00599375
-660.16501650	0.00670189
-660.13201320	0.00683673
-660.09900990	0.00688696
-660.06600660	0.00668746
-660.03300330	0.00637919
-660.00000000	0.00619073
