# Menlo Systems GmbH ScanControl
# Program Version 1.14.3
# Start: -740.00000000 ps, Average over 1000 waveforms. Timestamp: 2026-02-12T12:57:54
# User time axis shift: 0 ps
# Time axis offset: 0 ps
# Time [ps]	THz Signal [a.u.]
-740.00000000	-0.00022722
-739.96699670	-0.00016170
-739.93399340	-0.00015769
-739.90099010	-0.00014418
-739.86798680	-0.00015029
-739.83498350	-0.00005977
-739.80198020	-0.00006642
-739.76897690	-0.00010667
-739.73597360	-0.00007691
-739.70297030	-0.00003459
-739.66996700	-0.00001642
-739.63696370	-0.00002022
-739.60396040	0.00005060
-739.57095710	-0.00000621
-739.53795380	0.00015435
-739.50495050	-0.00001456
-739.47194719	0.00012542
-739.43894389	0.00006452
-739.40594059	0.00006717
-739.37293729	0.00009547
-739.33993399	0.00007668
-739.30693069	0.00009106
-739.27392739	0.00015407
-739.24092409	0.00001706
-739.20792079	0.00004466
-739.17491749	0.00010276
-739.14191419	0.00008449
-739.10891089	0.00011041
-739.07590759	0.00002032
-739.04290429	-0.00001618
-739.00990099	0.00004815
-738.97689769	0.00003875
-738.94389439	-0.00000537
-738.91089109	0.00006779
-738.87788779	0.00004614
-738.84488449	-0.00002165
-738.81188119	0.00008770
-738.77887789	0.00007472
-738.74587459	-0.00008968
-738.71287129	-0.00001889
-738.67986799	0.00002406
-738.64686469	-0.00001123
-738.61386139	-0.00005131
-738.58085809	-0.00008626
-738.54785479	-0.00013984
-738.51485149	-0.00011680
-738.48184818	-0.00009525
-738.44884488	-0.00009236
-738.41584158	-0.00007568
-738.38283828	-0.00002493
-738.34983498	-0.00004229
-738.31683168	-0.00001742
-738.28382838	-0.00007567
-738.25082508	-0.00006083
-738.21782178	-0.00003451
-738.18481848	-0.00004278
-738.15181518	-0.00016165
-738.11881188	-0.00009072
-738.08580858	-0.00019471
-738.05280528	-0.00012566
-738.01980198	-0.00016809
-737.98679868	-0.00020078
-737.95379538	-0.00014863
-737.92079208	-0.00016504
-737.88778878	-0.00017991
-737.85478548	-0.00016228
-737.82178218	-0.00012470
-737.78877888	-0.00008708
-737.75577558	-0.00012658
-737.72277228	-0.00013799
-737.68976898	-0.00005852
-737.65676568	-0.00003697
-737.62376238	-0.00002744
-737.59075908	-0.00004314
-737.55775578	-0.00005099
-737.52475248	-0.00001394
-737.49174917	-0.00006309
-737.45874587	0.00001161
-737.42574257	0.00004068
-737.39273927	0.00002802
-737.35973597	0.00003529
-737.32673267	0.00015523
-737.29372937	0.00018163
-737.26072607	0.00020143
-737.22772277	0.00029089
-737.19471947	0.00024058
-737.16171617	0.00031670
-737.12871287	0.00043586
-737.09570957	0.00037171
-737.06270627	0.00041343
-737.02970297	0.00050293
-736.99669967	0.00050219
-736.96369637	0.00048390
-736.93069307	0.00057018
-736.89768977	0.00057378
-736.86468647	0.00065116
-736.83168317	0.00063617
-736.79867987	0.00052839
-736.76567657	0.00047335
-736.73267327	0.00040326
-736.69966997	0.00030939
-736.66666667	0.00016878
-736.63366337	0.00010364
-736.60066007	-0.00004233
-736.56765677	-0.00018459
-736.53465347	-0.00034233
-736.50165017	-0.00067278
-736.46864686	-0.00085159
-736.43564356	-0.00111267
-736.40264026	-0.00132348
-736.36963696	-0.00159190
-736.33663366	-0.00180690
-736.30363036	-0.00206033
-736.27062706	-0.00224961
-736.23762376	-0.00238407
-736.20462046	-0.00255712
-736.17161716	-0.00262376
-736.13861386	-0.00274472
-736.10561056	-0.00281805
-736.07260726	-0.00292983
-736.03960396	-0.00298200
-736.00660066	-0.00306765
-735.97359736	-0.00301093
-735.94059406	-0.00305187
-735.90759076	-0.00303609
-735.87458746	-0.00295694
-735.84158416	-0.00279492
-735.80858086	-0.00254130
-735.77557756	-0.00221873
-735.74257426	-0.00174510
-735.70957096	-0.00115574
-735.67656766	-0.00058078
-735.64356436	-0.00004949
-735.61056106	0.00060224
-735.57755776	0.00111964
-735.54455446	0.00162943
-735.51155116	0.00202798
-735.47854785	0.00222757
-735.44554455	0.00229315
-735.41254125	0.00246552
-735.37953795	0.00232257
-735.34653465	0.00218270
-735.31353135	0.00199478
-735.28052805	0.00181205
-735.24752475	0.00131876
-735.21452145	0.00124390
-735.18151815	0.00097490
-735.14851485	0.00074590
-735.11551155	0.00046639
-735.08250825	0.00036729
-735.04950495	0.00033823
-735.01650165	0.00029496
-734.98349835	0.00022725
-734.95049505	0.00011246
-734.91749175	0.00011410
-734.88448845	0.00011902
-734.85148515	0.00005177
-734.81848185	-0.00005389
-734.78547855	0.00005576
-734.75247525	-0.00008335
-734.71947195	-0.00010101
-734.68646865	-0.00010438
-734.65346535	-0.00018664
-734.62046205	-0.00015520
-734.58745875	-0.00014845
-734.55445545	-0.00026980
-734.52145215	-0.00023704
-734.48844884	-0.00036639
-734.45544554	-0.00034289
-734.42244224	-0.00029401
-734.38943894	-0.00034321
-734.35643564	-0.00040214
-734.32343234	-0.00024922
-734.29042904	-0.00029122
-734.25742574	-0.00018905
-734.22442244	-0.00016990
-734.19141914	-0.00013780
-734.15841584	-0.00010273
-734.12541254	-0.00012756
-734.09240924	-0.00003571
-734.05940594	-0.00002614
-734.02640264	0.00000080
-733.99339934	-0.00008716
-733.96039604	0.00002367
-733.92739274	0.00005658
-733.89438944	0.00000157
-733.86138614	-0.00002809
-733.82838284	-0.00006957
-733.79537954	-0.00000426
-733.76237624	0.00002089
-733.72937294	0.00005107
-733.69636964	0.00001298
-733.66336634	0.00001382
-733.63036304	0.00013344
-733.59735974	0.00006474
-733.56435644	0.00007768
-733.53135314	0.00023640
-733.49834983	0.00013779
-733.46534653	0.00012102
-733.43234323	0.00018295
-733.39933993	0.00015038
-733.36633663	0.00014859
-733.33333333	0.00017908
-733.30033003	0.00008748
-733.26732673	0.00006903
-733.23432343	0.00014788
-733.20132013	0.00005409
-733.16831683	0.00008789
-733.13531353	0.00007176
-733.10231023	0.00004709
-733.06930693	0.00012608
-733.03630363	0.00013201
-733.00330033	0.00009822
-732.97029703	0.00007368
-732.93729373	0.00018534
-732.90429043	0.00006129
-732.87128713	0.00016885
-732.83828383	0.00033068
-732.80528053	0.00030923
-732.77227723	0.00029997
-732.73927393	0.00040892
-732.70627063	0.00044629
-732.67326733	0.00051596
-732.64026403	0.00059320
-732.60726073	0.00062504
-732.57425743	0.00074356
-732.54125413	0.00080578
-732.50825083	0.00085514
-732.47524752	0.00097674
-732.44224422	0.00100781
-732.40924092	0.00108775
-732.37623762	0.00118818
-732.34323432	0.00143631
-732.31023102	0.00138259
-732.27722772	0.00148147
-732.24422442	0.00166421
-732.21122112	0.00175788
-732.17821782	0.00183781
-732.14521452	0.00181596
-732.11221122	0.00195349
-732.07920792	0.00196456
-732.04620462	0.00184916
-732.01320132	0.00171657
-731.98019802	0.00137582
-731.94719472	0.00099715
-731.91419142	0.00023161
-731.88118812	-0.00053077
-731.84818482	-0.00144414
-731.81518152	-0.00267111
-731.78217822	-0.00381983
-731.74917492	-0.00504858
-731.71617162	-0.00623326
-731.68316832	-0.00708507
-731.65016502	-0.00763457
-731.61716172	-0.00770788
-731.58415842	-0.00758106
-731.55115512	-0.00698632
-731.51815182	-0.00589828
-731.48514851	-0.00464007
-731.45214521	-0.00321413
-731.41914191	-0.00178768
-731.38613861	-0.00061278
-731.35313531	0.00047090
-731.32013201	0.00145454
-731.28712871	0.00202406
-731.25412541	0.00249444
-731.22112211	0.00276668
-731.18811881	0.00292017
-731.15511551	0.00283493
-731.12211221	0.00283970
-731.08910891	0.00256367
-731.05610561	0.00243192
-731.02310231	0.00216567
-730.99009901	0.00204803
-730.95709571	0.00177110
-730.92409241	0.00157703
-730.89108911	0.00154738
-730.85808581	0.00139728
-730.82508251	0.00114867
-730.79207921	0.00105427
-730.75907591	0.00095634
-730.72607261	0.00082487
-730.69306931	0.00079054
-730.66006601	0.00068579
-730.62706271	0.00080428
-730.59405941	0.00058369
-730.56105611	0.00064724
-730.52805281	0.00053533
-730.49504950	0.00044761
-730.46204620	0.00040750
-730.42904290	0.00022628
-730.39603960	0.00023967
-730.36303630	0.00008964
-730.33003300	0.00006895
-730.29702970	-0.00012093
-730.26402640	-0.00012457
-730.23102310	-0.00016109
-730.19801980	-0.00019762
-730.16501650	-0.00029285
-730.13201320	-0.00019538
-730.09900990	-0.00015554
-730.06600660	-0.00013836
-730.03300330	-0.00005615
-730.00000000	-0.00008995
-729.96699670	0.00002198
-729.93399340	-0.00003072
-729.90099010	0.00002989
-729.86798680	-0.00004663
-729.83498350	-0.00002505
-729.80198020	-0.00005050
-729.76897690	-0.00023457
-729.73597360	-0.00027929
-729.70297030	-0.00025040
-729.66996700	-0.00032354
-729.63696370	-0.00031815
-729.60396040	-0.00032004
-729.57095710	-0.00032220
-729.53795380	-0.00021799
-729.50495050	-0.00017681
-729.47194719	-0.00006630
-729.43894389	-0.00001351
-729.40594059	0.00008167
-729.37293729	0.00010829
-729.33993399	0.00016501
-729.30693069	0.00014666
-729.27392739	0.00003700
-729.24092409	-0.00016194
-729.20792079	-0.00026051
-729.17491749	-0.00061974
-729.14191419	-0.00085454
-729.10891089	-0.00128790
-729.07590759	-0.00174160
-729.04290429	-0.00208620
-729.00990099	-0.00240629
-728.97689769	-0.00277253
-728.94389439	-0.00304932
-728.91089109	-0.00326735
-728.87788779	-0.00328286
-728.84488449	-0.00350094
-728.81188119	-0.00347832
-728.77887789	-0.00367692
-728.74587459	-0.00369036
-728.71287129	-0.00422739
-728.67986799	-0.00468992
-728.64686469	-0.00545761
-728.61386139	-0.00650319
-728.58085809	-0.00759335
-728.54785479	-0.00891505
-728.51485149	-0.01014474
-728.48184818	-0.01122030
-728.44884488	-0.01197828
-728.41584158	-0.01230358
-728.38283828	-0.01191294
-728.34983498	-0.01081531
-728.31683168	-0.00921356
-728.28382838	-0.00678163
-728.25082508	-0.00406701
-728.21782178	-0.00131084
-728.18481848	0.00139595
-728.15181518	0.00340455
-728.11881188	0.00498177
-728.08580858	0.00572883
-728.05280528	0.00585917
-728.01980198	0.00541176
-727.98679868	0.00485716
-727.95379538	0.00418686
-727.92079208	0.00374236
-727.88778878	0.00341785
-727.85478548	0.00360621
-727.82178218	0.00400545
-727.78877888	0.00443895
-727.75577558	0.00512815
-727.72277228	0.00573693
-727.68976898	0.00637944
-727.65676568	0.00672341
-727.62376238	0.00678216
-727.59075908	0.00662528
-727.55775578	0.00609074
-727.52475248	0.00508449
-727.49174917	0.00407286
-727.45874587	0.00280373
-727.42574257	0.00159838
-727.39273927	0.00024024
-727.35973597	-0.00094010
-727.32673267	-0.00219167
-727.29372937	-0.00315041
-727.26072607	-0.00415353
-727.22772277	-0.00485049
-727.19471947	-0.00554599
-727.16171617	-0.00621233
-727.12871287	-0.00691316
-727.09570957	-0.00789948
-727.06270627	-0.00913885
-727.02970297	-0.01085310
-726.99669967	-0.01289197
-726.96369637	-0.01547599
-726.93069307	-0.01863017
-726.89768977	-0.02178479
-726.86468647	-0.02504848
-726.83168317	-0.02802562
-726.79867987	-0.03015669
-726.76567657	-0.03125526
-726.73267327	-0.03086171
-726.69966997	-0.02895673
-726.66666667	-0.02517279
-726.63366337	-0.02008344
-726.60066007	-0.01408858
-726.56765677	-0.00739573
-726.53465347	-0.00125947
-726.50165017	0.00413273
-726.46864686	0.00796549
-726.43564356	0.01035567
-726.40264026	0.01110610
-726.36963696	0.01051968
-726.33663366	0.00932090
-726.30363036	0.00761968
-726.27062706	0.00594289
-726.23762376	0.00431129
-726.20462046	0.00291943
-726.17161716	0.00181896
-726.13861386	0.00093179
-726.10561056	0.00030900
-726.07260726	0.00007696
-726.03960396	0.00012657
-726.00660066	0.00064116
-725.97359736	0.00127008
-725.94059406	0.00213214
-725.90759076	0.00297115
-725.87458746	0.00379055
-725.84158416	0.00480227
-725.80858086	0.00587533
-725.77557756	0.00724690
-725.74257426	0.00862440
-725.70957096	0.01037795
-725.67656766	0.01214476
-725.64356436	0.01418884
-725.61056106	0.01636344
-725.57755776	0.01875739
-725.54455446	0.02155793
-725.51155116	0.02457658
-725.47854785	0.02806491
-725.44554455	0.03205969
-725.41254125	0.03678176
-725.37953795	0.04207252
-725.34653465	0.04818095
-725.31353135	0.05504579
-725.28052805	0.06256094
-725.24752475	0.07101933
-725.21452145	0.07993215
-725.18151815	0.08962924
-725.14851485	0.09976575
-725.11551155	0.11025898
-725.08250825	0.12105048
-725.04950495	0.13166231
-725.01650165	0.14238781
-724.98349835	0.15277693
-724.95049505	0.16299634
-724.91749175	0.17301850
-724.88448845	0.18308437
-724.85148515	0.19349138
-724.81848185	0.20443505
-724.78547855	0.21665642
-724.75247525	0.23030740
-724.71947195	0.24649226
-724.68646865	0.26526024
-724.65346535	0.28749056
-724.62046205	0.31353512
-724.58745875	0.34386438
-724.55445545	0.37823109
-724.52145215	0.41685969
-724.48844884	0.45860065
-724.45544554	0.50272814
-724.42244224	0.54775792
-724.38943894	0.59182464
-724.35643564	0.63281042
-724.32343234	0.66763371
-724.29042904	0.69376888
-724.25742574	0.70790558
-724.22442244	0.70730543
-724.19141914	0.68945438
-724.15841584	0.65263547
-724.12541254	0.59623720
-724.09240924	0.52082272
-724.05940594	0.42861967
-724.02640264	0.32296014
-723.99339934	0.20860363
-723.96039604	0.09071061
-723.92739274	-0.02555930
-723.89438944	-0.13591485
-723.86138614	-0.23799084
-723.82838284	-0.33171831
-723.79537954	-0.42080708
-723.76237624	-0.51141493
-723.72937294	-0.61310738
-723.69636964	-0.73629906
-723.66336634	-0.89192498
-723.63036304	-1.08895901
-723.59735974	-1.33348770
-723.56435644	-1.62575130
-723.53135314	-1.95828783
-723.49834983	-2.31399946
-723.46534653	-2.66630940
-723.43234323	-2.98021014
-723.39933993	-3.21717658
-723.36633663	-3.33852575
-723.33333333	-3.31350455
-723.30033003	-3.12105915
-723.26732673	-2.75658569
-723.23432343	-2.23754984
-723.20132013	-1.60172156
-723.16831683	-0.90331763
-723.13531353	-0.20303725
-723.10231023	0.44094578
-723.06930693	0.98462585
-723.03630363	1.40342011
-723.00330033	1.69480192
-722.97029703	1.87322393
-722.93729373	1.95999416
-722.90429043	1.97600296
-722.87128713	1.93773329
-722.83828383	1.85677399
-722.80528053	1.74186120
-722.77227723	1.60420665
-722.73927393	1.45651033
-722.70627063	1.31234446
-722.67326733	1.18112025
-722.64026403	1.06599096
-722.60726073	0.96328081
-722.57425743	0.86639698
-722.54125413	0.77067322
-722.50825083	0.67605715
-722.47524752	0.58731291
-722.44224422	0.50992239
-722.40924092	0.44715243
-722.37623762	0.39692010
-722.34323432	0.35463687
-722.31023102	0.31488825
-722.27722772	0.27476123
-722.24422442	0.23343750
-722.21122112	0.19161715
-722.17821782	0.14924844
-722.14521452	0.10609348
-722.11221122	0.06182107
-722.07920792	0.01808051
-722.04620462	-0.02230699
-722.01320132	-0.05604513
-721.98019802	-0.08129168
-721.94719472	-0.09692966
-721.91419142	-0.10342820
-721.88118812	-0.10112913
-721.84818482	-0.08991823
-721.81518152	-0.07053131
-721.78217822	-0.04471946
-721.74917492	-0.01568977
-721.71617162	0.01285686
-721.68316832	0.03693148
-721.65016502	0.05464531
-721.61716172	0.06470514
-721.58415842	0.06709569
-721.55115512	0.06278696
-721.51815182	0.05310749
-721.48514851	0.03998348
-721.45214521	0.02519921
-721.41914191	0.01044832
-721.38613861	-0.00379034
-721.35313531	-0.01630959
-721.32013201	-0.02649233
-721.28712871	-0.03292747
-721.25412541	-0.03468617
-721.22112211	-0.03230005
-721.18811881	-0.02615302
-721.15511551	-0.01817842
-721.12211221	-0.00913686
-721.08910891	-0.00027605
-721.05610561	0.00718640
-721.02310231	0.01172955
-720.99009901	0.01203130
-720.95709571	0.00816523
-720.92409241	0.00130015
-720.89108911	-0.00655177
-720.85808581	-0.01355513
-720.82508251	-0.01960872
-720.79207921	-0.02502350
-720.75907591	-0.03050509
-720.72607261	-0.03631479
-720.69306931	-0.04223595
-720.66006601	-0.04750974
-720.62706271	-0.05175873
-720.59405941	-0.05412980
-720.56105611	-0.05439842
-720.52805281	-0.05255672
-720.49504950	-0.04919256
-720.46204620	-0.04523619
-720.42904290	-0.04117773
-720.39603960	-0.03693007
-720.36303630	-0.03235901
-720.33003300	-0.02800979
-720.29702970	-0.02515011
-720.26402640	-0.02493117
-720.23102310	-0.02716871
-720.19801980	-0.03034173
-720.16501650	-0.03154847
-720.13201320	-0.02915339
-720.09900990	-0.02196240
-720.06600660	-0.01080777
-720.03300330	0.00325026
-720.00000000	0.01855107
-719.96699670	0.03357736
-719.93399340	0.04765412
-719.90099010	0.05953660
-719.86798680	0.06894068
-719.83498350	0.07565503
-719.80198020	0.07900506
-719.76897690	0.07889007
-719.73597360	0.07528664
-719.70297030	0.06820339
-719.66996700	0.05743800
-719.63696370	0.04306697
-719.60396040	0.02509380
-719.57095710	0.00492303
-719.53795380	-0.01596056
-719.50495050	-0.03518947
-719.47194719	-0.05053858
-719.43894389	-0.06063739
-719.40594059	-0.06456641
-719.37293729	-0.06307189
-719.33993399	-0.05679692
-719.30693069	-0.04735652
-719.27392739	-0.03590017
-719.24092409	-0.02400907
-719.20792079	-0.01291032
-719.17491749	-0.00448489
-719.14191419	0.00003660
-719.10891089	-0.00050066
-719.07590759	-0.00555576
-719.04290429	-0.01320747
-719.00990099	-0.02218200
-718.97689769	-0.03047620
-718.94389439	-0.03771757
-718.91089109	-0.04314863
-718.87788779	-0.04620285
-718.84488449	-0.04650338
-718.81188119	-0.04442668
-718.77887789	-0.03948857
-718.74587459	-0.03311947
-718.71287129	-0.02578405
-718.67986799	-0.01894978
-718.64686469	-0.01336034
-718.61386139	-0.00907174
-718.58085809	-0.00608881
-718.54785479	-0.00370958
-718.51485149	-0.00147611
-718.48184818	0.00001394
-718.44884488	0.00117042
-718.41584158	0.00150429
-718.38283828	0.00134561
-718.34983498	0.00082630
-718.31683168	-0.00045263
-718.28382838	-0.00263725
-718.25082508	-0.00629657
-718.21782178	-0.01099984
-718.18481848	-0.01548906
-718.15181518	-0.01827533
-718.11881188	-0.01770577
-718.08580858	-0.01348921
-718.05280528	-0.00664182
-718.01980198	0.00074649
-717.98679868	0.00615209
-717.95379538	0.00758450
-717.92079208	0.00429454
-717.88778878	-0.00356162
-717.85478548	-0.01422546
-717.82178218	-0.02570153
-717.78877888	-0.03632398
-717.75577558	-0.04467515
-717.72277228	-0.05025096
-717.68976898	-0.05283251
-717.65676568	-0.05285344
-717.62376238	-0.05066813
-717.59075908	-0.04705817
-717.55775578	-0.04268429
-717.52475248	-0.03804137
-717.49174917	-0.03377657
-717.45874587	-0.02998260
-717.42574257	-0.02686476
-717.39273927	-0.02445836
-717.35973597	-0.02286457
-717.32673267	-0.02138847
-717.29372937	-0.02086136
-717.26072607	-0.02118384
-717.22772277	-0.02288465
-717.19471947	-0.02638733
-717.16171617	-0.03029967
-717.12871287	-0.03350669
-717.09570957	-0.03365642
-717.06270627	-0.02968127
-717.02970297	-0.02137683
-716.99669967	-0.01037042
-716.96369637	0.00086833
-716.93069307	0.00979246
-716.89768977	0.01514737
-716.86468647	0.01667944
-716.83168317	0.01583673
-716.79867987	0.01373653
-716.76567657	0.01172547
-716.73267327	0.01008121
-716.69966997	0.00832695
-716.66666667	0.00674554
-716.63366337	0.00546211
-716.60066007	0.00483127
-716.56765677	0.00542672
-716.53465347	0.00782676
-716.50165017	0.01157616
-716.46864686	0.01604061
-716.43564356	0.02038013
-716.40264026	0.02373352
-716.36963696	0.02597011
-716.33663366	0.02730894
-716.30363036	0.02860740
-716.27062706	0.03069029
-716.23762376	0.03319886
-716.20462046	0.03611915
-716.17161716	0.03800912
-716.13861386	0.03805768
-716.10561056	0.03510425
-716.07260726	0.02867589
-716.03960396	0.01908531
-716.00660066	0.00728299
-715.97359736	-0.00567829
-715.94059406	-0.01813565
-715.90759076	-0.02865430
-715.87458746	-0.03644584
-715.84158416	-0.04153937
-715.80858086	-0.04404867
-715.77557756	-0.04538647
-715.74257426	-0.04628179
-715.70957096	-0.04786857
-715.67656766	-0.05098857
-715.64356436	-0.05614659
-715.61056106	-0.06326726
-715.57755776	-0.07174413
-715.54455446	-0.08000024
-715.51155116	-0.08593279
-715.47854785	-0.08768513
-715.44554455	-0.08447126
-715.41254125	-0.07624212
-715.37953795	-0.06470434
-715.34653465	-0.05142652
-715.31353135	-0.03797953
-715.28052805	-0.02532519
-715.24752475	-0.01360531
-715.21452145	-0.00252732
-715.18151815	0.00861102
-715.14851485	0.02019743
-715.11551155	0.03174109
-715.08250825	0.04225188
-715.04950495	0.05072369
-715.01650165	0.05614813
-714.98349835	0.05820947
-714.95049505	0.05698879
-714.91749175	0.05285812
-714.88448845	0.04669306
-714.85148515	0.03943224
-714.81848185	0.03245288
-714.78547855	0.02698401
-714.75247525	0.02427229
-714.71947195	0.02478955
-714.68646865	0.02797263
-714.65346535	0.03315731
-714.62046205	0.03881229
-714.58745875	0.04398583
-714.55445545	0.04801180
-714.52145215	0.05097098
-714.48844884	0.05298860
-714.45544554	0.05430377
-714.42244224	0.05492319
-714.38943894	0.05472866
-714.35643564	0.05322492
-714.32343234	0.04993195
-714.29042904	0.04411847
-714.25742574	0.03556253
-714.22442244	0.02423410
-714.19141914	0.01159901
-714.15841584	-0.00022345
-714.12541254	-0.01054794
-714.09240924	-0.01797652
-714.05940594	-0.02250017
-714.02640264	-0.02476666
-713.99339934	-0.02544315
-713.96039604	-0.02562850
-713.92739274	-0.02578985
-713.89438944	-0.02604805
-713.86138614	-0.02697382
-713.82838284	-0.02817386
-713.79537954	-0.02948636
-713.76237624	-0.03044555
-713.72937294	-0.03048172
-713.69636964	-0.02951103
-713.66336634	-0.02768322
-713.63036304	-0.02583965
-713.59735974	-0.02444668
-713.56435644	-0.02392973
-713.53135314	-0.02411799
-713.49834983	-0.02410692
-713.46534653	-0.02371935
-713.43234323	-0.02254195
-713.39933993	-0.02075342
-713.36633663	-0.01854634
-713.33333333	-0.01568516
-713.30033003	-0.01228202
-713.26732673	-0.00824188
-713.23432343	-0.00376844
-713.20132013	0.00014182
-713.16831683	0.00296856
-713.13531353	0.00300778
-713.10231023	0.00034297
-713.06930693	-0.00437261
-713.03630363	-0.01030485
-713.00330033	-0.01556784
-712.97029703	-0.01920459
-712.93729373	-0.02057123
-712.90429043	-0.01922960
-712.87128713	-0.01568902
-712.83828383	-0.01060561
-712.80528053	-0.00492313
-712.77227723	0.00073222
-712.73927393	0.00558356
-712.70627063	0.00870988
-712.67326733	0.01012976
-712.64026403	0.01017185
-712.60726073	0.00906476
-712.57425743	0.00803029
-712.54125413	0.00736062
-712.50825083	0.00733009
-712.47524752	0.00766650
-712.44224422	0.00769530
-712.40924092	0.00709446
-712.37623762	0.00619262
-712.34323432	0.00484749
-712.31023102	0.00361594
-712.27722772	0.00239100
-712.24422442	0.00149417
-712.21122112	0.00087602
-712.17821782	0.00081779
-712.14521452	0.00113124
-712.11221122	0.00152980
-712.07920792	0.00220052
-712.04620462	0.00301255
-712.01320132	0.00403987
-711.98019802	0.00550252
-711.94719472	0.00694729
-711.91419142	0.00773542
-711.88118812	0.00731195
-711.84818482	0.00518619
-711.81518152	0.00135739
-711.78217822	-0.00329795
-711.74917492	-0.00751500
-711.71617162	-0.01072696
-711.68316832	-0.01249940
-711.65016502	-0.01246330
-711.61716172	-0.01108438
-711.58415842	-0.00786669
-711.55115512	-0.00342112
-711.51815182	0.00217960
-711.48514851	0.00832451
-711.45214521	0.01381565
-711.41914191	0.01850172
-711.38613861	0.02158340
-711.35313531	0.02351880
-711.32013201	0.02450167
-711.28712871	0.02480103
-711.25412541	0.02444149
-711.22112211	0.02321184
-711.18811881	0.02043994
-711.15511551	0.01595732
-711.12211221	0.00949716
-711.08910891	0.00183615
-711.05610561	-0.00583704
-711.02310231	-0.01282709
-710.99009901	-0.01777968
-710.95709571	-0.02045348
-710.92409241	-0.02092128
-710.89108911	-0.01908638
-710.85808581	-0.01498885
-710.82508251	-0.00934162
-710.79207921	-0.00235072
-710.75907591	0.00518515
-710.72607261	0.01201814
-710.69306931	0.01741949
-710.66006601	0.02082501
-710.62706271	0.02190382
-710.59405941	0.02148578
-710.56105611	0.02021904
-710.52805281	0.01828714
-710.49504950	0.01652512
-710.46204620	0.01439072
-710.42904290	0.01117914
-710.39603960	0.00673496
-710.36303630	0.00042875
-710.33003300	-0.00700993
-710.29702970	-0.01468707
-710.26402640	-0.02131438
-710.23102310	-0.02532778
-710.19801980	-0.02578594
-710.16501650	-0.02230361
-710.13201320	-0.01652878
-710.09900990	-0.00940229
-710.06600660	-0.00280532
-710.03300330	0.00214983
-710.00000000	0.00501480
-709.96699670	0.00589208
-709.93399340	0.00498184
-709.90099010	0.00280485
-709.86798680	-0.00012423
-709.83498350	-0.00310367
-709.80198020	-0.00537728
-709.76897690	-0.00606067
-709.73597360	-0.00478510
-709.70297030	-0.00113891
-709.66996700	0.00394607
-709.63696370	0.00988022
-709.60396040	0.01572036
-709.57095710	0.02025248
-709.53795380	0.02326422
-709.50495050	0.02469414
-709.47194719	0.02465699
-709.43894389	0.02362849
-709.40594059	0.02174411
-709.37293729	0.01875462
-709.33993399	0.01464127
-709.30693069	0.00924956
-709.27392739	0.00306528
-709.24092409	-0.00326716
-709.20792079	-0.00885446
-709.17491749	-0.01228841
-709.14191419	-0.01331437
-709.10891089	-0.01141580
-709.07590759	-0.00654805
-709.04290429	0.00023562
-709.00990099	0.00796143
-708.97689769	0.01612614
-708.94389439	0.02372015
-708.91089109	0.03028688
-708.87788779	0.03561904
-708.84488449	0.03864653
-708.81188119	0.03853590
-708.77887789	0.03458504
-708.74587459	0.02662460
-708.71287129	0.01576337
-708.67986799	0.00383516
-708.64686469	-0.00740895
-708.61386139	-0.01630374
-708.58085809	-0.02225612
-708.54785479	-0.02596881
-708.51485149	-0.02761591
-708.48184818	-0.02789660
-708.44884488	-0.02680820
-708.41584158	-0.02396012
-708.38283828	-0.01998200
-708.34983498	-0.01531580
-708.31683168	-0.01101065
-708.28382838	-0.00803014
-708.25082508	-0.00669085
-708.21782178	-0.00768361
-708.18481848	-0.01046469
-708.15181518	-0.01467569
-708.11881188	-0.01960191
-708.08580858	-0.02398851
-708.05280528	-0.02699865
-708.01980198	-0.02763042
-707.98679868	-0.02499379
-707.95379538	-0.01900433
-707.92079208	-0.00989545
-707.88778878	0.00154405
-707.85478548	0.01375361
-707.82178218	0.02572367
-707.78877888	0.03553204
-707.75577558	0.04214136
-707.72277228	0.04472807
-707.68976898	0.04244844
-707.65676568	0.03590071
-707.62376238	0.02609523
-707.59075908	0.01429248
-707.55775578	0.00291062
-707.52475248	-0.00708332
-707.49174917	-0.01484223
-707.45874587	-0.02049983
-707.42574257	-0.02458375
-707.39273927	-0.02750964
-707.35973597	-0.02902595
-707.32673267	-0.02837983
-707.29372937	-0.02468865
-707.26072607	-0.01720096
-707.22772277	-0.00568660
-707.19471947	0.00846888
-707.16171617	0.02361714
-707.12871287	0.03745199
-707.09570957	0.04734621
-707.06270627	0.05184491
-707.02970297	0.04964558
-706.99669967	0.04136560
-706.96369637	0.02835705
-706.93069307	0.01258936
-706.89768977	-0.00335314
-706.86468647	-0.01787325
-706.83168317	-0.02922117
-706.79867987	-0.03654926
-706.76567657	-0.03991704
-706.73267327	-0.03893176
-706.69966997	-0.03491393
-706.66666667	-0.02930639
-706.63366337	-0.02311073
-706.60066007	-0.01796526
-706.56765677	-0.01425443
-706.53465347	-0.01196409
-706.50165017	-0.01047715
-706.46864686	-0.00877415
-706.43564356	-0.00671468
-706.40264026	-0.00443646
-706.36963696	-0.00204628
-706.33663366	-0.00033921
-706.30363036	0.00091032
-706.27062706	0.00171326
-706.23762376	0.00237992
-706.20462046	0.00347777
-706.17161716	0.00483906
-706.13861386	0.00669084
-706.10561056	0.00856802
-706.07260726	0.01030399
-706.03960396	0.01188717
-706.00660066	0.01298085
-705.97359736	0.01364109
-705.94059406	0.01381908
-705.90759076	0.01293490
-705.87458746	0.01120621
-705.84158416	0.00850050
-705.80858086	0.00485735
-705.77557756	0.00067156
-705.74257426	-0.00412253
-705.70957096	-0.00947557
-705.67656766	-0.01517440
-705.64356436	-0.02061551
-705.61056106	-0.02523771
-705.57755776	-0.02806049
-705.54455446	-0.02792730
-705.51155116	-0.02463762
-705.47854785	-0.01808862
-705.44554455	-0.00908772
-705.41254125	0.00090884
-705.37953795	0.01090720
-705.34653465	0.01975552
-705.31353135	0.02648241
-705.28052805	0.03083601
-705.24752475	0.03257250
-705.21452145	0.03139036
-705.18151815	0.02736806
-705.14851485	0.02047585
-705.11551155	0.01153151
-705.08250825	0.00154753
-705.04950495	-0.00821089
-705.01650165	-0.01639655
-704.98349835	-0.02245959
-704.95049505	-0.02547890
-704.91749175	-0.02583944
-704.88448845	-0.02348857
-704.85148515	-0.01893591
-704.81848185	-0.01283529
-704.78547855	-0.00603638
-704.75247525	0.00050354
-704.71947195	0.00555420
-704.68646865	0.00847991
-704.65346535	0.00901812
-704.62046205	0.00690904
-704.58745875	0.00284656
-704.55445545	-0.00177123
-704.52145215	-0.00654210
-704.48844884	-0.00999769
-704.45544554	-0.01136456
-704.42244224	-0.01102509
-704.38943894	-0.00896454
-704.35643564	-0.00604604
-704.32343234	-0.00249346
-704.29042904	0.00113093
-704.25742574	0.00475640
-704.22442244	0.00883634
-704.19141914	0.01327568
-704.15841584	0.01741314
-704.12541254	0.02057482
-704.09240924	0.02160720
-704.05940594	0.01954535
-704.02640264	0.01404424
-703.99339934	0.00568863
-703.96039604	-0.00366103
-703.92739274	-0.01248160
-703.89438944	-0.01968382
-703.86138614	-0.02416697
-703.82838284	-0.02614766
-703.79537954	-0.02568830
-703.76237624	-0.02290290
-703.72937294	-0.01767134
-703.69636964	-0.00960936
-703.66336634	0.00095296
-703.63036304	0.01347588
-703.59735974	0.02665715
-703.56435644	0.03887678
-703.53135314	0.04832208
-703.49834983	0.05324231
-703.46534653	0.05290873
-703.43234323	0.04721498
-703.39933993	0.03696737
-703.36633663	0.02387950
-703.33333333	0.00967941
-703.30033003	-0.00393101
-703.26732673	-0.01565449
-703.23432343	-0.02466858
-703.20132013	-0.03036499
-703.16831683	-0.03232384
-703.13531353	-0.03056188
-703.10231023	-0.02557368
-703.06930693	-0.01861976
-703.03630363	-0.01086626
-703.00330033	-0.00372623
-702.97029703	0.00257756
-702.93729373	0.00680429
-702.90429043	0.00941232
-702.87128713	0.01033946
-702.83828383	0.00944041
-702.80528053	0.00706040
-702.77227723	0.00309832
-702.73927393	-0.00217618
-702.70627063	-0.00794921
-702.67326733	-0.01324980
-702.64026403	-0.01682563
-702.60726073	-0.01762000
-702.57425743	-0.01527377
-702.54125413	-0.01042861
-702.50825083	-0.00409102
-702.47524752	0.00225672
-702.44224422	0.00703777
-702.40924092	0.00970777
-702.37623762	0.01013192
-702.34323432	0.00836972
-702.31023102	0.00535569
-702.27722772	0.00170951
-702.24422442	-0.00164519
-702.21122112	-0.00420334
-702.17821782	-0.00551324
-702.14521452	-0.00597614
-702.11221122	-0.00610943
-702.07920792	-0.00647632
-702.04620462	-0.00744515
-702.01320132	-0.00858329
-701.98019802	-0.00969108
-701.94719472	-0.00971941
-701.91419142	-0.00839204
-701.88118812	-0.00552814
-701.84818482	-0.00114967
-701.81518152	0.00403156
-701.78217822	0.00904637
-701.74917492	0.01306174
-701.71617162	0.01514444
-701.68316832	0.01449915
-701.65016502	0.01056663
-701.61716172	0.00405318
-701.58415842	-0.00442153
-701.55115512	-0.01319980
-701.51815182	-0.02014822
-701.48514851	-0.02415220
-701.45214521	-0.02460183
-701.41914191	-0.02185938
-701.38613861	-0.01712344
-701.35313531	-0.01176345
-701.32013201	-0.00670600
-701.28712871	-0.00241887
-701.25412541	0.00105563
-701.22112211	0.00403239
-701.18811881	0.00636626
-701.15511551	0.00788055
-701.12211221	0.00823019
-701.08910891	0.00715585
-701.05610561	0.00473635
-701.02310231	0.00113829
-700.99009901	-0.00311671
-700.95709571	-0.00737274
-700.92409241	-0.01104251
-700.89108911	-0.01366743
-700.85808581	-0.01452065
-700.82508251	-0.01317907
-700.79207921	-0.00994895
-700.75907591	-0.00493408
-700.72607261	0.00093210
-700.69306931	0.00669072
-700.66006601	0.01148565
-700.62706271	0.01455737
-700.59405941	0.01578067
-700.56105611	0.01497521
-700.52805281	0.01246233
-700.49504950	0.00887940
-700.46204620	0.00464969
-700.42904290	0.00051618
-700.39603960	-0.00304907
-700.36303630	-0.00582316
-700.33003300	-0.00786482
-700.29702970	-0.00932683
-700.26402640	-0.00999605
-700.23102310	-0.00976846
-700.19801980	-0.00836626
-700.16501650	-0.00553737
-700.13201320	-0.00128960
-700.09900990	0.00363269
-700.06600660	0.00868890
-700.03300330	0.01359543
-700.00000000	0.01753657
-699.96699670	0.02061898
-699.93399340	0.02246274
-699.90099010	0.02221997
-699.86798680	0.01973555
-699.83498350	0.01475263
-699.80198020	0.00744392
-699.76897690	-0.00119987
-699.73597360	-0.00981576
-699.70297030	-0.01761818
-699.66996700	-0.02355681
-699.63696370	-0.02698536
-699.60396040	-0.02751536
-699.57095710	-0.02492861
-699.53795380	-0.01906636
-699.50495050	-0.01095527
-699.47194719	-0.00169345
-699.43894389	0.00721075
-699.40594059	0.01392351
-699.37293729	0.01726319
-699.33993399	0.01678095
-699.30693069	0.01297768
-699.27392739	0.00693321
-699.24092409	0.00009640
-699.20792079	-0.00654310
-699.17491749	-0.01206031
-699.14191419	-0.01640244
-699.10891089	-0.01951274
-699.07590759	-0.02139331
-699.04290429	-0.02244439
-699.00990099	-0.02260919
-698.97689769	-0.02205634
-698.94389439	-0.02094290
-698.91089109	-0.01850715
-698.87788779	-0.01478833
-698.84488449	-0.00990539
-698.81188119	-0.00424455
-698.77887789	0.00108526
-698.74587459	0.00517911
-698.71287129	0.00691325
-698.67986799	0.00644291
-698.64686469	0.00401211
-698.61386139	0.00032443
-698.58085809	-0.00322236
-698.54785479	-0.00613139
-698.51485149	-0.00709358
-698.48184818	-0.00543044
-698.44884488	-0.00174862
-698.41584158	0.00426266
-698.38283828	0.01109218
-698.34983498	0.01714134
-698.31683168	0.02171066
-698.28382838	0.02369307
-698.25082508	0.02328148
-698.21782178	0.02104860
-698.18481848	0.01743482
-698.15181518	0.01310285
-698.11881188	0.00840666
-698.08580858	0.00321632
-698.05280528	-0.00237575
-698.01980198	-0.00806862
-697.98679868	-0.01332897
-697.95379538	-0.01662747
-697.92079208	-0.01754804
-697.88778878	-0.01502364
-697.85478548	-0.00949020
-697.82178218	-0.00198219
-697.78877888	0.00589751
-697.75577558	0.01257787
-697.72277228	0.01651010
-697.68976898	0.01742265
-697.65676568	0.01518234
-697.62376238	0.01060218
-697.59075908	0.00492979
-697.55775578	-0.00127726
-697.52475248	-0.00683773
-697.49174917	-0.01136736
-697.45874587	-0.01484037
-697.42574257	-0.01696494
-697.39273927	-0.01806238
-697.35973597	-0.01828913
-697.32673267	-0.01745115
-697.29372937	-0.01574562
-697.26072607	-0.01332389
-697.22772277	-0.01016207
-697.19471947	-0.00662079
-697.16171617	-0.00239861
-697.12871287	0.00199847
-697.09570957	0.00662990
-697.06270627	0.01110341
-697.02970297	0.01468182
-696.99669967	0.01691429
-696.96369637	0.01778838
-696.93069307	0.01691578
-696.89768977	0.01480842
-696.86468647	0.01197245
-696.83168317	0.00910161
-696.79867987	0.00614227
-696.76567657	0.00373910
-696.73267327	0.00215147
-696.69966997	0.00132945
-696.66666667	0.00129406
-696.63366337	0.00259190
-696.60066007	0.00487358
-696.56765677	0.00796144
-696.53465347	0.01181855
-696.50165017	0.01516169
-696.46864686	0.01729866
-696.43564356	0.01767613
-696.40264026	0.01579324
-696.36963696	0.01213166
-696.33663366	0.00715817
-696.30363036	0.00157157
-696.27062706	-0.00362115
-696.23762376	-0.00789777
-696.20462046	-0.01047723
-696.17161716	-0.01082081
-696.13861386	-0.00928096
-696.10561056	-0.00592515
-696.07260726	-0.00173385
-696.03960396	0.00272531
-696.00660066	0.00663425
-695.97359736	0.00964458
-695.94059406	0.01194392
-695.90759076	0.01311363
-695.87458746	0.01321887
-695.84158416	0.01248140
-695.80858086	0.01066645
-695.77557756	0.00839792
-695.74257426	0.00602217
-695.70957096	0.00371441
-695.67656766	0.00168183
-695.64356436	-0.00018679
-695.61056106	-0.00227717
-695.57755776	-0.00447107
-695.54455446	-0.00680348
-695.51155116	-0.00894983
-695.47854785	-0.01045962
-695.44554455	-0.01101861
-695.41254125	-0.01058063
-695.37953795	-0.00928425
-695.34653465	-0.00722143
-695.31353135	-0.00483034
-695.28052805	-0.00201843
-695.24752475	0.00135179
-695.21452145	0.00504184
-695.18151815	0.00907768
-695.14851485	0.01271366
-695.11551155	0.01578690
-695.08250825	0.01782332
-695.04950495	0.01879997
-695.01650165	0.01873304
-694.98349835	0.01783581
-694.95049505	0.01614052
-694.91749175	0.01384407
-694.88448845	0.01110713
-694.85148515	0.00771638
-694.81848185	0.00383517
-694.78547855	-0.00015884
-694.75247525	-0.00421105
-694.71947195	-0.00743073
-694.68646865	-0.00930940
-694.65346535	-0.00967709
-694.62046205	-0.00866508
-694.58745875	-0.00671979
-694.55445545	-0.00468050
-694.52145215	-0.00293788
-694.48844884	-0.00171787
-694.45544554	-0.00151752
-694.42244224	-0.00136583
-694.38943894	-0.00111611
-694.35643564	-0.00040773
-694.32343234	0.00123514
-694.29042904	0.00395607
-694.25742574	0.00724607
-694.22442244	0.01095890
-694.19141914	0.01433948
-694.15841584	0.01678782
-694.12541254	0.01747011
-694.09240924	0.01594661
-694.05940594	0.01220171
-694.02640264	0.00648092
-693.99339934	-0.00038581
-693.96039604	-0.00706892
-693.92739274	-0.01257130
-693.89438944	-0.01606895
-693.86138614	-0.01764395
-693.82838284	-0.01758202
-693.79537954	-0.01655320
-693.76237624	-0.01547630
-693.72937294	-0.01458938
-693.69636964	-0.01454665
-693.66336634	-0.01502597
-693.63036304	-0.01592251
-693.59735974	-0.01706959
-693.56435644	-0.01764280
-693.53135314	-0.01717856
-693.49834983	-0.01514911
-693.46534653	-0.01132463
-693.43234323	-0.00620976
-693.39933993	-0.00052081
-693.36633663	0.00479413
-693.33333333	0.00879130
-693.30033003	0.01079098
-693.26732673	0.01059940
-693.23432343	0.00841984
-693.20132013	0.00471257
-693.16831683	0.00031310
-693.13531353	-0.00393358
-693.10231023	-0.00760954
-693.06930693	-0.01005150
-693.03630363	-0.01138687
-693.00330033	-0.01133016
-692.97029703	-0.01033849
-692.93729373	-0.00885756
-692.90429043	-0.00690450
-692.87128713	-0.00502152
-692.83828383	-0.00320531
-692.80528053	-0.00131474
-692.77227723	0.00003820
-692.73927393	0.00066523
-692.70627063	0.00015381
-692.67326733	-0.00165092
-692.64026403	-0.00467226
-692.60726073	-0.00786226
-692.57425743	-0.01045472
-692.54125413	-0.01172161
-692.50825083	-0.01125545
-692.47524752	-0.00921820
-692.44224422	-0.00644410
-692.40924092	-0.00335735
-692.37623762	-0.00093685
-692.34323432	0.00020614
-692.31023102	-0.00012193
-692.27722772	-0.00208314
-692.24422442	-0.00499414
-692.21122112	-0.00816599
-692.17821782	-0.01073986
-692.14521452	-0.01203611
-692.11221122	-0.01179124
-692.07920792	-0.01069240
-692.04620462	-0.00922607
-692.01320132	-0.00822922
-691.98019802	-0.00816759
-691.94719472	-0.00886428
-691.91419142	-0.01022683
-691.88118812	-0.01155639
-691.84818482	-0.01259692
-691.81518152	-0.01287125
-691.78217822	-0.01225477
-691.74917492	-0.01060319
-691.71617162	-0.00791200
-691.68316832	-0.00371032
-691.65016502	0.00177288
-691.61716172	0.00823163
-691.58415842	0.01516454
-691.55115512	0.02180354
-691.51815182	0.02714129
-691.48514851	0.03055077
-691.45214521	0.03146978
-691.41914191	0.02971666
-691.38613861	0.02587602
-691.35313531	0.02046467
-691.32013201	0.01444966
-691.28712871	0.00886501
-691.25412541	0.00421449
-691.22112211	0.00085265
-691.18811881	-0.00105417
-691.15511551	-0.00151333
-691.12211221	-0.00090802
-691.08910891	0.00065571
-691.05610561	0.00285814
-691.02310231	0.00508296
-690.99009901	0.00717420
-690.95709571	0.00876925
-690.92409241	0.01005882
-690.89108911	0.01124559
-690.85808581	0.01259249
-690.82508251	0.01422736
-690.79207921	0.01580942
-690.75907591	0.01705610
-690.72607261	0.01712578
-690.69306931	0.01645361
-690.66006601	0.01493054
-690.62706271	0.01295641
-690.59405941	0.01108959
-690.56105611	0.00923505
-690.52805281	0.00733475
-690.49504950	0.00481015
-690.46204620	0.00159189
-690.42904290	-0.00226668
-690.39603960	-0.00656546
-690.36303630	-0.01031208
-690.33003300	-0.01311102
-690.29702970	-0.01489675
-690.26402640	-0.01490579
-690.23102310	-0.01340273
-690.19801980	-0.01102092
-690.16501650	-0.00791893
-690.13201320	-0.00472785
-690.09900990	-0.00226201
-690.06600660	-0.00127500
-690.03300330	-0.00156622
-690.00000000	-0.00324363
-689.96699670	-0.00573357
-689.93399340	-0.00846531
-689.90099010	-0.01106254
-689.86798680	-0.01311496
-689.83498350	-0.01433080
-689.80198020	-0.01471913
-689.76897690	-0.01437464
-689.73597360	-0.01258859
-689.70297030	-0.00999966
-689.66996700	-0.00667508
-689.63696370	-0.00331744
-689.60396040	-0.00084849
-689.57095710	0.00037539
-689.53795380	-0.00029386
-689.50495050	-0.00260034
-689.47194719	-0.00604389
-689.43894389	-0.00966269
-689.40594059	-0.01287277
-689.37293729	-0.01514158
-689.33993399	-0.01573417
-689.30693069	-0.01488517
-689.27392739	-0.01265236
-689.24092409	-0.00897347
-689.20792079	-0.00440609
-689.17491749	0.00066749
-689.14191419	0.00572009
-689.10891089	0.00981962
-689.07590759	0.01230840
-689.04290429	0.01295235
-689.00990099	0.01188492
-688.97689769	0.00955689
-688.94389439	0.00663205
-688.91089109	0.00431068
-688.87788779	0.00247844
-688.84488449	0.00134139
-688.81188119	0.00065981
-688.77887789	0.00005563
-688.74587459	-0.00075762
-688.71287129	-0.00122831
-688.67986799	-0.00154516
-688.64686469	-0.00127341
-688.61386139	-0.00054086
-688.58085809	0.00036170
-688.54785479	0.00096693
-688.51485149	0.00084100
-688.48184818	0.00009660
-688.44884488	-0.00162639
-688.41584158	-0.00378349
-688.38283828	-0.00593999
-688.34983498	-0.00816090
-688.31683168	-0.01004040
-688.28382838	-0.01183138
-688.25082508	-0.01315541
-688.21782178	-0.01423845
-688.18481848	-0.01490091
-688.15181518	-0.01481846
-688.11881188	-0.01388085
-688.08580858	-0.01193183
-688.05280528	-0.00844275
-688.01980198	-0.00402982
-687.98679868	0.00104084
-687.95379538	0.00613696
-687.92079208	0.01053513
-687.88778878	0.01384756
-687.85478548	0.01563986
-687.82178218	0.01562464
-687.78877888	0.01447140
-687.75577558	0.01218101
-687.72277228	0.00883938
-687.68976898	0.00491727
-687.65676568	0.00080124
-687.62376238	-0.00341700
-687.59075908	-0.00732854
-687.55775578	-0.00993436
-687.52475248	-0.01119018
-687.49174917	-0.01078582
-687.45874587	-0.00880363
-687.42574257	-0.00545107
-687.39273927	-0.00127626
-687.35973597	0.00341980
-687.32673267	0.00801460
-687.29372937	0.01195819
-687.26072607	0.01465205
-687.22772277	0.01559736
-687.19471947	0.01437676
-687.16171617	0.01149061
-687.12871287	0.00736008
-687.09570957	0.00314985
-687.06270627	-0.00053079
-687.02970297	-0.00312875
-686.99669967	-0.00455463
-686.96369637	-0.00509370
-686.93069307	-0.00518556
-686.89768977	-0.00542484
-686.86468647	-0.00580534
-686.83168317	-0.00671248
-686.79867987	-0.00774187
-686.76567657	-0.00871804
-686.73267327	-0.00924825
-686.69966997	-0.00940428
-686.66666667	-0.00899265
-686.63366337	-0.00820760
-686.60066007	-0.00737228
-686.56765677	-0.00693221
-686.53465347	-0.00676556
-686.50165017	-0.00776128
-686.46864686	-0.00918552
-686.43564356	-0.01133171
-686.40264026	-0.01382692
-686.36963696	-0.01576004
-686.33663366	-0.01691357
-686.30363036	-0.01676567
-686.27062706	-0.01551601
-686.23762376	-0.01347256
-686.20462046	-0.01084815
-686.17161716	-0.00843924
-686.13861386	-0.00598032
-686.10561056	-0.00356375
-686.07260726	-0.00113520
-686.03960396	0.00129964
-686.00660066	0.00352803
-685.97359736	0.00511262
-685.94059406	0.00623939
-685.90759076	0.00672291
-685.87458746	0.00656711
-685.84158416	0.00633730
-685.80858086	0.00596028
-685.77557756	0.00566444
-685.74257426	0.00506865
-685.70957096	0.00469918
-685.67656766	0.00474952
-685.64356436	0.00578074
-685.61056106	0.00832188
-685.57755776	0.01259390
-685.54455446	0.01787197
-685.51155116	0.02330258
-685.47854785	0.02784112
-685.44554455	0.03059864
-685.41254125	0.03170917
-685.37953795	0.03129362
-685.34653465	0.03008395
-685.31353135	0.02889856
-685.28052805	0.02809715
-685.24752475	0.02754103
-685.21452145	0.02775510
-685.18151815	0.02849047
-685.14851485	0.02970103
-685.11551155	0.03177321
-685.08250825	0.03411541
-685.04950495	0.03661499
-685.01650165	0.03867134
-684.98349835	0.04014409
-684.95049505	0.04092848
-684.91749175	0.04064812
-684.88448845	0.03941258
-684.85148515	0.03712808
-684.81848185	0.03382624
-684.78547855	0.02959173
-684.75247525	0.02480234
-684.71947195	0.01970723
-684.68646865	0.01474113
-684.65346535	0.01054650
-684.62046205	0.00744622
-684.58745875	0.00553673
-684.55445545	0.00485806
-684.52145215	0.00543710
-684.48844884	0.00668108
-684.45544554	0.00843958
-684.42244224	0.01033784
-684.38943894	0.01173650
-684.35643564	0.01248070
-684.32343234	0.01232360
-684.29042904	0.01075760
-684.25742574	0.00859607
-684.22442244	0.00523348
-684.19141914	0.00163119
-684.15841584	-0.00237683
-684.12541254	-0.00637069
-684.09240924	-0.01006649
-684.05940594	-0.01356212
-684.02640264	-0.01652389
-683.99339934	-0.01851802
-683.96039604	-0.01977182
-683.92739274	-0.01959562
-683.89438944	-0.01811550
-683.86138614	-0.01560282
-683.82838284	-0.01218050
-683.79537954	-0.00846012
-683.76237624	-0.00504483
-683.72937294	-0.00225732
-683.69636964	-0.00077329
-683.66336634	-0.00064936
-683.63036304	-0.00225377
-683.59735974	-0.00570373
-683.56435644	-0.01072965
-683.53135314	-0.01739078
-683.49834983	-0.02451522
-683.46534653	-0.03104450
-683.43234323	-0.03608100
-683.39933993	-0.03871052
-683.36633663	-0.03833697
-683.33333333	-0.03539076
-683.30033003	-0.03028170
-683.26732673	-0.02403299
-683.23432343	-0.01757804
-683.20132013	-0.01239555
-683.16831683	-0.00900167
-683.13531353	-0.00827063
-683.10231023	-0.01014039
-683.06930693	-0.01430789
-683.03630363	-0.01997815
-683.00330033	-0.02596771
-682.97029703	-0.03112240
-682.93729373	-0.03454447
-682.90429043	-0.03572836
-682.87128713	-0.03469343
-682.83828383	-0.03200899
-682.80528053	-0.02843131
-682.77227723	-0.02477713
-682.73927393	-0.02178095
-682.70627063	-0.01984106
-682.67326733	-0.01938826
-682.64026403	-0.02009059
-682.60726073	-0.02190220
-682.57425743	-0.02383112
-682.54125413	-0.02601892
-682.50825083	-0.02739867
-682.47524752	-0.02825731
-682.44224422	-0.02828814
-682.40924092	-0.02751523
-682.37623762	-0.02595741
-682.34323432	-0.02370218
-682.31023102	-0.02067096
-682.27722772	-0.01678406
-682.24422442	-0.01259555
-682.21122112	-0.00871283
-682.17821782	-0.00548214
-682.14521452	-0.00326158
-682.11221122	-0.00189589
-682.07920792	-0.00122021
-682.04620462	-0.00065911
-682.01320132	-0.00001094
-681.98019802	0.00042070
-681.94719472	0.00038441
-681.91419142	-0.00062756
-681.88118812	-0.00290037
-681.84818482	-0.00654620
-681.81518152	-0.01060642
-681.78217822	-0.01486259
-681.74917492	-0.01804230
-681.71617162	-0.02018924
-681.68316832	-0.02047170
-681.65016502	-0.01903764
-681.61716172	-0.01587109
-681.58415842	-0.01123523
-681.55115512	-0.00574216
-681.51815182	-0.00015524
-681.48514851	0.00483327
-681.45214521	0.00810483
-681.41914191	0.00968004
-681.38613861	0.00962161
-681.35313531	0.00858642
-681.32013201	0.00685858
-681.28712871	0.00493831
-681.25412541	0.00301147
-681.22112211	0.00117532
-681.18811881	-0.00088242
-681.15511551	-0.00266131
-681.12211221	-0.00389082
-681.08910891	-0.00434886
-681.05610561	-0.00371199
-681.02310231	-0.00207215
-680.99009901	0.00029707
-680.95709571	0.00288853
-680.92409241	0.00502384
-680.89108911	0.00661524
-680.85808581	0.00732815
-680.82508251	0.00748882
-680.79207921	0.00722295
-680.75907591	0.00677547
-680.72607261	0.00628923
-680.69306931	0.00587823
-680.66006601	0.00565748
-680.62706271	0.00547126
-680.59405941	0.00568059
-680.56105611	0.00589428
-680.52805281	0.00639862
-680.49504950	0.00662653
-680.46204620	0.00700312
-680.42904290	0.00733950
-680.39603960	0.00815511
-680.36303630	0.00941625
-680.33003300	0.01131347
-680.29702970	0.01373105
-680.26402640	0.01586941
-680.23102310	0.01773898
-680.19801980	0.01830236
-680.16501650	0.01769161
-680.13201320	0.01591770
-680.09900990	0.01294385
-680.06600660	0.00947863
-680.03300330	0.00573399
-680.00000000	0.00208100
-679.96699670	-0.00099174
-679.93399340	-0.00368351
-679.90099010	-0.00513730
-679.86798680	-0.00529629
-679.83498350	-0.00387184
-679.80198020	-0.00081659
-679.76897690	0.00350672
-679.73597360	0.00852128
-679.70297030	0.01377611
-679.66996700	0.01880363
-679.63696370	0.02328057
-679.60396040	0.02686286
-679.57095710	0.02936813
-679.53795380	0.03077813
-679.50495050	0.03089450
-679.47194719	0.02941515
-679.43894389	0.02675792
-679.40594059	0.02305928
-679.37293729	0.01855372
-679.33993399	0.01408693
-679.30693069	0.00988479
-679.27392739	0.00660502
-679.24092409	0.00435231
-679.20792079	0.00323998
-679.17491749	0.00327077
-679.14191419	0.00430235
-679.10891089	0.00591687
-679.07590759	0.00809916
-679.04290429	0.01017419
-679.00990099	0.01200674
-678.97689769	0.01336345
-678.94389439	0.01425314
-678.91089109	0.01461469
-678.87788779	0.01500835
-678.84488449	0.01514189
-678.81188119	0.01553674
-678.77887789	0.01591343
-678.74587459	0.01697061
-678.71287129	0.01831167
-678.67986799	0.02024882
-678.64686469	0.02218471
-678.61386139	0.02338963
-678.58085809	0.02379657
-678.54785479	0.02279681
-678.51485149	0.02044090
-678.48184818	0.01710504
-678.44884488	0.01290008
-678.41584158	0.00855960
-678.38283828	0.00407319
-678.34983498	-0.00031882
-678.31683168	-0.00453380
-678.28382838	-0.00853385
-678.25082508	-0.01233563
-678.21782178	-0.01560617
-678.18481848	-0.01848068
-678.15181518	-0.02045706
-678.11881188	-0.02139028
-678.08580858	-0.02113333
-678.05280528	-0.01932033
-678.01980198	-0.01550111
-677.98679868	-0.01056132
-677.95379538	-0.00454118
-677.92079208	0.00167974
-677.88778878	0.00672285
-677.85478548	0.01016396
-677.82178218	0.01109464
-677.78877888	0.00971409
-677.75577558	0.00626610
-677.72277228	0.00131419
-677.68976898	-0.00446582
-677.65676568	-0.01034090
-677.62376238	-0.01543256
-677.59075908	-0.01915155
-677.55775578	-0.02123028
-677.52475248	-0.02156792
-677.49174917	-0.02051034
-677.45874587	-0.01849574
-677.42574257	-0.01592789
-677.39273927	-0.01287972
-677.35973597	-0.00998144
-677.32673267	-0.00673602
-677.29372937	-0.00381513
-677.26072607	-0.00087448
-677.22772277	0.00177808
-677.19471947	0.00372315
-677.16171617	0.00547139
-677.12871287	0.00631317
-677.09570957	0.00663346
-677.06270627	0.00656677
-677.02970297	0.00654084
-676.99669967	0.00664243
-676.96369637	0.00734520
-676.93069307	0.00840833
-676.89768977	0.00953699
-676.86468647	0.01095206
-676.83168317	0.01164276
-676.79867987	0.01179801
-676.76567657	0.01118781
-676.73267327	0.01003681
-676.69966997	0.00829948
-676.66666667	0.00618202
-676.63366337	0.00407337
-676.60066007	0.00174460
-676.56765677	-0.00059326
-676.53465347	-0.00304746
-676.50165017	-0.00555851
-676.46864686	-0.00812008
-676.43564356	-0.01068828
-676.40264026	-0.01309799
-676.36963696	-0.01494289
-676.33663366	-0.01588041
-676.30363036	-0.01531109
-676.27062706	-0.01318464
-676.23762376	-0.00953142
-676.20462046	-0.00485801
-676.17161716	0.00005629
-676.13861386	0.00468694
-676.10561056	0.00876152
-676.07260726	0.01155173
-676.03960396	0.01318103
-676.00660066	0.01347605
-675.97359736	0.01241289
-675.94059406	0.01050875
-675.90759076	0.00763315
-675.87458746	0.00507747
-675.84158416	0.00254534
-675.80858086	0.00098171
-675.77557756	0.00026217
-675.74257426	0.00044102
-675.70957096	0.00081312
-675.67656766	0.00171507
-675.64356436	0.00204048
-675.61056106	0.00254286
-675.57755776	0.00264754
-675.54455446	0.00256748
-675.51155116	0.00249925
-675.47854785	0.00245158
-675.44554455	0.00241343
-675.41254125	0.00268965
-675.37953795	0.00328606
-675.34653465	0.00439289
-675.31353135	0.00622680
-675.28052805	0.00841176
-675.24752475	0.01073552
-675.21452145	0.01273604
-675.18151815	0.01413416
-675.14851485	0.01450035
-675.11551155	0.01420838
-675.08250825	0.01283609
-675.04950495	0.01084603
-675.01650165	0.00872966
-674.98349835	0.00614748
-674.95049505	0.00380207
-674.91749175	0.00128511
-674.88448845	-0.00103365
-674.85148515	-0.00327888
-674.81848185	-0.00547929
-674.78547855	-0.00719042
-674.75247525	-0.00885634
-674.71947195	-0.01004726
-674.68646865	-0.01109773
-674.65346535	-0.01178501
-674.62046205	-0.01225313
-674.58745875	-0.01231506
-674.55445545	-0.01166473
-674.52145215	-0.01019714
-674.48844884	-0.00801290
-674.45544554	-0.00511764
-674.42244224	-0.00195110
-674.38943894	0.00092584
-674.35643564	0.00318286
-674.32343234	0.00445734
-674.29042904	0.00422032
-674.25742574	0.00322578
-674.22442244	0.00084069
-674.19141914	-0.00196576
-674.15841584	-0.00495701
-674.12541254	-0.00774541
-674.09240924	-0.00975804
-674.05940594	-0.01086176
-674.02640264	-0.01079249
-673.99339934	-0.00948178
-673.96039604	-0.00707064
-673.92739274	-0.00359331
-673.89438944	0.00016917
-673.86138614	0.00419992
-673.82838284	0.00772334
-673.79537954	0.01024040
-673.76237624	0.01135277
-673.72937294	0.01120184
-673.69636964	0.00975581
-673.66336634	0.00745651
-673.63036304	0.00519807
-673.59735974	0.00309688
-673.56435644	0.00181386
-673.53135314	0.00125721
-673.49834983	0.00146718
-673.46534653	0.00168109
-673.43234323	0.00210569
-673.39933993	0.00193534
-673.36633663	0.00117078
-673.33333333	-0.00002733
-673.30033003	-0.00185479
-673.26732673	-0.00394085
-673.23432343	-0.00610787
-673.20132013	-0.00827694
-673.16831683	-0.01052088
-673.13531353	-0.01261280
-673.10231023	-0.01450890
-673.06930693	-0.01626949
-673.03630363	-0.01769996
-673.00330033	-0.01883383
-672.97029703	-0.01978947
-672.93729373	-0.02048840
-672.90429043	-0.02140490
-672.87128713	-0.02242836
-672.83828383	-0.02352791
-672.80528053	-0.02460335
-672.77227723	-0.02526201
-672.73927393	-0.02539783
-672.70627063	-0.02462174
-672.67326733	-0.02321742
-672.64026403	-0.02105211
-672.60726073	-0.01857993
-672.57425743	-0.01599670
-672.54125413	-0.01343591
-672.50825083	-0.01125767
-672.47524752	-0.00917669
-672.44224422	-0.00761870
-672.40924092	-0.00604784
-672.37623762	-0.00476077
-672.34323432	-0.00329015
-672.31023102	-0.00145881
-672.27722772	0.00029101
-672.24422442	0.00247109
-672.21122112	0.00457895
-672.17821782	0.00640521
-672.14521452	0.00769662
-672.11221122	0.00849831
-672.07920792	0.00813454
-672.04620462	0.00711231
-672.01320132	0.00522336
-671.98019802	0.00287647
-671.94719472	0.00026930
-671.91419142	-0.00225968
-671.88118812	-0.00462309
-671.84818482	-0.00690744
-671.81518152	-0.00904988
-671.78217822	-0.01119798
-671.74917492	-0.01281038
-671.71617162	-0.01386946
-671.68316832	-0.01406898
-671.65016502	-0.01369356
-671.61716172	-0.01261417
-671.58415842	-0.01120958
-671.55115512	-0.00978596
-671.51815182	-0.00880182
-671.48514851	-0.00813788
-671.45214521	-0.00831179
-671.41914191	-0.00889905
-671.38613861	-0.01004134
-671.35313531	-0.01150228
-671.32013201	-0.01303479
-671.28712871	-0.01441333
-671.25412541	-0.01553135
-671.22112211	-0.01614654
-671.18811881	-0.01612826
-671.15511551	-0.01561546
-671.12211221	-0.01452260
-671.08910891	-0.01320994
-671.05610561	-0.01158163
-671.02310231	-0.00999424
-670.99009901	-0.00860363
-670.95709571	-0.00744778
-670.92409241	-0.00674567
-670.89108911	-0.00623304
-670.85808581	-0.00579535
-670.82508251	-0.00551322
-670.79207921	-0.00505063
-670.75907591	-0.00453098
-670.72607261	-0.00393686
-670.69306931	-0.00324468
-670.66006601	-0.00285893
-670.62706271	-0.00206632
-670.59405941	-0.00077771
-670.56105611	0.00117581
-670.52805281	0.00372233
-670.49504950	0.00699727
-670.46204620	0.01104036
-670.42904290	0.01518741
-670.39603960	0.01953375
-670.36303630	0.02372117
-670.33003300	0.02733567
-670.29702970	0.03016467
-670.26402640	0.03209384
-670.23102310	0.03278451
-670.19801980	0.03223180
-670.16501650	0.03027207
-670.13201320	0.02703466
-670.09900990	0.02298720
-670.06600660	0.01832747
-670.03300330	0.01388406
-670.00000000	0.00978970
-669.96699670	0.00667920
-669.93399340	0.00435797
-669.90099010	0.00272248
-669.86798680	0.00143761
-669.83498350	0.00044732
-669.80198020	-0.00067618
-669.76897690	-0.00182231
-669.73597360	-0.00324234
-669.70297030	-0.00469953
-669.66996700	-0.00632069
-669.63696370	-0.00814196
-669.60396040	-0.00971549
-669.57095710	-0.01115581
-669.53795380	-0.01158533
-669.50495050	-0.01120998
-669.47194719	-0.00941398
-669.43894389	-0.00650242
-669.40594059	-0.00251059
-669.37293729	0.00204891
-669.33993399	0.00665643
-669.30693069	0.01124785
-669.27392739	0.01520128
-669.24092409	0.01844126
-669.20792079	0.02063424
-669.17491749	0.02168919
-669.14191419	0.02164371
-669.10891089	0.02063703
-669.07590759	0.01913936
-669.04290429	0.01693465
-669.00990099	0.01476538
-668.97689769	0.01256300
-668.94389439	0.01057808
-668.91089109	0.00862081
-668.87788779	0.00708529
-668.84488449	0.00559985
-668.81188119	0.00429075
-668.77887789	0.00304325
-668.74587459	0.00199492
-668.71287129	0.00049795
-668.67986799	-0.00081240
-668.64686469	-0.00207359
-668.61386139	-0.00323999
-668.58085809	-0.00430927
-668.54785479	-0.00520127
-668.51485149	-0.00616265
-668.48184818	-0.00732986
-668.44884488	-0.00863337
-668.41584158	-0.01017818
-668.38283828	-0.01169393
-668.34983498	-0.01273569
-668.31683168	-0.01326225
-668.28382838	-0.01301026
-668.25082508	-0.01196727
-668.21782178	-0.01044097
-668.18481848	-0.00816273
-668.15181518	-0.00580174
-668.11881188	-0.00325749
-668.08580858	-0.00099562
-668.05280528	0.00109057
-668.01980198	0.00274848
-667.98679868	0.00412001
-667.95379538	0.00553440
-667.92079208	0.00693843
-667.88778878	0.00873652
-667.85478548	0.01063079
-667.82178218	0.01256804
-667.78877888	0.01419524
-667.75577558	0.01525136
-667.72277228	0.01575841
-667.68976898	0.01562590
-667.65676568	0.01470211
-667.62376238	0.01379285
-667.59075908	0.01250702
-667.55775578	0.01179729
-667.52475248	0.01109688
-667.49174917	0.01108272
-667.45874587	0.01110962
-667.42574257	0.01123894
-667.39273927	0.01109960
-667.35973597	0.01070738
-667.32673267	0.00989030
-667.29372937	0.00881597
-667.26072607	0.00770608
-667.22772277	0.00660252
-667.19471947	0.00562331
-667.16171617	0.00454203
-667.12871287	0.00333374
-667.09570957	0.00212722
-667.06270627	0.00076762
-667.02970297	-0.00078932
-666.99669967	-0.00222435
-666.96369637	-0.00355698
-666.93069307	-0.00484489
-666.89768977	-0.00608642
-666.86468647	-0.00716825
-666.83168317	-0.00827560
-666.79867987	-0.00938426
-666.76567657	-0.01025254
-666.73267327	-0.01092302
-666.69966997	-0.01102702
-666.66666667	-0.01058760
-666.63366337	-0.00940600
-666.60066007	-0.00750099
-666.56765677	-0.00542679
-666.53465347	-0.00327964
-666.50165017	-0.00158696
-666.46864686	-0.00021311
-666.43564356	0.00043081
-666.40264026	0.00069714
-666.36963696	0.00074956
-666.33663366	0.00070518
-666.30363036	0.00087191
-666.27062706	0.00143339
-666.23762376	0.00276512
-666.20462046	0.00460910
-666.17161716	0.00732488
-666.13861386	0.01036192
-666.10561056	0.01354571
-666.07260726	0.01602053
-666.03960396	0.01756098
-666.00660066	0.01772031
-665.97359736	0.01628180
-665.94059406	0.01371285
-665.90759076	0.01001788
-665.87458746	0.00577881
-665.84158416	0.00121019
-665.80858086	-0.00321948
-665.77557756	-0.00700452
-665.74257426	-0.00995183
-665.70957096	-0.01194413
-665.67656766	-0.01317322
-665.64356436	-0.01359464
-665.61056106	-0.01363298
-665.57755776	-0.01325239
-665.54455446	-0.01288247
-665.51155116	-0.01270804
-665.47854785	-0.01252686
-665.44554455	-0.01248779
-665.41254125	-0.01236262
-665.37953795	-0.01225486
-665.34653465	-0.01180583
-665.31353135	-0.01096832
-665.28052805	-0.00950499
-665.24752475	-0.00754259
-665.21452145	-0.00525874
-665.18151815	-0.00293634
-665.14851485	-0.00067618
-665.11551155	0.00121754
-665.08250825	0.00281063
-665.04950495	0.00404439
-665.01650165	0.00476304
-664.98349835	0.00496071
-664.95049505	0.00471376
-664.91749175	0.00380745
-664.88448845	0.00232684
-664.85148515	0.00081552
-664.81848185	-0.00058098
-664.78547855	-0.00172505
-664.75247525	-0.00199940
-664.71947195	-0.00170449
-664.68646865	-0.00084047
-664.65346535	0.00037222
-664.62046205	0.00167984
-664.58745875	0.00281375
-664.55445545	0.00374313
-664.52145215	0.00404351
-664.48844884	0.00375884
-664.45544554	0.00292466
-664.42244224	0.00169105
-664.38943894	-0.00000701
-664.35643564	-0.00152037
-664.32343234	-0.00263163
-664.29042904	-0.00313149
-664.25742574	-0.00300754
-664.22442244	-0.00229404
-664.19141914	-0.00097605
-664.15841584	0.00062240
-664.12541254	0.00250417
-664.09240924	0.00443831
-664.05940594	0.00606936
-664.02640264	0.00737790
-663.99339934	0.00803091
-663.96039604	0.00786253
-663.92739274	0.00713203
-663.89438944	0.00556546
-663.86138614	0.00335797
-663.82838284	0.00066520
-663.79537954	-0.00244718
-663.76237624	-0.00571948
-663.72937294	-0.00856231
-663.69636964	-0.01082216
-663.66336634	-0.01227725
-663.63036304	-0.01321956
-663.59735974	-0.01351187
-663.56435644	-0.01331920
-663.53135314	-0.01264338
-663.49834983	-0.01159741
-663.46534653	-0.00990617
-663.43234323	-0.00777402
-663.39933993	-0.00529967
-663.36633663	-0.00248427
-663.33333333	0.00014740
-663.30033003	0.00236902
-663.26732673	0.00375386
-663.23432343	0.00419565
-663.20132013	0.00350866
-663.16831683	0.00195411
-663.13531353	-0.00035475
-663.10231023	-0.00276579
-663.06930693	-0.00516737
-663.03630363	-0.00712923
-663.00330033	-0.00846867
-662.97029703	-0.00923574
-662.93729373	-0.00958730
-662.90429043	-0.00973861
-662.87128713	-0.00966004
-662.83828383	-0.00933151
-662.80528053	-0.00913861
-662.77227723	-0.00897566
-662.73927393	-0.00892695
-662.70627063	-0.00904839
-662.67326733	-0.00939650
-662.64026403	-0.00954486
-662.60726073	-0.00918667
-662.57425743	-0.00820233
-662.54125413	-0.00609928
-662.50825083	-0.00297780
-662.47524752	0.00125039
-662.44224422	0.00599728
-662.40924092	0.01097390
-662.37623762	0.01553332
-662.34323432	0.01923855
-662.31023102	0.02138214
-662.27722772	0.02170990
-662.24422442	0.02032159
-662.21122112	0.01751847
-662.17821782	0.01361846
-662.14521452	0.00911149
-662.11221122	0.00447230
-662.07920792	-0.00021282
-662.04620462	-0.00455361
-662.01320132	-0.00851485
-661.98019802	-0.01200898
-661.94719472	-0.01479899
-661.91419142	-0.01679290
-661.88118812	-0.01799123
-661.84818482	-0.01833660
-661.81518152	-0.01798177
-661.78217822	-0.01688927
-661.74917492	-0.01525370
-661.71617162	-0.01296571
-661.68316832	-0.01038155
-661.65016502	-0.00766418
-661.61716172	-0.00529491
-661.58415842	-0.00335786
-661.55115512	-0.00194197
-661.51815182	-0.00123512
-661.48514851	-0.00102273
-661.45214521	-0.00126403
-661.41914191	-0.00183639
-661.38613861	-0.00268517
-661.35313531	-0.00343508
-661.32013201	-0.00399692
-661.28712871	-0.00403837
-661.25412541	-0.00348584
-661.22112211	-0.00221989
-661.18811881	-0.00038824
-661.15511551	0.00181096
-661.12211221	0.00409861
-661.08910891	0.00622458
-661.05610561	0.00800651
-661.02310231	0.00923225
-660.99009901	0.00970694
-660.95709571	0.00951498
-660.92409241	0.00883625
-660.89108911	0.00771860
-660.85808581	0.00671374
-660.82508251	0.00576216
-660.79207921	0.00526277
-660.75907591	0.00512589
-660.72607261	0.00545779
-660.69306931	0.00616668
-660.66006601	0.00730836
-660.62706271	0.00875766
-660.59405941	0.01038464
-660.56105611	0.01201318
-660.52805281	0.01317317
-660.49504950	0.01365058
-660.46204620	0.01317047
-660.42904290	0.01162387
-660.39603960	0.00930179
-660.36303630	0.00642866
-660.33003300	0.00299572
-660.29702970	-0.00040608
-660.26402640	-0.00366667
-660.23102310	-0.00653266
-660.19801980	-0.00916567
-660.16501650	-0.01146195
-660.13201320	-0.01326439
-660.09900990	-0.01433202
-660.06600660	-0.01482952
-660.03300330	-0.01432903
-660.00000000	-0.01296584
